0.1580	0.2976	0.1352	0.2673	0.8814	0.9535	0.5746	0.8338	0.6660	0.4473	0.9595	0.2051	0.5063	0.4732	0.8462	0.4080	0.3461	0.9700	0.0747	0.1452
0.1361	0.6486	0.0000	1.0000	0.0000	0.3711	0.8378	0.6025	0.3303	0.6072	0.3053	0.0000	0.1887	1.0000	0.2655	0.7623	1.0000	0.6050	0.1236	1.0000
0.0000	0.5781	0.4854	0.5469	0.5736	0.9113	0.4562	0.3849	0.5260	0.8225	0.5045	0.7126	0.0718	0.9454	0.2825	0.5437	0.2862	1.0000	0.2863	0.2561
0.4029	1.0000	0.8647	0.4963	0.6820	0.6116	0.5532	0.0000	0.5176	0.8241	1.0000	0.7126	0.5133	0.0374	0.7219	0.3581	0.6033	0.7629	0.0000	0.0000
0.3905	0.8813	0.9597	0.4963	0.1785	0.4025	0.0000	0.2397	0.6287	0.5386	0.0173	0.6561	0.6707	0.3224	0.5664	0.9481	0.3876	0.9030	0.0000	0.0000
0.3905	0.6273	0.5980	0.4963	0.5509	0.4957	0.8141	0.6616	1.0000	0.7150	0.5078	0.6561	0.4039	0.7595	0.4965	1.0000	0.3876	0.7218	0.3527	0.4084
0.3905	1.0000	0.4966	0.3923	0.5509	0.5050	0.9989	1.0000	0.0000	0.6023	0.7836	0.6561	0.4039	0.4019	0.4965	0.0000	0.4951	0.0490	0.6017	0.3210
0.3905	0.1208	0.4966	0.3923	0.5509	1.0000	0.5508	0.0922	0.4595	0.0569	0.0000	0.6561	0.4039	0.4019	0.4481	0.7233	0.4951	0.0000	0.6017	0.6611
0.6572	0.3979	0.4966	0.3923	0.5519	0.5563	0.6059	0.2860	0.3981	0.4564	0.4732	0.6561	0.4039	0.5033	0.4481	0.6578	0.6536	0.6007	0.6017	0.7893
0.6572	0.6207	0.4966	0.3923	1.0000	0.5563	0.6574	0.2860	0.3981	0.4900	0.4477	0.6008	0.3487	0.5033	0.3996	0.7113	0.6536	0.3403	0.6017	0.5675
0.6572	0.1884	0.4966	0.3421	0.4446	0.5134	0.1464	0.5982	0.5524	0.8385	0.0476	0.6008	0.6613	0.5033	0.3996	0.5382	0.6536	0.1844	0.6546	0.4906
0.6572	0.2490	0.5002	0.6578	1.0000	1.0000	0.5499	0.4978	0.5524	0.3992	0.1003	0.6008	0.6613	0.5033	0.3996	0.9531	0.6536	0.3962	0.6546	0.5461
0.6572	0.3450	0.3932	0.4938	0.5785	0.0000	0.8424	0.5610	0.5023	0.3992	0.4959	0.6008	0.6613	0.5033	0.3996	0.7182	0.6536	0.3962	0.3882	0.5461
0.6572	0.3450	0.0000	0.4938	0.3380	0.0349	0.6165	0.5617	0.5023	0.3992	0.3351	0.6008	0.0000	0.5033	0.3996	1.0000	0.6536	0.3962	0.4958	0.5111
0.6572	0.2877	0.2818	0.6595	0.3380	0.9702	0.3433	0.2229	0.5023	0.8482	0.5734	0.6008	0.6646	0.5033	0.3996	0.2893	0.5051	0.3962	0.5521	0.5111
0.6572	0.3595	0.2567	0.4475	0.3380	0.3951	0.8850	0.4792	0.3922	0.0824	0.9635	0.6008	0.9652	0.5033	0.3996	0.0000	0.5051	0.6150	0.5521	0.3408
0.6572	0.4487	0.3413	1.0000	0.5510	0.2853	0.1210	0.6102	0.3922	0.4061	0.5847	0.6008	0.6041	0.5033	0.3996	0.4523	0.5051	1.0000	0.5521	0.3408
0.6572	0.4487	0.9251	0.5608	0.6103	0.5986	0.0000	0.6102	0.3922	0.6509	0.5601	0.6008	0.6041	0.5033	0.3996	0.0000	0.5051	0.0471	0.6060	0.3408
0.6572	0.4487	0.5606	0.5608	0.6103	0.5986	0.0549	0.4975	0.3922	0.5500	0.5601	0.6008	0.3418	0.5033	0.3996	0.5498	0.5051	0.6863	0.6060	0.5488
0.6572	0.5395	0.5057	0.5608	0.5048	0.5986	0.6037	0.4975	1.0000	0.6069	0.5601	0.6008	0.4435	0.5033	0.4524	0.7023	0.5051	0.6153	0.6060	0.5488
0.6572	0.0604	0.0000	0.5608	0.5048	0.5568	0.6037	0.4975	0.7228	0.6069	0.5601	0.6008	0.4435	0.5033	0.4524	0.7023	0.5051	0.3944	0.6060	0.5488
0.6572	0.2267	0.8395	0.3921	0.5550	0.5568	0.6037	0.4975	0.5346	0.5546	0.6642	0.6008	0.4435	0.5033	0.4524	0.7157	0.5051	0.6552	0.6060	0.5488
0.6572	0.1748	0.6827	0.3921	0.5550	0.5568	0.6037	0.4975	0.5723	0.2364	0.6642	0.4442	0.4435	0.5033	0.4444	0.5048	0.5051	0.6552	0.6060	0.5488
0.6572	0.5483	1.0000	0.3921	0.5550	0.5568	0.6037	0.4975	0.2822	0.2889	0.6025	0.4442	0.4986	0.5033	0.3294	0.5481	0.5051	0.6111	0.6060	0.5488
0.6572	0.5483	1.0000	0.4523	0.5550	0.5568	0.4423	0.6542	0.8634	0.4066	0.6088	0.4442	0.2980	0.5033	0.3294	0.5481	0.5051	0.4447	0.6060	0.6597
0.6572	0.4501	0.4983	0.4523	0.5550	0.5568	0.5042	0.4997	1.0000	0.6593	0.6549	0.4442	0.2330	0.5033	0.3538	0.5481	0.5051	0.6070	0.6060	0.6597
0.6572	0.4501	0.4983	0.3976	0.5550	0.5568	0.5042	0.4997	0.6636	0.6593	0.6549	0.4442	0.0175	0.5033	0.3538	0.4914	0.5051	0.6070	0.7036	0.6597
0.6572	0.6663	0.4983	0.3976	0.5550	0.5568	0.6050	0.4997	0.6636	0.6593	0.6549	0.4442	0.3820	0.5033	0.4993	0.3463	0.5051	0.6070	0.0568	0.6597
0.6572	0.6062	0.4983	0.3523	0.5550	0.5568	0.5103	0.4997	0.6636	0.9340	0.6549	0.4442	0.6090	0.5033	0.6019	0.0000	0.6587	0.6070	0.0000	0.6597
0.6572	0.3392	0.4983	0.3485	0.5550	0.5568	0.5103	0.4997	0.6636	0.3638	0.6549	0.4442	0.6090	0.5033	0.6019	1.0000	0.6587	0.6070	0.1823	0.6597
0.6572	0.3392	0.4983	0.5015	0.5550	0.5568	0.5103	0.4997	0.6636	0.5139	0.6549	0.4442	0.4392	0.5033	0.6019	0.0000	0.6587	0.6070	0.7185	0.4490
0.6572	0.6043	0.4983	0.5015	0.5550	0.5568	0.5103	0.4997	0.5471	0.0130	0.6549	0.4442	0.3945	0.5033	0.3920	1.0000	0.6587	0.6070	0.3137	0.4490
0.6572	0.6043	0.4983	0.5015	0.5550	0.5568	0.5058	0.4997	0.5471	0.0000	0.6549	0.4442	0.3945	0.5033	0.3969	0.3389	0.6587	0.6070	0.6047	0.4490
0.6572	0.8057	0.4983	0.6612	0.5550	0.5568	0.3968	0.4997	0.5471	1.0000	0.6549	0.4442	0.3945	0.5033	0.3969	0.3389	0.6587	0.6070	0.6047	0.4490
0.6572	0.8173	0.4983	0.6612	0.5074	0.3968	0.3968	0.4997	0.5471	0.6245	0.6549	0.4442	0.3945	0.5033	0.3969	0.3907	0.6587	0.6070	0.6567	0.4490
0.6572	0.6664	0.4434	0.4492	0.5074	0.3968	0.3968	0.4997	0.5471	0.9167	0.5532	0.4442	0.3945	0.5033	0.3969	0.3907	0.6587	0.4422	0.6567	0.4490
0.6572	0.7223	0.4434	0.4492	0.5009	0.3968	0.3968	0.5038	0.5471	0.6168	0.5532	0.4442	0.3945	0.5033	0.3969	0.3907	0.6587	0.4422	0.6567	0.4490
0.6572	0.8195	0.4434	0.4492	0.5009	0.3968	0.3968	0.5038	0.5471	0.2817	0.5532	0.4442	0.3945	0.5033	0.3969	0.3907	0.6587	0.4422	0.3957	0.4490
0.6572	0.5497	0.4434	0.4492	0.5009	0.3968	0.3968	0.5038	0.5471	0.5504	0.5532	0.4442	0.3945	0.5033	0.3969	0.3907	0.6587	0.4422	0.4969	0.4490
0.5079	0.3843	0.4434	0.4525	0.5009	0.3968	0.3968	0.5038	0.5471	0.5504	0.5532	0.4442	0.3943	0.5033	0.3969	0.3907	0.6587	0.4422	0.4969	0.4490
0.4492	0.5017	0.4434	0.4525	0.5009	0.3968	0.3968	0.5038	0.4958	0.4423	0.5532	0.4442	0.3943	0.5033	0.3969	0.4454	0.6587	0.4422	0.4969	0.4490
0.4492	0.2339	0.4434	0.4525	0.5009	0.3968	0.3968	0.5038	0.4958	0.6627	0.5532	0.4442	0.3943	0.5033	0.5549	0.4454	0.6587	0.4422	0.4969	0.4490
0.4492	0.2339	0.4434	0.4525	0.5009	0.3968	0.3968	0.5038	0.4958	0.3394	0.5532	0.4442	0.3943	0.5033	0.5549	0.4454	0.6587	0.4422	0.3426	0.4490
0.4492	0.5613	0.4434	0.4525	0.5009	0.3968	0.3968	0.4485	0.4987	0.3394	0.5532	0.4442	0.3943	0.5033	0.5549	0.4454	0.6587	0.4422	0.4433	0.4490
0.4492	0.3415	0.4434	0.4958	0.5009	0.3968	0.3968	0.4485	0.4987	0.5074	0.5532	0.4442	0.3943	0.5033	0.5549	0.4454	0.6587	0.3952	0.4433	0.4490
0.4492	0.6072	0.4434	0.3334	0.5009	0.3968	0.3968	0.4485	0.4987	0.5074	0.5532	0.4442	0.3943	0.5033	0.5549	0.4454	0.6587	0.3952	0.4433	0.4490
0.4492	0.6072	0.4434	0.4479	0.5009	0.3968	0.3968	0.4485	0.4987	0.5074	0.5532	0.4442	0.3943	0.5033	0.5549	0.4454	0.6587	0.3952	0.4433	0.4490
0.4492	0.6072	0.4434	0.4479	0.5009	0.3968	0.3968	0.5553	0.4987	0.3911	0.5532	0.4442	0.3943	0.5033	0.5549	0.4454	0.6587	0.3952	0.4433	0.4490
0.4492	0.5464	0.4434	0.4479	0.5009	0.3968	0.3968	0.5553	0.4987	0.3911	0.5532	0.4442	0.3943	0.5033	0.5549	0.4454	0.6014	0.3952	0.4433	0.4490
0.4497	0.3935	0.4434	0.4479	0.5009	0.3968	0.3968	0.6079	0.4951	0.3911	0.5532	0.4442	0.3943	0.5033	0.5549	0.4454	0.6014	0.3952	0.4433	0.4490
0.4497	0.3935	0.4434	0.4479	0.5009	0.3968	0.3968	0.6079	0.4951	0.5483	0.5532	0.4442	0.3943	0.5033	0.5549	0.4454	0.6014	0.3952	0.4433	0.4490
0.4497	0.3935	0.4434	0.4479	0.5009	0.3968	0.3968	0.6079	0.4951	0.5483	0.5532	0.4442	0.4465	0.5033	0.5549	0.4454	0.6014	0.3952	0.4433	0.4490
0.4497	0.3935	0.4434	0.4479	0.5009	0.3968	0.3968	0.6079	0.4951	0.5483	0.4976	0.4442	0.4465	0.5033	0.5549	0.4503	0.6014	0.3952	0.4433	0.4490
0.4497	0.3935	0.4434	0.4479	0.5009	0.3968	0.3968	0.6079	0.4951	0.5483	0.4933	0.4442	0.4465	0.5033	0.5549	0.4503	0.6014	0.3952	0.4433	0.4490
0.4497	0.3935	0.4434	0.4479	0.5009	0.3968	0.3968	0.6079	0.4951	0.5483	0.4933	0.5017	0.4465	0.5033	0.5549	0.4503	0.6014	0.3952	0.4433	0.4490
0.4497	0.3935	0.4434	0.4479	0.5009	0.3968	0.3968	0.6079	0.4951	0.5483	0.7067	0.5017	0.4465	0.5033	0.5549	0.4503	0.6014	0.3952	0.4433	0.4490
0.4497	0.3935	0.4434	0.4479	0.5009	0.3968	0.3968	0.5538	0.4951	0.5483	0.7067	0.5017	0.4465	0.5033	0.5549	0.4503	0.6014	0.3952	0.4433	0.4490
0.4497	0.3935	0.4434	0.4479	0.5009	0.3968	0.3968	0.5538	0.4951	0.5483	0.7067	0.5017	0.4465	0.5033	0.5549	0.4503	0.4461	0.3952	0.4433	0.4490
0.4497	0.3935	0.4434	0.4479	0.5009	0.3968	0.3968	0.5538	0.4951	0.5483	0.7067	0.5017	0.4465	0.5033	0.5549	0.4503	0.4461	0.3952	0.4433	0.4490
0.4497	0.3935	0.4434	0.4479	0.5009	0.3968	0.3968	0.5538	0.4951	0.5483	0.7067	0.5017	0.4465	0.5033	0.5549	0.4503	0.4461	0.3952	0.4433	0.4490
0.4497	0.3935	0.4434	0.4479	0.5009	0.3968	0.3968	0.5538	0.4951	0.5483	0.7067	0.5017	0.4465	0.5033	0.5549	0.4503	0.4461	0.3952	0.4433	0.4490
0.4497	0.3935	0.4434	0.4479	0.5009	0.3968	0.3968	0.5538	0.4951	0.5483	0.7067	0.5017	0.4465	0.5033	0.5549	0.4503	0.4461	0.3952	0.4433	0.4490
0.4497	0.3935	0.6001	0.4479	0.5009	0.4534	0.3968	0.5538	0.4951	0.5483	0.7067	0.5017	0.4465	0.5033	0.5549	0.4503	0.4461	0.3952	0.4964	0.4490
0.4497	0.3935	0.6001	0.4479	0.5009	0.4534	0.3968	0.5538	0.4951	0.5483	0.6144	0.5017	0.4465	0.5033	0.5549	0.4503	0.4461	0.3952	0.4964	0.4490
0.4497	0.3935	0.6001	0.4479	0.5009	0.4534	0.3968	0.5538	0.4951	0.5483	0.5514	0.5017	0.4465	0.5033	0.5549	0.4503	0.5548	0.4535	0.4964	0.4490
0.4497	0.3935	0.3984	0.4479	0.5009	0.4534	0.3968	0.5538	0.4951	0.5483	0.5514	0.5017	0.4465	0.5033	0.5549	0.4503	0.5548	0.4535	0.4964	0.4490
0.4497	0.3935	0.4045	0.4479	0.5009	0.4534	0.3968	0.5538	0.4951	0.5483	0.5514	0.5017	0.4465	0.5033	0.5549	0.4503	0.5548	0.4535	0.4964	0.4490
0.4497	0.3935	0.4045	0.4479	0.5009	0.4534	0.3968	0.5538	0.4951	0.5483	0.5514	0.5017	0.4465	0.5033	0.5549	0.4503	0.5548	0.4535	0.4964	0.4490
0.4497	0.4992	0.4045	0.4479	0.5009	0.4534	0.3968	0.5538	0.4951	0.5483	0.5510	0.5017	0.4465	0.5033	0.4434	0.4503	0.5548	0.4535	0.4964	0.4490
0.4497	0.4992	0.4045	0.4479	0.5009	0.4534	0.3968	0.5538	0.4951	0.5483	0.5510	0.5017	0.4465	0.5033	0.4434	0.4503	0.5548	0.4535	0.4964	0.4490
0.4497	0.4992	0.5431	0.4479	0.5009	0.4534	0.3968	0.5538	0.4951	0.5483	0.5510	0.5017	0.4465	0.5022	0.4434	0.4503	0.5548	0.4535	0.4964	0.4490
0.4497	0.4992	0.5431	0.4479	0.5009	0.4534	0.3968	0.5538	0.4951	0.5483	0.5510	0.5017	0.4465	0.5022	0.4434	0.4503	0.5548	0.4535	0.4964	0.4490
0.4497	0.4992	0.4461	0.4479	0.5009	0.4534	0.3968	0.5538	0.4951	0.5483	0.5510	0.5017	0.4465	0.5022	0.4434	0.4503	0.5548	0.4535	0.4964	0.4490
0.4497	0.4992	0.4461	0.4479	0.5009	0.4534	0.6054	0.5538	0.4951	0.5483	0.5510	0.5017	0.4465	0.5022	0.4434	0.4503	0.5548	0.4531	0.4964	0.4490
0.4497	0.4992	0.6520	0.4479	0.5009	0.4534	0.6054	0.5538	0.4951	0.5483	0.5510	0.5017	0.4465	0.5022	0.4434	0.4503	0.5548	0.4458	0.4964	0.4490
0.4497	0.4992	0.6520	0.4479	0.5009	0.4534	0.6054	0.4509	0.4951	0.5483	0.5510	0.5017	0.4465	0.5022	0.4434	0.4503	0.5548	0.4458	0.4964	0.4490
0.4497	0.4992	0.3436	0.4479	0.5009	0.4534	0.6054	0.4509	0.4951	0.5483	0.5510	0.5017	0.4465	0.5022	0.4434	0.4503	0.5548	0.4458	0.4964	0.4490
0.4497	0.4992	0.3436	0.4479	0.5009	0.4534	0.6054	0.4509	0.4951	0.5483	0.5510	0.5017	0.4465	0.5022	0.4434	0.4503	0.5548	0.4458	0.4964	0.4490
0.4497	0.4992	0.3436	0.4479	0.5009	0.4534	0.6054	0.4509	0.4951	0.5483	0.5510	0.5017	0.4465	0.5022	0.4434	0.4503	0.5548	0.4458	0.4964	0.4490
0.4497	0.4992	0.6608	0.4479	0.5009	0.4534	0.6054	0.4509	0.4951	0.5483	0.5510	0.5017	0.4465	0.5022	0.4434	0.4503	0.5548	0.4458	0.4964	0.4490
0.4497	0.4966	0.6608	0.4479	0.5009	0.4534	0.6054	0.4509	0.4951	0.5483	0.5510	0.5017	0.4465	0.5022	0.4434	0.4503	0.5548	0.4458	0.4964	0.4490
0.4497	0.4966	0.6608	0.4479	0.5009	0.4534	0.6054	0.4509	0.4951	0.5483	0.5510	0.5017	0.4465	0.5022	0.4434	0.4503	0.5548	0.4458	0.4964	0.4490
0.4497	0.4966	0.6608	0.4479	0.5009	0.4534	0.6054	0.4509	0.4951	0.5483	0.5510	0.5017	0.4465	0.5022	0.4434	0.4503	0.5548	0.6066	0.4964	0.4490
0.4497	0.4966	0.6608	0.4479	0.5009	0.4534	0.6054	0.4509	0.4951	0.5483	0.5510	0.5017	0.4465	0.5022	0.4434	0.4503	0.5548	0.6066	0.4964	0.4490
0.4497	0.4966	0.6608	0.4479	0.5009	0.4534	0.6054	0.4509	0.4951	0.4499	0.5510	0.5017	0.4465	0.5022	0.4434	0.4503	0.5548	0.6066	0.4964	0.4490
0.4497	0.4966	0.6608	0.4479	0.5009	0.4534	0.6054	0.4509	0.4951	0.4499	0.5510	0.5017	0.4465	0.5022	0.4434	0.4503	0.5548	0.6066	0.4964	0.4490
0.4497	0.4966	0.6608	0.4479	0.5009	0.5533	0.6054	0.4509	0.4951	0.4499	0.5510	0.5017	0.4465	0.5022	0.4434	0.4503	0.5548	0.6066	0.4964	0.5542
0.4497	0.4966	0.4518	0.4479	0.5009	0.5533	0.6054	0.4509	0.4951	0.4499	0.5510	0.5017	0.4465	0.5022	0.4434	0.4503	0.5004	0.6066	0.4964	0.5542
0.4497	0.4966	0.4518	0.4479	0.5009	0.5533	0.6054	0.4509	0.4951	0.4499	0.5510	0.5017	0.4465	0.5022	0.4434	0.4503	0.5004	0.6066	0.4964	0.5542
0.4497	0.5516	0.5565	0.4479	0.5009	0.5533	0.6054	0.4509	0.4951	0.4499	0.5510	0.5017	0.4465	0.5022	0.4434	0.4503	0.5004	0.6066	0.4964	0.5542
0.4497	0.5516	0.5565	0.5486	0.5009	0.5533	0.6054	0.4509	0.4951	0.4499	0.5510	0.5017	0.4465	0.5022	0.4434	0.4503	0.5004	0.6066	0.3973	0.5542
0.4497	0.5516	0.5565	0.5486	0.5009	0.5533	0.6054	0.4509	0.4951	0.4499	0.5510	0.5017	0.4465	0.5022	0.4434	0.4503	0.5004	0.6066	0.3973	0.5542
0.4497	0.5516	0.5565	0.5486	0.5009	0.5533	0.6054	0.4509	0.4951	0.4499	0.5510	0.5017	0.4465	0.5022	0.4985	0.4503	0.5004	0.6066	0.3973	0.5542
0.4497	0.5516	0.5565	0.5486	0.5009	0.5533	0.6054	0.4509	0.4951	0.4499	0.5510	0.5017	0.4465	0.5022	0.4985	0.4503	0.5004	0.6066	0.3973	0.5542
0.4497	0.5516	0.5565	0.5486	0.5009	0.5533	0.6054	0.4509	0.4951	0.4499	0.5510	0.5017	0.4465	0.5022	0.4985	0.4503	0.5004	0.6066	0.3973	0.5542
0.4497	0.5516	0.5565	0.5486	0.5009	0.5533	0.6054	0.4509	0.4951	0.4499	0.5510	0.5017	0.4465	0.5022	0.4985	0.4503	0.5004	0.6066	0.3973	0.5542
0.4497	0.5516	0.5565	0.5486	0.5009	0.5533	0.6054	0.4509	0.5012	0.4499	0.5510	0.5017	0.4465	0.5022	0.4985	0.4503	0.5004	0.6066	0.3973	0.5542
0.4497	0.5516	0.5565	0.5486	0.5009	0.5533	0.6054	0.4509	0.5012	0.4499	0.5510	0.5017	0.4465	0.5022	0.4985	0.4503	0.5004	0.6066	0.3973	0.5542
0.4497	0.5516	0.5565	0.5486	0.5009	0.5533	0.6054	0.4509	0.5012	0.4499	0.5510	0.5017	0.4465	0.5022	0.4985	0.4503	0.5004	0.6066	0.3973	0.5542
0.4497	0.5516	0.5565	0.5486	0.5009	0.5533	0.6054	0.4509	0.5012	0.4499	0.5510	0.5017	0.4465	0.5022	0.4985	0.4503	0.5004	0.6066	0.3973	0.5542
0.4497	0.5516	0.5565	0.5486	0.5009	0.5533	0.6054	0.4509	0.5012	0.4499	0.5510	0.5017	0.4465	0.5022	0.4985	0.4503	0.5004	0.6066	0.3973	0.5542
