0.1688	0.4699	0.2999	0.3558	0.0617	0.3350	0.9487	0.5606	0.7463	0.8973
0.6895	0.0000	0.5135	0.0000	0.5842	0.0303	0.1981	1.0000	0.1878	1.0000
0.4071	0.3179	0.3021	0.2422	0.2435	0.3999	0.0000	0.4038	0.2967	0.5965
0.4071	0.5986	0.3090	0.8061	0.4872	1.0000	0.5095	1.0000	0.6743	1.0000
0.3228	0.1256	0.3090	0.5755	0.0000	0.5307	0.3012	0.6830	0.6392	1.0000
0.3342	1.0000	0.4991	1.0000	0.4256	0.6016	0.6779	0.2666	0.3191	0.6884
0.3342	0.4232	0.4991	0.4277	0.2115	0.6016	0.6779	0.6272	0.3191	0.5121
0.3342	0.3048	0.4991	0.4857	0.2852	0.4529	0.5114	0.8187	0.3191	0.3772
0.3342	0.7990	0.4991	0.0000	0.6756	0.5163	0.5114	0.1715	0.3191	0.0665
0.7693	1.0000	0.6717	0.6000	0.6080	0.2972	0.5111	1.0000	0.3191	1.0000
0.5976	0.5998	0.8582	0.6000	0.2581	0.3246	0.5111	0.6961	0.3191	0.3213
1.0000	0.6046	0.2070	0.9227	0.9797	0.1592	0.5111	0.3226	0.3191	0.5987
0.6953	0.3528	0.4759	0.4162	0.7090	0.3215	0.5111	0.5026	0.3971	0.5987
0.4082	0.6883	0.3627	0.1626	0.0000	0.5882	0.5111	0.5026	0.3971	0.5987
0.4082	0.6883	0.1098	0.0000	0.5278	0.8335	0.5111	0.5824	0.3971	0.5109
0.6759	0.3660	0.5863	0.0000	1.0000	0.5148	0.5111	0.4110	0.4020	0.8212
0.5024	0.5207	0.0944	0.5768	0.5910	0.4962	0.5111	0.4864	0.5051	0.4883
0.5024	0.5747	0.6021	0.6845	0.5783	0.5291	0.5111	0.4864	0.5980	0.4883
0.5024	0.7827	0.6021	0.4093	0.5783	0.0000	0.5111	0.4864	0.5980	0.4883
1.0000	0.4055	0.4279	0.4093	0.5783	0.0000	0.5111	0.4864	0.4972	0.5701
0.0375	0.4055	0.4279	0.4093	0.4107	0.4549	0.5111	0.4864	0.4972	0.5109
0.0000	0.4055	0.4279	0.4093	0.4107	0.4172	0.5111	0.3133	0.5787	0.0000
1.0000	0.4055	0.4279	0.4093	0.4107	0.4172	0.5111	0.7695	0.5787	0.5079
0.5864	0.4055	0.4279	0.4093	0.4107	0.4127	0.5111	0.4049	0.5787	0.5079
0.0043	0.4055	0.4279	0.4093	0.5735	0.4127	0.5111	0.7827	0.5787	0.5079
0.5113	0.4055	0.3192	0.4093	0.5788	0.4127	0.5111	0.7644	0.6901	0.5079
1.0000	0.4196	0.3169	0.4093	0.5788	0.4127	0.5111	0.5236	0.6901	0.5079
0.6243	0.8476	0.3169	0.5894	0.5876	0.4127	0.5111	0.6029	0.6901	0.4249
0.2940	0.2227	0.3169	0.5894	0.2034	0.4127	0.5111	0.4027	0.4032	0.4249
0.4978	0.6065	0.5751	0.5894	0.2364	0.4127	0.5111	0.3234	0.4032	0.2990
0.3134	0.2146	0.5751	0.5894	0.2364	0.4130	0.5053	0.6890	0.4032	0.3175
0.3134	0.5968	0.5751	0.5894	0.6741	0.4130	0.5053	0.6727	0.4032	0.5871
0.3134	0.5968	0.2280	0.5894	0.6741	0.4130	0.5053	0.6806	0.4032	0.5871
0.3134	0.5968	0.2280	0.4053	0.6864	0.4130	0.5855	0.6932	0.4032	0.5871
0.6822	0.5826	0.2156	0.4053	0.5884	0.4130	0.5855	0.4885	0.4032	0.5871
0.6007	0.5826	0.4042	0.4053	0.5884	0.6858	0.5855	0.4885	0.4032	0.4070
0.6007	0.5826	0.4967	0.4053	0.5884	0.6858	0.5855	0.4900	0.4994	0.5956
0.6007	0.5826	0.4967	0.5061	0.5884	0.5020	0.5855	0.4900	0.4994	0.5956
0.6007	0.5826	0.5978	0.5809	0.5884	0.5020	0.5855	0.4900	0.4994	0.5113
0.3196	0.5826	0.5978	0.5809	0.5884	0.5020	0.5855	0.4900	0.4994	0.4231
0.3196	0.5826	0.5978	0.4118	0.5884	0.5020	0.5855	0.4900	0.4994	0.9767
0.3196	0.3132	0.5978	0.4118	0.5884	0.5020	0.5855	0.4900	0.4994	0.6866
0.3196	0.5066	0.5978	0.4118	0.5884	0.5020	0.5855	0.4900	0.4994	0.4235
0.3196	0.2220	0.5978	0.4119	0.5884	0.5020	0.5855	0.4900	0.4994	0.6729
0.3196	0.3191	0.5978	0.4920	0.5884	0.5020	0.5855	0.4900	0.4192	0.6525
0.3196	0.6881	0.5978	0.3956	0.5884	0.5020	0.5855	0.4900	0.4192	0.3280
0.3196	0.6881	0.5978	0.3956	0.5884	0.5020	0.5855	0.4900	0.4192	0.3280
0.5106	0.6881	0.5978	0.5899	0.5884	0.5020	0.5855	0.4900	0.4980	0.5716
0.5948	0.6881	0.5978	0.5980	0.5884	0.5020	0.5855	0.4900	0.4980	0.5826
0.5948	0.6881	0.5975	0.5980	0.5884	0.5020	0.5855	0.4900	0.4980	0.5826
0.5948	0.6881	0.5975	0.5980	0.5884	0.5020	0.5855	0.4900	0.4980	0.5826
0.5948	0.6881	0.5975	0.5980	0.5884	0.5020	0.5855	0.4900	0.4980	0.5036
0.4968	0.6881	0.5975	0.5980	0.5884	0.5020	0.5855	0.4900	0.4980	0.5036
0.4968	0.5021	0.5975	0.5980	0.5884	0.5020	0.5855	0.4900	0.4980	0.5036
0.4968	0.5021	0.5975	0.5980	0.5884	0.5020	0.5855	0.4900	0.4980	0.5036
0.4968	0.5021	0.5975	0.5980	0.5884	0.5020	0.5855	0.4900	0.4980	0.5036
0.4968	0.5021	0.5975	0.5980	0.5884	0.5020	0.5855	0.4900	0.4980	0.5036
0.4968	0.5021	0.5975	0.5980	0.5884	0.5020	0.5855	0.4900	0.4980	0.5036
0.4968	0.5021	0.5975	0.5980	0.5884	0.5020	0.5855	0.4900	0.4980	0.5036
0.4968	0.5021	0.5975	0.5980	0.5884	0.5020	0.5855	0.4902	0.4980	0.5036
0.4968	0.5021	0.5975	0.5980	0.5884	0.5020	0.5855	0.4902	0.4980	0.5036
0.4968	0.5021	0.5975	0.5980	0.5884	0.5020	0.5855	0.4902	0.4980	0.5036
0.4968	0.5021	0.5975	0.5980	0.5884	0.5020	0.5855	0.4902	0.4980	0.5036
0.4968	0.5021	0.5975	0.5980	0.5884	0.5020	0.5855	0.5046	0.4980	0.5036
0.4968	0.5021	0.5975	0.5980	0.5884	0.5020	0.5855	0.5046	0.4980	0.5036
0.4968	0.5021	0.5975	0.5980	0.5884	0.5020	0.5855	0.5863	0.4980	0.5036
0.4968	0.5021	0.5975	0.5980	0.5884	0.5020	0.5855	0.5863	0.4980	0.5036
0.4968	0.5021	0.4055	0.5980	0.5884	0.5020	0.5855	0.5863	0.4980	0.5036
0.4968	0.5021	0.4055	0.5980	0.5884	0.5020	0.5855	0.5863	0.4980	0.5036
0.4968	0.5021	0.4055	0.5980	0.5884	0.5020	0.5855	0.5863	0.4980	0.5036
0.4968	0.5021	0.4055	0.5980	0.5884	0.5020	0.5855	0.5863	0.4980	0.5036
0.4968	0.5021	0.4055	0.5980	0.5884	0.5020	0.5855	0.5863	0.4980	0.5036
0.4968	0.5021	0.4055	0.5980	0.5884	0.5020	0.5855	0.5863	0.4980	0.4085
0.4968	0.5909	0.4181	0.5980	0.5884	0.5020	0.5855	0.5863	0.4980	0.4085
0.4968	0.5909	0.4181	0.5980	0.5884	0.5020	0.5855	0.5863	0.4980	0.4085
0.4968	0.5909	0.4181	0.5980	0.5884	0.5020	0.5855	0.5863	0.4980	0.4085
0.4968	0.5909	0.4011	0.4979	0.5884	0.5020	0.5855	0.5863	0.4980	0.4085
0.4968	0.5909	0.4011	0.4979	0.5080	0.5020	0.5855	0.5863	0.4980	0.4085
0.4968	0.5909	0.4011	0.4979	0.5080	0.5020	0.5855	0.5863	0.4980	0.4085
0.4968	0.5909	0.4011	0.4979	0.5080	0.5020	0.5855	0.5863	0.4980	0.4085
0.4968	0.5909	0.4022	0.4979	0.5080	0.5020	0.5855	0.5863	0.4980	0.4085
0.4968	0.4932	0.4022	0.4979	0.5080	0.5020	0.5855	0.5863	0.4980	0.4085
0.4968	0.4932	0.4022	0.4979	0.5080	0.5020	0.5855	0.5863	0.4980	0.4085
0.4968	0.4932	0.4927	0.4979	0.5080	0.5020	0.5855	0.5863	0.4980	0.4085
0.4968	0.4932	0.4927	0.4121	0.5080	0.5020	0.5855	0.5863	0.4980	0.4085
0.4968	0.4932	0.4927	0.4121	0.5080	0.5020	0.5855	0.5863	0.4980	0.4085
0.4968	0.4932	0.4927	0.4121	0.5080	0.5020	0.5855	0.5863	0.4980	0.4085
0.4968	0.4932	0.4927	0.4121	0.5080	0.5020	0.5855	0.5863	0.4980	0.4085
0.4968	0.4932	0.4927	0.4121	0.5080	0.5020	0.5855	0.5863	0.4980	0.4085
0.4968	0.4932	0.4927	0.4121	0.5080	0.5020	0.5855	0.5863	0.4980	0.4085
0.4968	0.4932	0.4927	0.4121	0.5080	0.5020	0.5855	0.5863	0.4980	0.4085
0.4968	0.4932	0.4927	0.4121	0.5080	0.5020	0.5855	0.5863	0.4980	0.4085
0.4968	0.4932	0.4927	0.4121	0.5080	0.5020	0.5855	0.5863	0.4980	0.4085
0.4968	0.4932	0.4927	0.5071	0.5080	0.5020	0.5855	0.5863	0.4980	0.4085
0.4968	0.4932	0.4927	0.5071	0.5080	0.5020	0.5855	0.5863	0.4980	0.4085
0.4968	0.4932	0.4927	0.5071	0.5080	0.5020	0.5855	0.5863	0.4980	0.4085
0.4968	0.4932	0.4927	0.5071	0.5080	0.5020	0.5855	0.5863	0.4980	0.4085
0.4968	0.4932	0.4927	0.5071	0.5080	0.5020	0.5855	0.5863	0.4980	0.4085
0.4968	0.4932	0.4927	0.5071	0.5080	0.5020	0.5855	0.5863	0.4980	0.4085
0.4968	0.4932	0.4927	0.5071	0.5080	0.5020	0.5855	0.5863	0.4980	0.4085
0.4968	0.5001	0.4927	0.5071	0.5080	0.5020	0.5855	0.5863	0.4980	0.4041
