0.7245	0.1969	0.6899	0.5603	0.3940	0.3846	0.5767	0.3903	0.1326	0.4701	0.8686	0.3559	0.3910	0.1813	0.2927	0.9596	0.7427	0.1478	0.7715	0.0971
0.5752	0.6749	0.6354	0.5329	0.0000	0.8461	0.6112	0.6819	0.0000	0.6964	0.6735	0.2531	0.7510	0.8847	0.4668	0.5158	0.1448	0.3386	0.3579	0.5027
0.9456	0.1601	0.4753	0.9260	0.7791	0.0000	0.7041	0.6320	0.6491	0.2216	0.6605	0.0000	0.7620	0.5064	0.5413	0.7978	0.0000	0.0000	0.6328	0.3201
0.6852	0.0504	0.8481	0.6081	0.6637	0.1376	0.6545	0.0590	0.3604	0.4627	0.6605	0.4697	0.5105	0.5064	1.0000	0.1451	0.5659	0.0000	0.3576	0.6621
0.6274	0.3368	0.0334	0.6490	0.6637	0.5701	0.1319	0.6471	0.0000	0.6337	0.6251	0.0000	0.8039	0.3700	1.0000	0.5218	0.6543	0.8839	0.6916	0.3976
0.0000	0.0000	0.4855	0.6490	0.4854	0.6503	0.0000	0.5523	0.3734	0.3927	0.3910	0.4764	0.2801	0.5344	1.0000	0.6545	0.7663	0.2396	0.7201	0.8354
1.0000	1.0000	0.4855	0.5090	0.4854	0.2003	0.6442	0.3866	1.0000	0.9052	0.3910	0.4764	0.3512	0.0000	0.5351	0.3393	0.3704	0.3418	1.0000	0.3208
0.7926	0.0000	0.3474	0.7706	0.4854	0.5316	0.8128	0.5017	0.6376	0.6236	0.4886	0.4977	0.0000	0.6411	0.6348	0.4025	0.3704	0.1647	0.2365	0.5034
0.0000	0.6410	0.3474	1.0000	0.7617	0.7796	0.8034	0.3564	0.6376	1.0000	0.4901	0.6640	0.3345	0.6411	0.8903	1.0000	0.6909	1.0000	0.3660	0.5034
0.2756	0.6410	0.6570	0.0000	0.6207	0.8243	0.6348	0.4030	0.2382	0.0000	0.4901	0.0000	0.3289	0.3551	0.1403	0.2679	0.3006	1.0000	0.4936	0.2508
1.0000	0.4918	0.3772	0.0000	0.5192	0.2590	0.5605	0.7172	0.5047	0.5221	0.4901	0.6197	0.0000	1.0000	0.3572	0.3642	0.5113	0.1292	0.4705	0.4931
0.7780	0.3461	0.3772	0.4007	0.5192	0.7327	0.4764	0.5171	0.0400	0.7886	0.4901	0.4746	0.4756	0.3259	0.0051	0.5643	0.5170	0.4913	0.2023	0.3683
0.8058	0.3461	0.3772	0.3535	0.5192	0.5307	0.3837	0.6684	0.5272	0.4994	0.4853	0.4983	0.6169	0.3834	0.4417	0.3621	0.5170	0.4891	0.6297	0.3411
0.3748	0.3461	0.3772	0.3535	0.5192	0.4699	0.3438	0.7948	0.5185	0.8020	0.4853	0.4983	0.5053	0.7778	0.4885	0.5160	0.4963	0.4891	0.6297	0.6274
0.4802	0.3461	0.3772	0.3535	0.5192	0.6312	0.4852	1.0000	0.3337	1.0000	0.4853	0.4983	0.4792	0.6276	0.7577	0.5592	0.0000	0.4891	0.0441	0.3660
0.6346	0.3461	0.3772	0.3535	0.5208	0.6312	0.4852	0.3756	0.3745	0.4757	0.4853	0.4983	0.3041	0.6276	0.5258	0.3572	0.5263	0.4891	1.0000	0.3205
0.3653	0.3461	0.3772	0.3535	0.5208	0.6312	0.4852	0.4754	0.3745	0.4952	0.4853	0.4983	0.4282	0.6276	0.3423	0.3514	0.3214	0.4891	0.2114	0.3637
0.6546	0.3461	0.3671	0.3535	0.4803	0.6312	0.4852	1.0000	0.3745	0.4952	0.3664	0.4983	0.5104	0.6276	0.6680	0.6210	0.4775	0.4891	0.3694	0.3637
0.6546	0.3461	0.3671	0.3535	0.4803	0.6312	0.4852	0.6890	0.0000	0.4952	0.3664	0.4983	0.5104	0.6276	0.4636	0.6210	0.3746	0.4891	0.6223	0.3637
0.3763	0.3461	0.3671	0.3535	0.4803	0.6312	0.4852	0.7967	0.8524	0.3567	0.3664	0.4983	0.2964	0.6276	0.6625	0.5046	0.5138	0.4891	0.5300	0.3637
0.5069	0.3461	0.3671	0.3535	0.1930	0.6312	0.4852	0.3376	0.4184	0.4985	0.4835	0.4983	1.0000	0.6276	0.4870	0.5046	0.5138	0.4891	0.5300	0.3637
0.5069	0.3461	0.3671	0.3535	1.0000	0.6312	0.4852	0.5086	0.3975	0.5255	0.4835	0.4983	0.6870	0.3333	0.4870	0.5046	0.6161	0.4891	0.4904	0.3637
0.5069	0.5163	0.4996	0.3535	0.4917	0.6312	0.6390	0.5086	0.4858	0.3602	0.4835	0.4983	0.6093	0.4923	0.4870	0.5046	0.6161	0.4891	0.4904	0.3637
0.5069	0.5163	0.4996	0.3535	0.8752	0.3578	0.6238	0.5086	0.6438	0.5080	0.6376	0.4983	0.1739	0.4923	0.4870	0.5046	0.3575	0.6290	0.4904	0.3637
0.5069	0.5133	0.4996	0.3535	0.5106	0.3578	0.6238	0.5086	0.6184	0.2089	0.6376	0.4983	0.4176	0.4923	0.4870	0.5046	0.6319	0.4952	0.4904	0.3637
0.5069	0.5133	0.4996	0.3535	0.5120	0.3578	0.5192	0.5086	0.6184	0.7667	0.6511	0.4983	0.6514	0.4923	0.4870	0.5139	0.3861	0.4952	0.4904	0.3637
0.5069	0.5133	0.4996	0.3535	1.0000	0.3578	0.5192	0.5086	0.6184	0.6143	0.6511	0.4983	0.4748	0.4923	0.0000	0.5139	0.2007	0.4952	0.4904	0.3637
0.6434	0.5133	0.4996	0.3408	0.5052	0.3578	0.5192	0.5086	0.6184	0.9305	0.6511	0.4983	0.4748	0.6417	0.3561	0.3396	0.4508	0.4952	0.4904	0.3637
0.3447	0.5133	0.4996	0.3408	0.7829	0.3578	0.5192	0.5086	0.6184	0.3835	0.6511	0.4983	0.4748	0.6417	0.3561	0.3520	0.3433	0.4952	0.4904	0.3637
0.5136	0.5133	0.4996	0.3408	0.5260	0.3578	0.5192	0.5086	0.3582	0.3835	0.3610	0.3494	0.4748	0.6417	0.3561	0.3520	0.3448	0.4952	0.4972	0.3637
0.5136	0.5133	0.4996	0.3408	0.6178	0.3578	0.5192	0.5086	0.3582	0.3815	0.3610	0.3494	0.4748	0.6417	0.3561	0.6879	0.7023	0.4952	0.4972	0.3637
0.5136	0.5133	0.4996	0.3408	0.5450	0.3578	0.5192	0.5086	0.3582	0.3815	0.3610	0.4815	0.4748	0.6417	0.3561	0.3572	0.2668	0.4952	0.5127	1.0000
0.5136	0.5133	0.4996	0.3408	0.6196	0.3578	0.5192	0.5086	0.3582	0.6273	0.3610	0.6280	0.5162	0.3515	0.3561	0.3572	1.0000	0.4952	0.5127	0.5098
0.5136	0.5133	0.4996	0.3408	0.3694	0.3578	0.5192	0.5086	0.3582	0.6273	0.3610	0.6280	0.5162	0.3515	0.6616	0.3572	0.5081	0.4952	0.5127	0.3301
0.5136	0.5133	0.4996	0.3408	1.0000	0.3578	0.5192	0.3734	0.3582	0.6273	0.4940	0.3595	0.5162	0.3515	0.4975	0.6644	0.5081	0.4952	0.5127	0.2097
0.5136	0.5133	0.4996	0.3408	1.0000	0.3578	0.5192	0.6411	0.3582	0.3749	0.3291	0.3595	0.5162	0.3515	0.4975	0.6644	0.5081	0.4952	0.5127	1.0000
0.5136	0.5133	0.4996	0.3408	0.9672	0.3578	0.5192	0.4946	0.3607	0.3576	0.5423	0.3595	0.5162	0.3515	0.4975	0.3567	0.5081	0.4952	0.5127	0.6251
0.5136	0.5133	0.4996	0.3408	0.7854	0.3578	0.5192	0.4878	0.3607	0.3576	0.6771	0.3595	0.5162	0.3515	0.4975	0.3567	0.5081	0.4952	0.5127	0.6251
0.5136	0.5133	0.4996	0.3408	0.4899	0.3578	0.5192	0.4878	0.3607	0.3576	0.6771	0.3595	0.5162	0.3515	0.4975	0.3567	0.5081	0.4952	0.5127	0.4801
0.5136	0.5133	0.4996	0.3408	0.5113	0.3578	0.5192	0.4878	0.3607	0.3761	0.4837	0.3595	0.5162	0.3515	0.4975	0.3567	0.5081	0.4952	0.6434	0.3716
0.5136	0.5133	0.4996	0.3408	0.5113	0.3578	0.5192	0.5076	0.3607	0.3761	0.4837	0.3595	0.5162	0.3515	0.4975	0.3567	0.5081	0.5232	0.6434	0.3716
0.5136	0.5133	0.4996	0.3713	0.5113	0.3578	0.5192	0.5076	0.3607	0.3761	0.4837	0.3595	0.5162	0.3515	0.4975	0.6327	0.5081	0.5232	0.6434	0.3716
0.5136	0.5133	0.4996	0.3713	0.5113	0.3578	0.5192	0.5076	0.3607	0.4939	0.4837	0.3595	0.5162	0.3515	0.4975	0.6327	0.5081	0.5232	0.6434	0.3716
0.5136	0.5133	0.4996	0.3713	0.5113	0.3578	0.4895	0.5076	0.3607	0.4939	0.4837	0.3595	0.5162	0.3515	0.4975	0.6327	0.5081	0.6314	0.6434	0.3716
0.5136	0.5133	0.4996	0.3713	0.5113	0.3578	0.4895	0.5076	0.4868	0.4939	0.4837	0.3595	0.5162	0.3515	0.4975	0.4843	0.5081	0.6314	0.6434	0.3716
0.5136	0.5133	0.4996	0.3713	0.5113	0.3578	0.4895	0.5076	0.4868	0.4939	0.4837	0.3595	0.5162	0.5153	0.4975	0.4843	0.5081	0.6314	0.6434	0.3716
0.5136	0.5133	0.4996	0.3713	0.5113	0.3578	0.4895	0.5076	0.4868	0.4939	0.4837	0.3595	0.5162	0.5153	0.4975	0.4843	0.5081	0.6314	0.6434	0.5204
0.5136	0.5133	0.4996	0.3713	0.5113	0.3578	0.4895	0.5076	0.4868	0.4939	0.4837	0.6392	0.5162	0.5153	0.4975	0.6367	0.5081	0.5103	0.6434	0.5204
0.5136	0.5133	0.4996	0.5064	0.5113	0.3578	0.4895	0.5076	0.4868	0.4939	0.4837	0.6352	0.5162	0.5153	0.4975	0.6367	0.5081	0.5103	0.4745	0.5204
0.5136	0.5133	0.4996	0.5064	0.6504	0.3578	0.4971	0.5076	0.5095	0.4939	0.4837	0.6352	0.5162	0.5153	0.4975	0.6367	0.5081	0.5103	0.6398	0.5204
0.5136	0.5133	0.4996	0.5064	0.3557	0.3578	0.4971	0.5076	0.5095	0.4939	0.4837	0.6352	0.4804	0.5153	0.4975	0.6367	0.5081	0.5103	0.6398	0.5204
0.5136	0.5133	0.4996	0.5064	0.3557	0.3578	0.4971	0.5120	0.5095	0.4939	0.4837	0.6352	0.5127	0.5153	0.4975	0.6367	0.5081	0.5103	0.4831	0.5204
0.5136	0.5133	0.4996	0.5064	0.3557	0.3578	0.4971	0.5120	0.4863	0.4939	0.4837	0.4800	0.5127	0.5153	0.4975	0.6367	0.5081	0.5103	0.6228	0.3651
0.5136	0.5133	0.4996	0.5064	0.3557	0.3578	0.4971	0.5120	0.4863	0.4939	0.4837	0.5157	0.5127	0.5153	0.4975	0.6367	0.5081	0.5103	0.6228	0.3651
0.5136	0.5133	0.4996	0.5064	0.3557	0.3578	0.4971	0.5120	0.4863	0.4939	0.4837	0.6265	0.5127	0.5153	0.4975	0.6367	0.5081	0.5103	0.4842	0.3651
0.5136	0.5133	0.4996	0.5064	0.3557	0.3578	0.4971	0.5120	0.4863	0.4939	0.4837	0.6265	0.5127	0.5153	0.4975	0.6367	0.5081	0.5103	0.5095	0.4931
0.5136	0.5133	0.4996	0.5064	0.3557	0.3578	0.4971	0.5120	0.4863	0.6343	0.5127	0.6265	0.5127	0.5153	0.4975	0.6367	0.5081	0.5103	0.5095	0.4931
0.5136	0.5133	0.4996	0.5064	0.3557	0.3578	0.4971	0.5120	0.4863	0.6343	0.5127	0.6265	0.5127	0.5153	0.4975	0.6367	0.5081	0.5103	0.5095	0.4931
0.5136	0.5133	0.4996	0.5064	0.3616	0.3578	0.4971	0.5120	0.4863	0.6343	0.5127	0.6265	0.5127	0.5153	0.4975	0.6367	0.5081	0.5103	0.5095	0.4931
0.5136	0.5133	0.4996	0.5064	0.3616	0.3578	0.4971	0.5120	0.4863	0.6343	0.5127	0.6265	0.5127	0.5153	0.4975	0.6367	0.5081	0.5103	0.5095	0.4931
0.5136	0.5133	0.4996	0.5064	0.6417	0.3578	0.4971	0.5120	0.4863	0.6343	0.5127	0.6265	0.4974	0.5153	0.4975	0.6367	0.5081	0.5103	0.5095	0.4931
0.5136	0.5133	0.4996	0.5064	0.6417	0.3578	0.4971	0.5120	0.4863	0.6343	0.5127	0.6265	0.4974	0.5153	0.4975	0.6367	0.5081	0.5103	0.5095	0.4931
0.5136	0.5133	0.4996	0.5064	0.6417	0.3578	0.4971	0.5120	0.4863	0.5150	0.5127	0.6265	0.4974	0.5153	0.4975	0.6367	0.5081	0.5103	0.5095	0.4931
0.5136	0.5133	0.4996	0.5064	0.4897	0.3578	0.4971	0.5120	0.4863	0.5150	0.5127	0.6265	0.4974	0.5153	0.4975	0.6367	0.5081	0.5103	0.5095	0.4931
0.5136	0.5133	0.4996	0.5064	0.4897	0.3578	0.4971	0.5120	0.4863	0.5150	0.5127	0.6265	0.4974	0.5153	0.4975	0.6367	0.5081	0.5103	0.5095	0.4931
0.5136	0.5133	0.4996	0.5064	0.4897	0.3578	0.4971	0.5120	0.4863	0.5150	0.5127	0.6265	0.4974	0.5153	0.4975	0.6367	0.5081	0.5103	0.5095	0.4931
0.5136	0.5133	0.4996	0.5064	0.4897	0.3578	0.4971	0.5120	0.4863	0.5150	0.5127	0.6514	0.4974	0.5153	0.4975	0.6367	0.5081	0.5103	0.5095	0.4931
0.5136	0.5133	0.4996	0.5064	0.4897	0.5035	0.4804	0.5120	0.4863	0.5150	0.5127	0.6514	0.4974	0.5153	0.4975	0.6367	0.5081	0.5103	0.5095	0.4931
0.5136	0.5133	0.4996	0.5064	0.4897	0.5035	0.4804	0.5120	0.4863	0.5150	0.5127	0.6514	0.4974	0.5153	0.4975	0.4864	0.5081	0.5103	0.5095	0.4931
0.5136	0.5133	0.4996	0.5064	0.4897	0.5035	0.4804	0.5120	0.4863	0.5150	0.5127	0.6514	0.4974	0.5153	0.4975	0.5029	0.5081	0.5103	0.5095	0.4931
0.5136	0.5133	0.4996	0.5064	0.4897	0.5035	0.4804	0.5120	0.5059	0.5190	0.5127	0.6352	0.4974	0.5153	0.4975	0.5029	0.5081	0.5103	0.5095	0.4931
0.5136	0.5133	0.4996	0.5064	0.4897	0.5035	0.4968	0.5120	0.5059	0.5190	0.5127	0.6352	0.4974	0.5153	0.4975	0.5029	0.5081	0.5103	0.5095	0.5009
0.5136	0.5133	0.4996	0.5064	0.4897	0.5035	0.4968	0.5120	0.5059	0.6384	0.5127	0.6352	0.4974	0.5153	0.4975	0.5029	0.5081	0.5103	0.5095	0.5009
0.5136	0.5133	0.4996	0.5064	0.4897	0.5035	0.4968	0.5120	0.5059	0.6384	0.5127	0.6352	0.4974	0.5153	0.4975	0.5029	0.5081	0.5103	0.5095	0.5009
0.5136	0.5133	0.4996	0.5064	0.4897	0.5035	0.4968	0.5120	0.4980	0.6384	0.5127	0.6352	0.4974	0.5153	0.4975	0.5029	0.5081	0.5103	0.5095	0.5009
0.5136	0.5133	0.4996	0.5064	0.4897	0.5035	0.4968	0.5120	0.4980	0.6384	0.5127	0.6352	0.4974	0.5153	0.4975	0.5029	0.5081	0.5103	0.5095	0.5009
0.5136	0.5133	0.4996	0.3639	0.4897	0.5179	0.4968	0.5120	0.4888	0.5175	0.5127	0.6352	0.4974	0.5153	0.4975	0.5029	0.5081	0.5103	0.5095	0.5009
0.5136	0.5133	0.4996	0.3639	0.4897	0.6377	0.4968	0.5120	0.4888	0.5175	0.5127	0.6352	0.4974	0.5153	0.4975	0.5029	0.5081	0.5103	0.5095	0.5009
0.5136	0.5133	0.4996	0.3639	0.4897	0.6377	0.4968	0.5120	0.4888	0.4912	0.5127	0.6352	0.4974	0.5153	0.4975	0.5029	0.5081	0.5103	0.5095	0.5009
0.5136	0.5133	0.4996	0.3639	0.4897	0.6377	0.4968	0.5120	0.4888	0.5134	0.5127	0.6352	0.4974	0.5153	0.4975	0.5029	0.5081	0.5103	0.5095	0.5009
0.5136	0.5133	0.4996	0.3639	0.4897	0.6377	0.4968	0.5120	0.4888	0.5134	0.5127	0.6352	0.4974	0.5153	0.4975	0.5029	0.5081	0.5103	0.5095	0.5009
0.5136	0.5133	0.4996	0.3639	0.4897	0.6377	0.4968	0.5120	0.4888	0.5134	0.5127	0.6352	0.4974	0.5153	0.4975	0.5029	0.5081	0.5103	0.5095	0.5009
0.5136	0.5133	0.4996	0.3639	0.4897	0.6377	0.4968	0.4995	0.4888	0.5134	0.5127	0.6352	0.4974	0.5153	0.4975	0.5029	0.5081	0.5103	0.5095	0.5009
0.5136	0.5133	0.4996	0.3639	0.4897	0.6377	0.4968	0.4995	0.4888	0.5134	0.5127	0.6352	0.4974	0.5153	0.4975	0.5029	0.5081	0.5103	0.5095	0.5009
0.5136	0.5133	0.4996	0.3639	0.4897	0.6377	0.4968	0.4995	0.4888	0.5134	0.5127	0.6352	0.4974	0.5153	0.4975	0.5029	0.5081	0.5103	0.5095	0.5009
0.5136	0.5133	0.4996	0.3639	0.4897	0.6377	0.4968	0.4995	0.4888	0.5134	0.5127	0.6352	0.4974	0.5003	0.4975	0.5029	0.5081	0.5103	0.5095	0.5009
0.5136	0.5133	0.4996	0.3639	0.4897	0.6377	0.4968	0.4995	0.4888	0.5134	0.5127	0.6352	0.4974	0.5003	0.4975	0.5029	0.5081	0.5103	0.5081	0.5009
0.5136	0.5133	0.4996	0.3639	0.4897	0.6377	0.4968	0.4995	0.4888	0.5134	0.5127	0.6352	0.4974	0.5003	0.4975	0.5029	0.5081	0.5103	0.5081	0.5009
0.5136	0.5133	0.4996	0.3639	0.4897	0.6377	0.4968	0.4995	0.4888	0.5134	0.5127	0.6352	0.4974	0.5003	0.4975	0.5029	0.5081	0.5103	0.5081	0.5009
0.5136	0.5133	0.4996	0.3639	0.4897	0.6377	0.5055	0.4995	0.4888	0.5134	0.5127	0.6352	0.4974	0.5003	0.4975	0.5029	0.5081	0.5103	0.5081	0.5009
0.5136	0.5133	0.4996	0.3639	0.4897	0.6377	0.5055	0.4995	0.4888	0.5134	0.5127	0.6352	0.4974	0.5003	0.4975	0.5029	0.5081	0.5103	0.5081	0.5009
0.5136	0.5133	0.4996	0.3639	0.4897	0.6377	0.5055	0.4995	0.4888	0.5134	0.5127	0.6352	0.4974	0.5003	0.4975	0.5029	0.5081	0.5103	0.5081	0.5009
0.5136	0.5133	0.4996	0.3639	0.4997	0.6377	0.5055	0.4995	0.4888	0.5134	0.5127	0.6352	0.4974	0.5003	0.4975	0.5029	0.5081	0.5103	0.5081	0.5009
0.5136	0.5133	0.4996	0.3639	0.4997	0.6377	0.5055	0.4995	0.4888	0.5134	0.5127	0.6352	0.4974	0.5003	0.4975	0.5029	0.5081	0.5103	0.5081	0.5009
0.5136	0.5133	0.4996	0.3639	0.4997	0.6377	0.5055	0.4995	0.4888	0.5134	0.5127	0.6352	0.4974	0.5003	0.4975	0.5029	0.5081	0.5103	0.5081	0.5009
0.5136	0.5133	0.4996	0.3639	0.4997	0.5075	0.5055	0.4995	0.4888	0.5134	0.5127	0.6352	0.4974	0.5003	0.4975	0.5029	0.5081	0.5103	0.5081	0.5009
0.5136	0.5133	0.4996	0.3639	0.4997	0.5075	0.5055	0.4995	0.4888	0.5134	0.5127	0.6352	0.4974	0.5003	0.4975	0.5029	0.5081	0.5103	0.5081	0.5009
0.5136	0.5133	0.4996	0.3639	0.4997	0.5075	0.5055	0.4995	0.4888	0.5134	0.5127	0.5013	0.4974	0.5003	0.4975	0.5029	0.5081	0.5103	0.5081	0.5009
0.5136	0.5133	0.4996	0.3639	0.4997	0.5075	0.5055	0.4995	0.4888	0.5134	0.5127	0.5013	0.4974	0.5003	0.4975	0.5029	0.5081	0.5103	0.5081	0.5009
0.5136	0.5133	0.4996	0.3639	0.4997	0.5075	0.5055	0.4995	0.4888	0.5134	0.5127	0.5013	0.4974	0.5003	0.4975	0.5029	0.5081	0.5103	0.5081	0.5009
0.4876	0.5133	0.4996	0.3639	0.4997	0.5075	0.5055	0.4995	0.4888	0.5134	0.5127	0.5013	0.4974	0.5003	0.4975	0.5029	0.5081	0.5103	0.5081	0.5009
