0.8838	0.8679	0.7155	0.1691	0.9974	0.4950	0.2556	0.1345	0.2680	0.4448
0.1894	1.0000	0.4783	0.4741	1.0000	0.2423	0.0000	0.6034	0.4837	0.4651
0.3810	0.4844	0.7213	0.4762	0.7286	0.0000	0.0000	0.1889	0.4837	0.0566
0.3965	0.4198	0.4445	0.9413	0.8737	0.2358	0.8525	0.0000	0.4702	0.5893
0.3965	0.6171	0.0004	0.0000	0.4175	0.4199	0.3582	0.7742	0.5084	0.8930
0.3965	1.0000	0.1464	0.4716	1.0000	0.2454	0.4689	0.4959	1.0000	0.6885
0.4611	0.3824	0.3726	0.8537	0.0508	0.5111	0.4045	0.4724	0.5783	0.4449
0.4611	0.5205	0.0000	1.0000	0.5048	0.1687	0.4951	0.9015	0.6085	0.4871
0.5432	0.5394	0.7810	0.1892	1.0000	0.5470	1.0000	0.0000	0.6107	0.6736
0.5432	0.4619	0.6667	0.2931	0.0000	0.6927	0.0000	0.0921	0.7346	0.0000
0.5432	0.5076	0.5673	0.8708	0.7268	0.2815	0.6388	1.0000	1.0000	0.0000
0.4825	0.3481	0.1079	0.6729	0.3588	0.0000	0.0000	0.5526	0.0894	0.4475
0.4617	0.0356	1.0000	0.5921	0.5596	0.0000	0.0000	0.6954	1.0000	0.5627
0.4617	0.7192	0.5225	0.3489	0.8407	0.4112	0.0000	1.0000	0.6713	0.5031
0.4617	1.0000	0.1571	0.1033	0.4962	0.3888	0.4652	0.4555	0.9701	0.5031
0.4617	0.4751	0.5602	0.6390	0.4982	0.4792	0.5584	0.6173	0.1833	0.4945
0.4617	0.5557	0.5121	0.1063	0.4982	0.6107	1.0000	0.5445	0.6939	0.4945
0.4617	0.5458	0.6127	0.2463	0.4374	0.4483	0.3486	0.4356	0.6066	0.4945
0.5492	0.5686	0.5815	0.4500	0.3658	0.5113	0.0000	0.5733	0.6483	0.4711
0.5572	0.6985	0.3046	0.8582	0.7034	0.4654	0.5485	0.5669	0.7738	0.4877
0.4169	0.4780	0.5521	0.5362	0.6598	0.5561	0.9418	0.4997	0.4959	0.8220
0.5604	0.3909	0.8055	0.4166	0.3524	0.5330	0.5555	0.4997	0.5795	0.3873
0.4613	0.5595	0.4457	0.7073	1.0000	0.5227	0.4774	0.5712	0.8179	0.3581
0.4613	0.6825	0.1830	0.0000	0.4772	0.4106	0.5154	0.4293	0.6817	0.4628
0.4613	0.2898	0.5221	0.4828	0.4551	0.4299	0.6223	0.5437	0.6964	0.6405
0.5510	0.5610	0.6177	0.3965	0.7100	0.0359	0.4833	0.0568	0.5549	0.4456
0.3870	0.5497	0.4086	0.4872	0.6942	1.0000	0.4352	0.5632	0.5410	0.4456
0.5361	0.5826	0.9302	0.5128	0.5328	0.5114	0.5704	0.4730	0.5410	0.5895
0.5361	0.0000	0.5964	0.3366	0.5217	0.5114	0.5466	0.4730	1.0000	0.5164
0.5229	0.4763	0.4523	0.5296	0.5163	0.4228	0.0000	0.4730	0.4574	0.5661
0.5229	0.4671	0.5281	0.3589	0.5235	0.3967	0.2992	0.5969	0.2641	0.4917
0.5229	0.5036	0.5281	0.4140	0.2406	0.6827	1.0000	0.4407	0.4765	0.5179
0.5229	0.5036	0.3500	0.5164	0.3013	0.6615	0.2062	0.5365	0.5115	0.5179
0.5236	0.5490	0.5228	0.3963	0.5225	0.4827	0.3042	0.4313	0.4413	0.1070
0.5236	0.1785	0.4927	0.6130	0.5710	0.4827	1.0000	0.5565	0.2532	0.4778
0.5236	0.4940	0.4646	0.4999	0.5908	0.4145	0.6613	0.4958	0.8286	0.3383
0.5522	0.4550	0.3460	0.5956	0.5908	0.5321	0.4052	0.3701	0.6055	0.0000
0.5522	0.4550	0.5581	0.4101	0.3894	0.5321	0.4052	0.4025	0.6140	0.3385
0.5522	0.6117	0.5235	0.3611	0.3988	0.5008	0.4236	0.4136	0.3675	0.4813
0.5439	0.5482	0.5235	0.3611	0.5438	0.5264	0.3416	0.4155	0.7740	0.4813
0.4281	0.5482	0.5284	0.4234	0.5353	0.5264	0.5495	0.4155	0.6046	0.5909
0.4281	0.5800	0.5284	0.5044	0.6631	0.3892	0.5328	0.5026	0.5028	0.4995
0.5725	0.5582	0.5058	0.4581	0.4567	0.6017	0.5328	0.5026	0.4673	0.4519
0.4939	0.5463	0.5046	0.4614	0.4567	0.6423	0.5328	0.5026	0.5464	0.6536
0.5640	0.8874	0.4376	0.4614	0.5715	0.5689	0.5328	0.4514	0.5464	0.6158
0.4561	0.2804	0.5881	0.4466	0.3507	0.5689	0.5073	0.4982	0.4969	0.5418
0.4561	0.4571	0.5113	0.5464	0.4979	0.4589	0.5073	0.5473	0.4605	0.6957
0.5727	0.4571	0.5607	0.6111	0.0000	0.3688	0.4441	0.5473	0.6529	0.5664
0.5341	0.4880	0.4235	0.4510	0.4437	0.4221	0.4441	0.5276	0.4802	0.6152
0.5341	0.4880	0.4235	0.4510	0.5068	0.4221	0.4441	0.5276	0.5135	0.5028
0.5359	0.4880	0.4647	0.4510	0.5068	0.5922	0.3480	0.5458	0.5274	0.5508
0.5359	0.5646	0.5083	0.4107	0.5776	0.5019	0.6058	0.5260	0.5945	0.3849
0.5359	0.5646	0.5224	0.4994	0.4874	0.5019	0.3119	0.5260	0.4586	0.6241
0.5359	0.5193	0.5224	0.4994	0.4874	0.4739	0.3659	0.5260	0.4586	0.6290
0.5359	0.5193	0.4923	0.4743	0.4874	0.5021	0.3387	0.5260	0.4140	0.6290
0.4583	0.5658	0.4923	0.5562	0.4874	0.5021	0.5004	0.5260	0.4140	0.5407
0.4566	0.5694	0.4923	0.5447	0.4874	0.5021	0.5004	0.5260	0.4140	0.4095
0.4566	0.4232	0.4923	0.5561	0.5167	0.5021	0.5004	0.5260	0.4140	0.7040
0.5544	0.4334	0.5160	0.4792	0.5167	0.5021	0.5004	0.5260	0.4140	0.5180
0.5092	0.4334	0.5160	0.5025	0.4607	0.4854	0.5004	0.5260	0.4140	0.5013
0.5092	0.4386	0.5160	0.5025	0.4607	0.4854	0.5004	0.5260	0.4140	0.5013
0.5092	0.5678	0.5160	0.5025	0.4607	0.4648	0.5004	0.5260	0.5535	0.5663
0.5047	0.4738	0.5660	0.5146	0.4844	0.5192	0.5004	0.5260	0.5535	0.5103
0.5047	0.4738	0.5422	0.4663	0.4982	0.5482	0.5004	0.5260	0.5535	0.3966
0.5047	0.4738	0.5422	0.4663	0.4982	0.4313	0.5004	0.6038	0.5535	0.3966
0.5047	0.4738	0.5422	0.4663	0.5194	0.4313	0.5004	0.5914	0.5408	0.3966
0.5047	0.4861	0.5422	0.5410	0.4926	0.4987	0.4901	0.5278	0.4648	0.5070
0.5047	0.5181	0.4899	0.4263	0.4926	0.4987	0.4901	0.5278	0.4648	0.5352
0.5047	0.5181	0.4899	0.4263	0.5053	0.4987	0.4901	0.5278	0.4648	0.5352
0.5047	0.5181	0.4899	0.5088	0.5053	0.5047	0.4993	0.5094	0.4648	0.5352
0.5047	0.5181	0.4899	0.5088	0.5053	0.5047	0.4993	0.5094	0.4648	0.5352
0.5047	0.5181	0.4827	0.4845	0.5053	0.5047	0.4990	0.5094	0.4648	0.4934
0.4717	0.5181	0.4827	0.4845	0.5053	0.5047	0.4990	0.5094	0.4648	0.4934
0.4717	0.5181	0.5255	0.4845	0.5194	0.5729	0.5439	0.5094	0.4648	0.5011
0.4717	0.5181	0.5255	0.4845	0.4661	0.5729	0.5439	0.5094	0.4786	0.5011
0.4813	0.5181	0.5255	0.4845	0.4661	0.5873	0.5439	0.5094	0.4786	0.5011
0.4813	0.4395	0.5255	0.4845	0.4661	0.4958	0.4894	0.4866	0.4786	0.5011
0.4813	0.4395	0.5255	0.4845	0.4661	0.4958	0.4894	0.5129	0.4786	0.5011
0.4813	0.4395	0.5255	0.4963	0.4458	0.5185	0.4894	0.5129	0.4786	0.5011
0.4813	0.4395	0.5255	0.4963	0.4458	0.5185	0.4894	0.5129	0.4786	0.4377
0.4901	0.4395	0.5170	0.4963	0.4458	0.5624	0.4894	0.5129	0.4786	0.4775
0.4895	0.4395	0.5170	0.4963	0.4458	0.5624	0.4894	0.5129	0.4786	0.4775
0.4895	0.5047	0.5170	0.4963	0.4458	0.5624	0.4894	0.5129	0.4786	0.4775
0.4895	0.5047	0.5170	0.4963	0.4458	0.5624	0.4894	0.5336	0.4786	0.5444
0.4895	0.5047	0.5170	0.4963	0.4458	0.4963	0.4894	0.5125	0.4786	0.5444
0.4895	0.5047	0.5170	0.4963	0.4458	0.4963	0.4894	0.4429	0.4786	0.4838
0.4895	0.5047	0.5170	0.4963	0.4458	0.4963	0.4894	0.4676	0.5189	0.4838
0.4895	0.5047	0.5170	0.4415	0.5130	0.4963	0.4894	0.4676	0.5189	0.4838
0.4895	0.5047	0.5170	0.4415	0.5130	0.4963	0.4894	0.4676	0.5189	0.4838
0.4895	0.5047	0.5170	0.5524	0.5130	0.4842	0.4914	0.4676	0.5352	0.4838
0.4895	0.4715	0.5170	0.5524	0.5130	0.4842	0.4914	0.5180	0.5352	0.4838
0.4895	0.4715	0.5170	0.5524	0.5130	0.4842	0.4914	0.5180	0.5352	0.4838
0.4895	0.4715	0.5170	0.5524	0.5130	0.4842	0.5448	0.5180	0.5352	0.4838
0.5216	0.4715	0.5170	0.4440	0.5130	0.4842	0.4641	0.5180	0.4612	0.4838
0.5216	0.4715	0.5170	0.4440	0.5130	0.5327	0.4641	0.5180	0.4870	0.4838
0.5216	0.4715	0.5170	0.4973	0.5130	0.5327	0.4641	0.5068	0.4870	0.4838
0.4836	0.4715	0.5170	0.4973	0.5130	0.5327	0.4641	0.5068	0.4870	0.4838
0.4836	0.4651	0.5170	0.4973	0.5130	0.5588	0.4497	0.5068	0.4870	0.4838
0.4667	0.4651	0.5170	0.4973	0.5130	0.5588	0.4782	0.5068	0.4870	0.4838
0.4667	0.4651	0.5170	0.4973	0.4438	0.5277	0.4782	0.5068	0.4870	0.4838
0.4667	0.4904	0.5170	0.4973	0.5664	0.5277	0.4782	0.5068	0.4870	0.4838
