0.8188	0.5872	0.0035	0.9356	0.5874	0.7970	0.2183	0.1241	0.6362	0.6422	0.8235	0.4658	0.6732	0.6360	0.5044	0.7790	0.1536	0.2777	0.4570	0.2173
1.0000	0.0000	0.9682	0.6952	0.5346	0.4877	0.7573	0.0000	0.9803	0.6934	1.0000	0.3873	0.0000	0.7271	0.6259	0.6162	0.7654	0.9203	0.3780	0.5162
0.1236	0.3616	0.7556	0.4999	0.6504	0.8395	0.8093	0.5169	0.7717	0.0000	0.4734	0.5183	0.6685	0.4742	0.0000	0.5035	0.0000	0.4386	0.5325	0.8610
0.6216	0.3578	0.5617	0.2370	0.0000	0.6376	1.0000	0.6319	0.6095	0.7685	0.0677	0.5558	0.4982	0.2724	0.0000	0.5035	0.5246	0.0000	0.0114	0.0000
0.3457	0.7865	0.1836	0.5945	1.0000	0.0000	1.0000	0.0278	0.0348	0.2383	0.3848	0.4704	0.4982	0.3692	0.1363	0.0000	0.5147	0.4693	0.3730	0.2164
0.7905	0.5800	0.5729	0.0000	0.5149	1.0000	0.5089	0.2485	0.2374	0.6645	0.3826	1.0000	0.4982	0.4983	0.0000	0.2216	0.6006	0.4986	0.6172	0.5380
0.2124	0.0000	0.3701	0.3504	0.1954	0.5311	0.5089	0.1091	0.3253	0.9450	0.0581	0.3886	0.4982	0.0845	0.8863	0.4611	0.4897	0.4986	0.6172	0.6630
1.0000	1.0000	0.3701	0.4029	0.6529	0.3528	0.6321	0.6839	0.0984	0.6914	0.6482	0.3895	0.4982	0.1709	0.2666	0.3247	1.0000	0.4986	0.4969	0.4664
0.0000	0.3417	0.3542	1.0000	0.4474	0.3528	0.7839	1.0000	0.7622	0.4987	0.6482	0.6289	0.4982	0.3429	0.9242	0.5035	0.8702	0.4986	0.6271	0.6670
0.6355	0.2880	0.3542	0.7697	0.3863	0.3528	0.3903	0.5344	0.4986	0.9849	0.6482	0.3635	0.5226	0.3429	0.3166	0.5161	0.6208	0.4986	0.0000	0.3673
0.6288	0.4971	0.3542	0.0608	1.0000	0.5020	0.4870	0.4984	0.6436	0.4727	0.6482	0.6988	0.5226	0.4829	0.4500	0.5161	0.6189	0.4986	0.5109	0.8500
0.6288	0.4480	0.3542	0.4852	0.3429	0.4151	0.3661	0.5209	0.6436	0.4791	0.6482	0.4698	0.5226	0.4829	0.5024	0.0000	0.3156	0.4986	0.5109	0.6353
0.3537	0.7778	0.3542	1.0000	0.7663	0.6323	0.3661	0.5228	0.6436	0.4791	0.3328	0.1995	0.5226	0.4829	0.5024	0.6803	1.0000	0.4986	0.5109	0.7472
0.3649	0.5065	0.3542	0.7800	0.3598	0.6529	0.3661	0.8564	0.6436	0.4985	0.3713	0.8691	0.5226	0.5054	0.3683	0.6282	0.5464	0.4986	0.2294	0.0951
0.5457	0.3535	0.3310	0.2761	0.6320	0.6529	0.3661	0.6421	0.6436	0.4985	0.5102	0.5113	0.5226	0.5054	0.6366	0.6282	0.4169	0.6609	0.7750	0.0000
0.9924	0.3735	0.6170	0.7635	0.9517	0.6529	0.0422	0.6421	0.6540	0.4985	0.5102	0.5113	0.6162	0.5054	0.3666	0.6282	0.3537	0.9290	0.6621	0.4827
0.6447	0.6341	0.6820	0.5032	1.0000	0.6529	0.4974	0.6421	0.6540	0.4985	0.0296	0.4043	0.6412	0.5054	0.4730	0.6282	0.5096	0.4629	0.6462	0.4827
0.6257	0.5367	0.5556	0.3453	0.7690	0.6529	0.4974	0.6421	0.6540	0.4985	0.6399	0.0000	0.6412	0.5054	0.4730	0.3740	0.5081	1.0000	0.6270	0.5915
0.6257	0.0000	0.3367	0.4878	0.8124	0.6529	0.4974	0.6421	0.6540	0.4985	0.6399	0.3821	0.6412	0.5054	0.3509	0.2138	0.7254	0.2664	0.6270	1.0000
0.6257	0.0000	0.3585	0.4878	0.6549	0.6529	0.4974	0.6421	0.6260	0.4985	0.0000	0.0000	0.6412	0.5054	0.3509	0.5170	1.0000	0.0925	0.0976	0.1816
0.5118	0.3366	0.3660	0.4878	0.6746	0.6529	0.3514	0.6421	0.6260	0.4985	0.7240	0.4890	0.6412	0.5054	0.5008	0.5170	0.3845	0.3990	0.4744	0.6550
0.5118	0.3582	0.6158	0.4878	0.4792	0.3695	0.3514	0.6421	0.6467	0.4985	0.3814	0.4890	0.6412	0.5054	0.5008	0.5170	1.0000	0.1953	0.3561	0.6550
0.5118	0.6731	0.3433	0.4878	0.4792	0.6420	0.3514	0.6421	0.6467	0.4985	0.9267	0.4890	0.6412	0.5054	0.5008	0.5170	0.5083	0.4789	0.6220	0.4932
0.5118	1.0000	1.0000	0.4878	0.4792	0.5552	0.4849	0.6421	0.6467	0.4985	0.3408	0.4890	0.6412	0.4928	0.5008	0.5170	0.5083	0.6626	0.0000	0.4919
0.5118	0.4943	0.3464	0.4878	0.8308	1.0000	0.7640	0.6421	0.6467	0.4985	0.6310	0.4890	0.6412	0.4928	0.5008	0.5170	0.6242	0.3579	0.0000	0.4919
0.5118	0.4943	0.6018	0.4878	0.6216	0.6395	0.0000	0.6421	0.6467	0.4985	0.6363	0.4890	0.6412	0.4928	0.5008	0.5170	0.6242	0.7626	0.7701	0.4919
0.5118	0.7780	0.3840	0.4878	0.6216	0.6395	0.6311	0.6421	0.6467	0.4985	0.6363	0.4210	0.6412	0.4938	0.3643	0.5170	0.6242	0.5814	0.6399	1.0000
0.5118	0.3784	0.3840	0.4878	0.6216	0.6395	0.6318	0.6421	0.6467	0.4985	0.6363	0.3454	0.6412	0.4938	0.6394	0.6286	0.6242	0.7590	0.6399	0.3232
0.5118	0.6458	0.2205	0.5050	0.6216	0.6395	0.6318	0.6421	0.6467	0.4985	0.6363	0.6404	0.6412	0.4938	0.6394	0.5088	0.6242	0.5137	0.3454	0.7082
0.5118	0.6458	0.6560	0.5050	0.6216	0.6395	0.6318	0.6421	0.6467	0.4985	0.5092	0.6404	0.6412	0.4938	0.6394	0.3612	0.4774	0.3778	0.4995	1.0000
0.5118	0.6458	0.4853	0.5050	0.6216	0.6660	0.6318	0.6421	0.5047	0.4985	0.5092	0.6404	0.6412	0.4938	0.6394	0.3612	0.5213	0.3778	0.4995	0.6381
0.5118	0.6458	0.4853	0.5050	0.5192	0.5050	0.6318	0.6421	0.5047	0.4985	0.5092	0.5247	0.6487	0.4938	0.6394	0.6513	0.7883	0.4974	0.4995	0.3799
0.5118	0.6458	0.4853	0.5050	0.5192	0.5050	0.6318	0.6421	0.5047	0.4985	0.5092	0.5247	0.6487	0.4938	0.6394	0.6513	0.2120	0.3524	0.4995	0.3799
0.5118	0.6458	0.4853	0.5050	0.5192	0.5050	0.5132	0.6421	0.5047	0.4985	0.5092	0.5247	0.6487	0.4938	0.6394	0.3395	0.3853	0.3524	0.4995	0.3799
0.5118	0.3553	0.6310	0.5050	0.3774	0.5050	0.5132	0.6421	0.5047	0.4985	0.5092	0.6521	0.6487	0.4938	0.6394	0.5253	1.0000	0.6243	0.4995	0.3799
0.5118	0.3553	0.6310	0.5050	0.3774	0.5050	0.5132	0.6421	0.5047	0.4985	0.3569	0.1993	0.6487	0.4938	0.6394	0.3916	0.3617	0.3543	0.3537	0.3799
0.5118	0.3553	0.6310	0.5050	0.3610	0.5050	0.5132	0.6421	0.5047	0.4985	0.3569	0.4667	0.6487	0.4938	0.6394	0.3916	0.3617	0.3543	0.3537	0.3654
0.5118	0.3553	0.6310	0.5050	0.3610	0.5050	0.5132	0.6290	0.5047	0.4985	0.3569	0.2367	0.6487	0.4938	0.6394	0.3968	0.5042	0.3543	0.3537	0.3654
0.5118	0.3553	0.6310	0.3704	0.4955	0.5050	0.5132	0.6290	0.5047	0.4985	0.3674	0.6146	0.6487	0.4938	0.6394	0.6301	0.5042	0.3543	0.3537	0.6537
0.5118	0.3553	0.6310	0.3704	0.4955	0.5050	0.5132	0.6290	0.5027	0.4985	0.3674	0.6146	0.6487	0.4938	0.6394	0.6301	0.5042	0.3543	0.3537	0.6537
0.5118	0.3553	0.6310	0.3704	0.4955	0.5050	0.5132	0.6290	0.3534	0.4985	0.3674	0.6146	0.6487	0.4938	0.6394	0.6301	0.5042	0.4975	0.3537	0.6537
0.5118	0.3553	0.6310	0.3704	0.4955	0.5050	0.5132	0.6290	0.3534	0.4985	0.5105	0.4943	0.6487	0.4938	0.6394	0.6301	0.5042	0.4975	0.4815	0.6537
0.5118	0.3553	0.6310	0.3704	0.4955	0.5050	0.5132	0.6290	0.3534	0.4985	0.5105	0.4943	0.6487	0.4938	0.6394	0.6247	0.5042	0.4975	0.4815	0.6559
0.5118	0.3553	0.6310	0.3704	0.4955	0.5050	0.5132	0.6290	0.3534	0.4985	0.5105	0.4943	0.5037	0.4938	0.6394	0.6247	0.5042	0.4975	0.4815	0.6559
0.5118	0.3553	0.4870	0.5195	0.4955	0.5050	0.5132	0.6290	0.3534	0.4985	0.5105	0.4943	0.5037	0.4938	0.6417	0.6247	0.5078	0.4975	0.4815	0.6559
0.5118	0.3553	0.4870	0.5195	0.4955	0.5050	0.5132	0.6290	0.3534	0.4985	0.5105	0.4943	0.5037	0.4938	0.6417	0.6247	0.5078	0.4975	0.4815	0.6559
0.5118	0.3553	0.4870	0.5195	0.4955	0.5050	0.5278	0.5035	0.5053	0.4985	0.5105	0.4943	0.5037	0.4938	0.6417	0.3745	0.5078	0.4975	0.4815	0.6559
0.5118	0.3553	0.4870	0.5195	0.4928	0.6426	0.5278	0.5035	0.5053	0.4985	0.5105	0.4943	0.5037	0.4938	0.6417	0.3745	0.5078	0.4975	0.6348	0.4988
0.5118	0.3553	0.4870	0.5195	0.4928	0.6426	0.5278	0.5035	0.5053	0.4985	0.5105	0.4943	0.5037	0.4938	0.6417	0.3745	0.5078	0.4975	0.6348	0.4988
0.5118	0.3553	0.4870	0.5195	0.4928	0.6426	0.5278	0.5035	0.5053	0.4985	0.5105	0.4943	0.5037	0.4938	0.6417	0.5317	0.5078	0.4975	0.6348	0.4988
0.5118	0.3553	0.4870	0.5195	0.4928	0.6426	0.6557	0.5035	0.5053	0.4985	0.5105	0.4943	0.5037	0.4938	0.6417	0.5317	0.5078	0.4975	0.6348	0.4988
0.5118	0.3553	0.4870	0.5195	0.4928	0.6426	0.6557	0.5035	0.5053	0.4985	0.5105	0.4943	0.5037	0.4938	0.6417	0.5317	0.5078	0.4975	0.6348	0.4988
0.5118	0.3553	0.4870	0.5195	0.4928	0.6426	0.5043	0.5035	0.5053	0.4985	0.5105	0.4943	0.5037	0.4938	0.6417	0.6449	0.5078	0.4975	0.6348	0.4988
0.5118	0.3553	0.4870	0.5195	0.4928	0.6426	0.5043	0.5035	0.5053	0.4985	0.5105	0.4943	0.5037	0.4938	0.6417	0.6449	0.5078	0.4975	0.6348	0.4988
0.5118	0.3553	0.6499	0.5195	0.4928	0.6426	0.5043	0.5035	0.5053	0.4985	0.5105	0.4943	0.5037	0.4938	0.6417	0.6449	0.5078	0.4975	0.6348	0.4988
0.5118	0.3553	0.6499	0.5195	0.4928	0.6426	0.5043	0.5035	0.5053	0.4985	0.5105	0.4943	0.5112	0.4938	0.6417	0.6449	0.5078	0.4975	0.6348	0.4988
0.5118	0.3553	0.6499	0.5195	0.4928	0.6426	0.5043	0.5035	0.5053	0.4985	0.5105	0.4943	0.5112	0.4938	0.6417	0.6448	0.5078	0.4975	0.6348	0.4988
0.5118	0.3553	0.6499	0.5195	0.4928	0.6426	0.5043	0.5035	0.5053	0.4985	0.5105	0.4943	0.5112	0.4938	0.6417	0.6448	0.5078	0.4975	0.6348	0.4988
0.5118	0.3553	0.6499	0.4818	0.4928	0.6426	0.5043	0.5035	0.5053	0.4985	0.5105	0.4943	0.5112	0.4938	0.5074	0.5037	0.5078	0.4975	0.6348	0.4988
0.5118	0.3553	0.5184	0.4818	0.4942	0.6426	0.5043	0.5035	0.5053	0.4985	0.5105	0.4943	0.5112	0.4938	0.5074	0.5037	0.5078	0.4975	0.6348	0.4988
0.5118	0.3719	0.5184	0.4818	0.4942	0.6426	0.5043	0.5035	0.5053	0.4985	0.5153	0.4943	0.5112	0.4938	0.5074	0.5037	0.5078	0.4975	0.6348	0.4988
0.5118	0.3719	0.5184	0.4818	0.4942	0.6426	0.5043	0.5035	0.5053	0.4985	0.5153	0.4943	0.5112	0.4938	0.5074	0.5037	0.5078	0.4975	0.6348	0.4988
0.4980	0.3719	0.5184	0.4818	0.4942	0.6426	0.5043	0.5035	0.5053	0.4985	0.5153	0.4943	0.5112	0.4938	0.5074	0.5037	0.5078	0.4975	0.6348	0.4988
0.4980	0.3719	0.5184	0.4818	0.4942	0.6426	0.5043	0.5035	0.5053	0.4985	0.5153	0.4943	0.5112	0.4938	0.5074	0.5037	0.5078	0.4975	0.6348	0.4988
0.4980	0.3719	0.5184	0.4818	0.4942	0.6426	0.5043	0.5035	0.5053	0.4985	0.5153	0.4943	0.5112	0.4938	0.5074	0.6480	0.5078	0.4975	0.6348	0.4988
0.4980	0.3719	0.5184	0.4818	0.4942	0.6426	0.5043	0.5035	0.5053	0.4985	0.5153	0.4943	0.5112	0.4938	0.5074	0.6480	0.5078	0.4975	0.6348	0.4988
0.4980	0.3719	0.5184	0.4818	0.4942	0.6426	0.5043	0.5035	0.5053	0.4985	0.5153	0.4943	0.5112	0.4938	0.5074	0.6480	0.5078	0.4975	0.6348	0.4988
0.4980	0.3719	0.5184	0.4818	0.4942	0.6426	0.5043	0.5035	0.5053	0.4985	0.5153	0.4943	0.5112	0.4938	0.5074	0.6480	0.5078	0.4975	0.6348	0.4988
0.4980	0.3719	0.5184	0.4818	0.4942	0.6426	0.5043	0.5035	0.5053	0.4985	0.5153	0.4943	0.5112	0.4938	0.5074	0.6480	0.5078	0.4975	0.6348	0.4988
0.4980	0.3719	0.5184	0.4818	0.4942	0.6426	0.5043	0.5035	0.5053	0.4985	0.5153	0.4943	0.5112	0.4938	0.5074	0.6480	0.5078	0.4975	0.6348	0.4988
0.4980	0.3719	0.5184	0.4818	0.4942	0.6426	0.5043	0.5035	0.5053	0.4985	0.5153	0.4943	0.5112	0.4938	0.5074	0.6480	0.5078	0.4975	0.6348	0.4988
0.4980	0.3719	0.3647	0.4818	0.4942	0.6426	0.5043	0.5035	0.5053	0.4985	0.5153	0.4943	0.5112	0.4938	0.5074	0.6480	0.5078	0.4975	0.6348	0.4988
0.4980	0.3719	0.3647	0.4818	0.4942	0.6426	0.5043	0.5035	0.5053	0.4985	0.5153	0.4943	0.5112	0.4938	0.5074	0.6480	0.5078	0.4975	0.6348	0.4988
0.4980	0.3719	0.3647	0.4818	0.4942	0.6426	0.5043	0.5035	0.5053	0.4985	0.5153	0.4943	0.5112	0.4938	0.5074	0.6480	0.5078	0.4975	0.6348	0.4988
0.4980	0.3719	0.3647	0.4818	0.4942	0.6426	0.5043	0.5035	0.5053	0.4985	0.5153	0.4943	0.5112	0.4938	0.5074	0.6480	0.5078	0.4975	0.6348	0.4988
0.4980	0.3719	0.3647	0.4818	0.6444	0.6426	0.5043	0.5035	0.5053	0.4985	0.5153	0.4943	0.5112	0.4938	0.5074	0.6480	0.5078	0.4975	0.6348	0.4988
0.4980	0.3719	0.3647	0.4818	0.6444	0.6426	0.5043	0.5035	0.5053	0.4985	0.5153	0.4943	0.5112	0.4938	0.5074	0.6480	0.5078	0.4975	0.6348	0.4988
0.4980	0.5173	0.3647	0.4818	0.6444	0.6426	0.5043	0.5035	0.5053	0.4985	0.5153	0.4943	0.5112	0.4938	0.5074	0.6480	0.5078	0.4975	0.6348	0.4988
0.4980	0.5173	0.3647	0.4818	0.6444	0.6426	0.5043	0.5035	0.5053	0.4985	0.5153	0.4943	0.5112	0.4938	0.5074	0.6480	0.5078	0.4975	0.6348	0.4988
0.4980	0.5173	0.3647	0.4818	0.6444	0.6426	0.5043	0.5035	0.5053	0.4985	0.5153	0.4943	0.4977	0.4938	0.5074	0.6480	0.5078	0.4975	0.6348	0.4988
0.4980	0.5173	0.3647	0.4818	0.6444	0.6426	0.5043	0.5035	0.5053	0.4985	0.5153	0.4943	0.4977	0.4938	0.5074	0.5009	0.5078	0.4975	0.6348	0.4988
0.4980	0.5173	0.3647	0.4818	0.6444	0.6426	0.5043	0.5035	0.5053	0.4985	0.5153	0.4943	0.4977	0.4938	0.5074	0.5009	0.5078	0.4975	0.6348	0.4988
0.4980	0.5173	0.3647	0.4818	0.6444	0.6426	0.5043	0.5035	0.5053	0.4985	0.5153	0.4943	0.4977	0.4938	0.5074	0.5009	0.5078	0.4975	0.6348	0.4988
0.4980	0.5173	0.5026	0.4818	0.6444	0.6426	0.5043	0.5035	0.5053	0.4985	0.5153	0.4943	0.4977	0.4938	0.5074	0.5009	0.5078	0.4975	0.6348	0.4988
0.4980	0.5173	0.5026	0.4818	0.6444	0.6426	0.5043	0.4995	0.5053	0.4985	0.5153	0.4943	0.4977	0.4938	0.5074	0.5009	0.5078	0.4975	0.6348	0.4988
0.4980	0.5173	0.5026	0.4818	0.6444	0.5044	0.5043	0.4995	0.5053	0.4985	0.5088	0.4943	0.4977	0.4938	0.5074	0.5009	0.5078	0.4975	0.6348	0.4988
0.4980	0.3551	0.5026	0.4818	0.6444	0.5044	0.5043	0.4995	0.5053	0.4985	0.5088	0.4943	0.4977	0.4938	0.5074	0.5009	0.5078	0.4975	0.6348	0.4988
0.4980	0.3551	0.5026	0.4818	0.6444	0.5044	0.5043	0.4995	0.5053	0.4985	0.5088	0.4943	0.4977	0.4938	0.5074	0.5009	0.5078	0.4975	0.6348	0.4988
0.4980	0.3551	0.5026	0.4818	0.6444	0.5044	0.5043	0.4995	0.5053	0.4985	0.5088	0.4943	0.4977	0.4938	0.5074	0.5009	0.5078	0.4975	0.6348	0.4988
0.4980	0.3551	0.5026	0.4818	0.6444	0.5044	0.5043	0.4995	0.5053	0.4985	0.5088	0.4943	0.4977	0.4938	0.5074	0.5009	0.5078	0.4975	0.6348	0.4988
0.4980	0.3551	0.5026	0.4818	0.6444	0.5094	0.5043	0.3680	0.5053	0.4985	0.5088	0.4943	0.4977	0.4938	0.5074	0.5009	0.5078	0.4975	0.6348	0.4988
0.4980	0.3551	0.5026	0.4818	0.6444	0.5094	0.5043	0.3680	0.5053	0.4985	0.5088	0.4943	0.4977	0.4938	0.5074	0.5009	0.5078	0.4975	0.6348	0.4988
0.4980	0.3551	0.5026	0.4818	0.6444	0.5094	0.5043	0.3680	0.5053	0.4985	0.5088	0.4943	0.4977	0.4938	0.5074	0.5009	0.5078	0.4975	0.6348	0.4988
0.4980	0.3551	0.5026	0.4818	0.6444	0.5094	0.5043	0.3680	0.5053	0.4985	0.5088	0.4943	0.4977	0.4938	0.5074	0.5009	0.5078	0.4975	0.6348	0.4988
0.4980	0.3551	0.5026	0.4818	0.6444	0.5094	0.5043	0.3680	0.5053	0.4985	0.5088	0.4943	0.4977	0.4938	0.5074	0.5009	0.5078	0.4975	0.6348	0.4988
0.4980	0.3551	0.5026	0.4818	0.6444	0.5094	0.5043	0.3680	0.5053	0.4985	0.5088	0.4943	0.4977	0.4938	0.5093	0.5009	0.5078	0.4975	0.6348	0.4988
0.4980	0.3551	0.5026	0.4818	0.6444	0.5094	0.5043	0.3680	0.5053	0.4985	0.5088	0.4943	0.4977	0.4938	0.5093	0.5009	0.5078	0.4975	0.6348	0.4988
0.4980	0.3551	0.5026	0.4818	0.6444	0.5094	0.5043	0.3680	0.5053	0.4985	0.5088	0.4943	0.4977	0.4938	0.5093	0.5009	0.5078	0.4975	0.6348	0.4988
0.4980	0.3551	0.5026	0.4818	0.6444	0.5094	0.5043	0.3680	0.5053	0.4985	0.5088	0.4943	0.4977	0.4938	0.5093	0.5009	0.5078	0.4975	0.6348	0.4988
0.4980	0.3551	0.5026	0.4818	0.6444	0.5094	0.5043	0.3680	0.5053	0.4985	0.5088	0.4943	0.4977	0.4938	0.5093	0.5009	0.5078	0.4975	0.6348	0.4988
0.4980	0.3551	0.5026	0.4818	0.6444	0.5094	0.5043	0.3680	0.5053	0.4985	0.5088	0.4943	0.4977	0.4938	0.5093	0.5009	0.5078	0.4975	0.6348	0.5012
