0.4006	0.7469	0.5047	0.3168	0.5261	0.5804	0.2904	0.1269	0.3496	0.8355
0.0000	1.0000	0.5709	0.4151	0.2721	0.4203	0.1571	0.3875	0.5534	1.0000
0.9241	1.0000	0.5252	0.0626	0.7282	0.4601	0.0000	0.8782	0.5113	0.5927
0.6521	0.6836	0.3613	0.8058	0.4258	1.0000	0.4164	0.3291	0.4296	0.4878
0.5059	0.0196	0.4852	0.6602	0.4258	0.0000	0.3396	0.3291	0.3468	0.4878
0.7945	0.5251	0.8650	0.3894	0.4258	0.0000	0.3396	0.7343	0.4745	0.3396
0.2633	0.0000	0.2732	0.4997	0.4258	0.7182	0.3396	0.5127	0.5919	0.3396
1.0000	1.0000	0.3686	0.4997	0.4258	0.0000	1.0000	0.5127	0.5872	0.3396
0.5134	1.0000	1.0000	0.4997	0.4258	0.2066	0.7976	0.5028	0.5773	0.3396
0.6117	0.0000	0.0446	0.4997	0.4258	0.8666	0.0051	0.5028	0.5773	0.3396
0.9709	1.0000	0.3902	0.4997	0.4258	0.0000	0.9137	0.5028	0.5773	0.4154
0.3649	0.0000	0.5632	0.5758	0.4258	0.7352	0.6521	0.5028	0.5733	0.9375
0.8714	0.4302	0.1689	0.5758	0.4258	0.0000	0.5672	0.5028	0.5733	0.4286
0.5863	0.4302	0.4318	0.5758	0.4258	0.2812	0.5672	0.5028	0.5733	0.4286
0.3596	0.7969	0.4732	0.4992	0.4258	0.5764	0.5672	0.5028	0.5733	0.4286
0.3596	1.0000	0.0000	0.4992	0.4258	0.3053	0.3330	0.5028	0.5733	0.4286
0.5627	0.4237	0.0000	0.4992	0.4258	0.4974	0.2801	0.5028	0.5733	0.4286
0.7501	0.4237	0.6494	0.4992	0.4258	0.4974	0.3213	0.5028	0.5733	0.4286
0.5991	0.4237	0.6494	0.4992	0.4258	0.4974	1.0000	0.5028	0.5733	0.4286
0.5775	0.4237	0.4363	0.4992	0.3446	0.4974	0.0806	0.5028	0.5733	0.4286
0.5775	0.4237	0.0000	0.4992	0.3446	0.4974	0.3394	0.5028	0.5733	0.4286
0.5775	0.4237	0.6454	0.4992	0.3446	0.4974	0.3394	0.5028	0.5733	0.4286
0.7779	0.4237	0.6454	0.4992	0.5016	0.4974	0.4128	0.5028	0.5733	0.4922
0.9952	0.4237	0.5863	0.4992	0.5016	0.4974	0.6651	0.5028	0.5733	0.4922
0.3457	0.4237	0.5863	0.4992	0.5016	0.4974	0.4293	0.5028	0.5733	0.4922
0.4282	0.4237	0.5863	0.4992	0.5016	0.4974	0.2775	0.5028	0.5733	0.4922
0.4282	0.4237	0.5863	0.4992	0.5016	0.4974	0.5778	0.5028	0.5733	0.4922
0.4282	0.4237	0.5863	0.4992	0.5016	0.4974	0.4176	0.5028	0.5733	0.4922
0.4282	0.4237	0.4228	0.4992	0.5016	0.4974	0.4731	0.5028	0.5733	0.4922
0.4282	0.4237	0.4228	0.4992	0.5016	0.4974	0.6545	0.5028	0.5733	0.4922
0.4282	0.4237	0.4228	0.4992	0.5016	0.4974	0.2614	0.5028	0.5733	0.4922
0.4282	0.4237	0.4228	0.4992	0.5016	0.4974	0.4990	0.5028	0.5733	0.4922
0.4282	0.4237	0.4228	0.4992	0.5016	0.4974	0.4990	0.5028	0.5733	0.4922
0.4282	0.4237	0.4228	0.4992	0.5016	0.4974	0.5700	0.5028	0.5733	0.4922
0.4282	0.5019	0.4228	0.4992	0.5016	0.4974	0.5700	0.5028	0.5733	0.5814
0.4282	0.5019	0.4228	0.4992	0.5016	0.4974	0.5142	0.5028	0.5733	0.5814
0.6600	0.7203	0.4228	0.4992	0.5016	0.5792	0.5142	0.5028	0.5733	0.5814
0.6600	0.7203	0.4228	0.4992	0.5016	0.5792	0.5142	0.5729	0.5733	0.5814
0.6645	0.3489	0.5766	0.4992	0.5016	0.5792	0.5142	0.5729	0.5733	0.3454
0.5718	0.3489	0.5766	0.4992	0.5016	0.5792	0.5142	0.5729	0.5733	0.5782
0.5718	0.3489	0.5766	0.4992	0.5016	0.5792	0.5129	0.5729	0.5733	0.4936
0.5718	0.3489	0.5766	0.4992	0.5016	0.5792	0.6595	0.5729	0.5733	0.4936
0.5718	0.3489	0.5766	0.4992	0.5016	0.5792	0.6595	0.5729	0.5733	0.4936
0.5772	0.5715	0.5701	0.4992	0.5016	0.5792	0.6595	0.5729	0.5733	0.4936
0.4904	0.4918	0.5701	0.4992	0.5016	0.5792	0.6595	0.5729	0.5733	0.6508
0.4904	0.4918	0.5701	0.4992	0.5016	0.5792	0.6595	0.5729	0.5733	0.6508
0.4947	0.4918	0.5701	0.4992	0.5016	0.5792	0.6595	0.5729	0.5733	0.6508
0.4947	0.4918	0.5701	0.4992	0.5016	0.5792	0.6595	0.5729	0.5733	0.6508
0.4947	0.4918	0.5701	0.4992	0.5016	0.5792	0.6595	0.5729	0.5733	0.6508
0.4947	0.4918	0.5701	0.4992	0.5016	0.5049	0.6595	0.5729	0.5733	0.6508
0.4248	0.3470	0.5701	0.4992	0.5016	0.5049	0.6595	0.5729	0.5733	0.6508
0.4248	0.3470	0.5701	0.4992	0.5016	0.5049	0.6595	0.5729	0.5733	0.6508
0.4248	0.3470	0.5701	0.4992	0.5016	0.5049	0.6595	0.5729	0.5733	0.6508
0.4248	0.3470	0.5701	0.4992	0.5016	0.5049	0.5841	0.5729	0.5733	0.3449
0.4988	0.3470	0.5701	0.4992	0.5016	0.5049	0.5841	0.5729	0.5733	0.3449
0.4988	0.3470	0.5701	0.4992	0.5016	0.5049	0.5841	0.5729	0.5733	0.3449
0.4988	0.3470	0.5701	0.4992	0.5016	0.5049	0.5841	0.5729	0.5733	0.3449
0.4988	0.3470	0.5701	0.4992	0.5016	0.5049	0.5841	0.5729	0.5733	0.3449
0.4988	0.3470	0.5701	0.4992	0.5016	0.5049	0.5841	0.5729	0.5733	0.3449
0.4988	0.3470	0.5701	0.4992	0.5016	0.4263	0.5841	0.5729	0.5733	0.3449
0.4988	0.3470	0.5701	0.4992	0.5016	0.4263	0.5841	0.5729	0.5733	0.3449
0.4988	0.3470	0.5701	0.4992	0.5016	0.4263	0.5841	0.5729	0.5733	0.3449
0.4988	0.3470	0.5701	0.4992	0.5016	0.4263	0.5841	0.5729	0.5733	0.3449
0.4988	0.3470	0.5701	0.4992	0.5016	0.4263	0.5841	0.5729	0.5733	0.3449
0.4295	0.3470	0.5701	0.4992	0.5016	0.4263	0.5841	0.5729	0.5733	0.3449
0.4858	0.3470	0.5701	0.4992	0.5016	0.4263	0.5841	0.5729	0.5733	0.3449
0.4304	0.3470	0.5701	0.4992	0.5016	0.4263	0.5841	0.5729	0.5733	0.3449
0.4304	0.3470	0.5701	0.4992	0.5016	0.4263	0.5841	0.5729	0.5733	0.3449
0.4304	0.3470	0.5701	0.4992	0.5016	0.4263	0.5073	0.5729	0.5733	0.3449
0.3538	0.3470	0.5701	0.4992	0.5016	0.4263	0.5073	0.5729	0.5733	0.3449
0.3538	0.3470	0.5701	0.4266	0.5016	0.4263	0.4998	0.5729	0.5733	0.3449
0.3538	0.3483	0.5701	0.4266	0.5016	0.4263	0.4998	0.5729	0.5733	0.3449
0.3538	0.3483	0.5701	0.4266	0.5016	0.4263	0.4998	0.5729	0.5733	0.3449
0.3538	0.3483	0.5701	0.4266	0.5016	0.4263	0.4998	0.5729	0.5733	0.3449
0.3538	0.3483	0.5701	0.4266	0.5016	0.4263	0.4998	0.5729	0.5733	0.3449
0.3538	0.3483	0.5701	0.4266	0.5016	0.4263	0.4998	0.5729	0.5733	0.3449
0.3538	0.3483	0.5701	0.4266	0.5016	0.4263	0.4998	0.5729	0.5733	0.3449
0.4920	0.3483	0.5701	0.4266	0.5016	0.4263	0.4998	0.5729	0.5733	0.3449
0.4920	0.3483	0.5701	0.4266	0.5016	0.4263	0.4998	0.5729	0.5733	0.3449
0.4920	0.3483	0.5701	0.4266	0.5016	0.4263	0.4998	0.5729	0.5733	0.3449
0.4920	0.3483	0.5701	0.4266	0.5016	0.4263	0.4998	0.5729	0.5733	0.3449
0.4919	0.3483	0.5701	0.4266	0.5016	0.4263	0.4998	0.5729	0.5733	0.3449
0.4919	0.3483	0.5701	0.4266	0.5016	0.4263	0.4998	0.5729	0.5733	0.3449
0.4919	0.3483	0.5701	0.4266	0.5016	0.4263	0.4998	0.5729	0.5733	0.3449
0.4919	0.3483	0.5701	0.4266	0.5016	0.4263	0.4998	0.5729	0.5733	0.3449
0.5760	0.3483	0.5701	0.4266	0.5016	0.4263	0.5737	0.5729	0.5733	0.3449
0.5760	0.3483	0.5701	0.4266	0.5016	0.4263	0.5737	0.5729	0.5722	0.3449
0.5760	0.3483	0.5701	0.4266	0.5016	0.4263	0.5737	0.5729	0.5722	0.3449
0.5760	0.3483	0.5701	0.4266	0.5016	0.4263	0.5737	0.5729	0.5722	0.3449
0.5760	0.3483	0.5701	0.4266	0.5016	0.4263	0.5737	0.5729	0.5722	0.3449
0.5760	0.3483	0.5701	0.4266	0.5016	0.4263	0.5737	0.5729	0.5722	0.3449
0.5760	0.3483	0.5701	0.4266	0.5016	0.4263	0.5737	0.5729	0.5722	0.3449
0.5760	0.3483	0.5701	0.4266	0.5016	0.4263	0.5737	0.5729	0.5722	0.3449
0.5760	0.3483	0.5701	0.4266	0.5016	0.4263	0.5737	0.5729	0.5722	0.3449
0.5760	0.3483	0.5701	0.4266	0.5016	0.4263	0.5737	0.5729	0.5722	0.3449
0.5760	0.3483	0.5701	0.4266	0.5016	0.4263	0.5737	0.5729	0.5722	0.3449
0.5760	0.3483	0.5701	0.4266	0.5016	0.4263	0.5737	0.5729	0.5722	0.3449
0.5760	0.3483	0.5701	0.4266	0.5016	0.4263	0.5737	0.5729	0.5722	0.3449
0.5760	0.3483	0.5701	0.4266	0.5016	0.4263	0.5737	0.5729	0.5722	0.3449
0.5760	0.3483	0.5701	0.4266	0.5016	0.4263	0.5737	0.5729	0.5722	0.3449
0.5760	0.3483	0.5701	0.4266	0.5016	0.4263	0.5737	0.5729	0.5722	0.3449
