0.2000	0.0024	0.9725	0.2596	0.3096	0.8027	0.0347	0.0128	0.0555	0.1336
1.0000	0.6561	0.9927	0.6323	0.9770	0.4526	1.0000	1.0000	0.3392	0.3018
0.5616	0.7290	1.0000	1.0000	0.0000	0.3463	0.6366	0.6543	0.4161	0.6304
0.5931	1.0000	0.3162	0.2823	0.1360	0.5898	0.6545	0.9557	0.7248	0.5730
0.3617	0.0000	0.0000	0.4941	0.0000	0.5898	0.1908	0.2421	0.4631	0.7845
0.3000	0.7954	0.0000	0.5716	0.3992	1.0000	0.2054	0.5791	0.2166	0.4144
0.7989	0.1848	0.0000	0.5716	0.3319	0.8792	0.5797	0.5139	0.4236	0.4144
0.6284	0.9584	0.5808	0.5716	1.0000	0.4972	0.5756	0.6607	0.4236	0.4144
0.5728	0.2752	0.5667	0.5716	0.5182	0.4972	0.5756	1.0000	0.5953	0.4144
0.4953	0.2752	0.5667	0.5293	0.8126	0.6375	0.7377	0.2739	0.5830	0.4144
0.4953	0.2752	0.5667	0.6478	0.2722	0.2729	0.6448	0.5047	0.6510	0.3448
0.4953	0.2752	0.5667	0.6478	0.4311	0.3510	0.4980	0.0000	0.6510	0.6430
0.4953	0.2752	0.5846	0.6478	0.7165	0.0000	0.8156	0.0000	0.2797	0.6430
0.4953	0.2752	0.5846	0.6478	0.6310	0.4371	0.0000	0.3154	0.5128	0.6430
0.4953	0.1421	0.5846	0.6478	0.3507	0.5028	0.8857	0.0000	0.4976	0.6430
0.4953	0.8663	0.3546	0.6478	0.2805	0.0000	0.9614	0.3576	0.6516	0.6430
0.4953	0.5747	0.3546	0.6478	0.2805	0.7785	0.0000	0.2770	0.6516	0.6430
0.4953	0.3445	0.3546	0.6478	1.0000	0.2839	0.4856	0.5610	0.5839	0.4280
0.3437	0.3445	0.3262	0.6478	0.5069	0.7478	0.0000	0.3519	0.4111	0.4280
0.5690	0.3445	0.4364	0.6478	0.5069	0.9857	0.0000	0.6434	0.4893	0.4280
0.5690	0.3445	0.3408	0.6478	0.5069	0.6693	0.6420	0.6434	0.4893	0.4280
0.4103	0.3445	0.4177	0.6478	0.6467	0.4160	0.2675	0.7205	0.4893	0.7258
0.4103	0.6595	0.4177	0.6478	0.6653	0.4160	0.4115	0.6700	0.4893	0.7258
0.4103	0.6408	0.4177	0.6478	0.6489	0.6611	0.7145	0.3462	0.4893	0.5795
0.4103	0.6408	0.4177	0.5103	0.2124	0.3422	0.4263	0.4875	0.4893	0.5795
0.4103	0.5870	0.4177	0.5103	0.7475	0.3422	0.4263	0.3373	0.4381	0.5795
0.4103	0.5870	0.4177	0.5103	1.0000	0.3422	0.4263	0.3528	0.5871	0.5795
0.4103	0.5870	0.6557	0.5799	0.5840	0.3422	0.4263	0.4970	0.8094	0.5795
0.4103	0.5870	0.6557	0.5799	0.2079	0.4148	0.4263	0.4970	0.4934	0.4963
0.4103	0.5870	0.6557	0.5799	0.3451	0.4148	0.4263	0.4970	0.4934	0.4963
0.4103	0.5870	0.6557	0.5799	0.2645	0.3521	0.4263	0.4970	0.4934	0.4963
0.4103	0.5870	0.6557	0.5799	0.5614	0.6543	0.4263	0.5863	0.4934	0.4963
0.4103	0.5870	0.6557	0.4297	0.5813	0.6543	0.4263	0.6536	0.4934	0.4963
0.4103	0.5870	0.6557	0.4297	0.5813	0.6543	0.4263	0.6536	0.5842	0.4963
0.4103	0.5870	0.6557	0.4297	0.3448	0.3437	0.4263	0.6536	0.4943	0.4963
0.4103	0.5870	0.6557	0.4297	0.4972	0.3437	0.4263	0.6536	0.4943	0.4963
0.5009	0.2829	0.6557	0.4297	0.5784	0.3437	0.4263	0.4127	0.4943	0.2725
0.5009	0.2008	0.6557	0.4297	0.5819	0.3437	0.4263	0.4127	0.4943	0.3558
0.5009	0.4233	0.6557	0.4297	0.5819	0.3437	0.4263	0.4127	0.4943	0.5894
0.5009	0.4233	0.6557	0.4297	0.5819	0.5121	0.4263	0.4127	0.4943	0.6499
0.5009	0.4233	0.6557	0.4297	0.5819	0.4323	0.4263	0.4127	0.4943	0.6499
0.5009	0.4233	0.6557	0.4297	0.5819	0.4323	0.4263	0.4127	0.4943	0.3452
0.3526	0.4233	0.5052	0.5091	0.5819	0.4323	0.4263	0.4127	0.4943	0.3452
0.3526	0.4233	0.5052	0.5855	0.5819	0.4323	0.4263	0.4127	0.4988	0.3434
0.5667	0.7320	0.5052	0.5855	0.5819	0.4246	0.4263	0.3465	0.4988	0.3434
0.5667	0.3628	0.5052	0.5855	0.5819	0.4246	0.4263	0.3465	0.4988	0.3434
0.5667	0.3628	0.5052	0.5855	0.5819	0.4246	0.4263	0.3465	0.4988	0.3434
0.5065	0.5769	0.5052	0.5855	0.5819	0.4246	0.4263	0.6490	0.4988	0.5822
0.5065	0.5769	0.5052	0.5855	0.5819	0.4246	0.4263	0.6490	0.4988	0.5822
0.5065	0.5769	0.5052	0.5855	0.5819	0.4246	0.4263	0.6490	0.4988	0.5822
0.5065	0.5769	0.5052	0.5855	0.5819	0.4246	0.4263	0.6490	0.4988	0.5822
0.5065	0.5769	0.5052	0.5855	0.5819	0.4223	0.4263	0.6490	0.4988	0.5822
0.5065	0.5769	0.5052	0.5855	0.5819	0.4223	0.4263	0.6490	0.4988	0.5822
0.5065	0.5769	0.5052	0.5855	0.5819	0.4223	0.6508	0.2693	0.4988	0.5822
0.5065	0.5769	0.5052	0.4183	0.5819	0.4223	0.6471	0.2693	0.4988	0.5822
0.5065	0.5769	0.5052	0.4183	0.5819	0.4223	0.4241	0.5869	0.4988	0.5822
0.5065	0.5769	0.5052	0.4183	0.5819	0.4223	0.4241	0.5869	0.4988	0.5822
0.5065	0.5769	0.5052	0.4183	0.5819	0.4223	0.4241	0.5869	0.4988	0.5822
0.5065	0.5769	0.5052	0.4183	0.5819	0.4223	0.4241	0.5869	0.4988	0.5822
0.5065	0.5769	0.5052	0.4183	0.5819	0.4223	0.4241	0.5869	0.4988	0.5822
0.5065	0.5769	0.5052	0.4183	0.5819	0.4223	0.4241	0.5869	0.4988	0.5822
0.5065	0.5769	0.5052	0.4183	0.5819	0.4223	0.4241	0.5869	0.4988	0.5822
0.5065	0.5769	0.5052	0.4183	0.5819	0.5803	0.4241	0.5869	0.4988	0.5822
0.5065	0.5769	0.5052	0.4183	0.5819	0.5803	0.4241	0.5869	0.4988	0.5822
0.5065	0.5769	0.5052	0.5067	0.5819	0.5803	0.4241	0.5869	0.4988	0.5822
0.5065	0.5769	0.5052	0.5067	0.5819	0.5803	0.4241	0.5869	0.4988	0.5822
0.5065	0.5769	0.5052	0.5067	0.5819	0.5803	0.4241	0.5869	0.4988	0.5822
0.5065	0.5769	0.5052	0.5067	0.5819	0.5009	0.4241	0.5869	0.4988	0.5822
0.5065	0.5769	0.5052	0.5067	0.5819	0.5009	0.4241	0.5869	0.4988	0.5822
0.5065	0.5769	0.5052	0.5067	0.5819	0.5009	0.4241	0.5869	0.4988	0.5822
0.5065	0.5769	0.5052	0.5067	0.5819	0.5009	0.4241	0.5869	0.4988	0.5822
0.5065	0.5769	0.5052	0.5067	0.5819	0.5009	0.4241	0.5869	0.4988	0.5822
0.5065	0.5769	0.5052	0.5067	0.5819	0.5009	0.4241	0.5869	0.4988	0.5822
0.5065	0.5769	0.5052	0.5067	0.5819	0.5009	0.4241	0.5869	0.4988	0.5822
0.5065	0.5769	0.5052	0.5067	0.5819	0.5009	0.4241	0.4323	0.4988	0.5822
0.5065	0.5769	0.5052	0.5067	0.5819	0.5009	0.4241	0.4323	0.4988	0.5822
0.5065	0.5769	0.5052	0.5067	0.5819	0.5009	0.4241	0.3429	0.4988	0.5822
0.5065	0.5769	0.5052	0.5067	0.5819	0.5009	0.4241	0.3429	0.4988	0.5822
0.5065	0.3478	0.5052	0.5067	0.5819	0.5009	0.4241	0.3429	0.4988	0.5822
0.5065	0.3478	0.5052	0.5067	0.5819	0.5009	0.5754	0.3429	0.4988	0.5822
0.5065	0.3478	0.5052	0.5067	0.5819	0.5009	0.5754	0.3429	0.4988	0.5822
0.5065	0.3478	0.5052	0.5067	0.5045	0.5009	0.5754	0.3429	0.4988	0.5822
0.5065	0.3478	0.5052	0.5015	0.5045	0.5009	0.5754	0.3429	0.4988	0.5822
0.5065	0.3478	0.5052	0.5015	0.5045	0.5009	0.5754	0.3429	0.4988	0.5822
0.5065	0.3517	0.5052	0.5015	0.5045	0.5009	0.5754	0.3429	0.4988	0.5822
0.5065	0.3517	0.5052	0.5015	0.5045	0.5009	0.5754	0.3429	0.4988	0.5822
0.5065	0.3517	0.5052	0.5015	0.5045	0.5009	0.5754	0.3429	0.4988	0.5822
0.5065	0.3517	0.5052	0.5015	0.5045	0.5009	0.5754	0.3429	0.4988	0.5822
0.5065	0.3517	0.5052	0.5015	0.5045	0.5009	0.5754	0.3429	0.4988	0.5822
0.5065	0.3517	0.5052	0.5015	0.5045	0.5009	0.5754	0.4169	0.4988	0.5822
0.5065	0.3517	0.5052	0.5015	0.5045	0.5009	0.5826	0.4169	0.4988	0.5822
0.4964	0.3517	0.5052	0.5015	0.5045	0.5009	0.5826	0.5791	0.4988	0.5822
0.4964	0.3517	0.5052	0.5015	0.5045	0.5009	0.5826	0.5791	0.4988	0.5822
0.4964	0.3517	0.5052	0.5015	0.5045	0.5009	0.4996	0.5791	0.4988	0.5822
0.4964	0.3517	0.5052	0.5015	0.5045	0.5009	0.4996	0.5791	0.4988	0.5822
0.4964	0.3517	0.5052	0.5015	0.5045	0.4988	0.4996	0.5791	0.4988	0.5822
0.4964	0.3517	0.5052	0.5015	0.5045	0.4988	0.4996	0.5791	0.4988	0.5822
0.4964	0.3517	0.5052	0.5015	0.5045	0.4988	0.4996	0.5791	0.4988	0.5822
0.4964	0.3517	0.5052	0.5015	0.5045	0.4988	0.4996	0.5791	0.4988	0.5822
0.4964	0.4946	0.5052	0.5015	0.5045	0.4988	0.4996	0.5791	0.4988	0.5822
0.4964	0.4946	0.5052	0.5015	0.5045	0.4988	0.4996	0.5791	0.4988	0.5822
