0.5852	0.8727	0.7876	0.4193	0.5321	0.1427	0.9130	0.5031	0.5415	0.4549	0.2852	0.4162	0.6504	0.6819	0.3435	0.9509	0.4986	0.0113	0.8636	0.7055
0.5124	0.6387	0.0365	1.0000	0.0000	0.4393	0.0000	0.4470	0.4368	0.5729	0.9574	0.2976	1.0000	0.4749	0.0000	0.3250	0.7860	1.0000	1.0000	0.8468
0.0979	0.4858	0.6223	0.3054	0.3859	0.3260	1.0000	1.0000	0.7012	0.6225	0.4302	1.0000	0.4951	0.1511	0.5113	0.5069	0.4019	0.8282	0.3950	0.3938
0.2875	0.7299	1.0000	0.0000	0.0000	0.1964	0.4481	0.3128	0.5683	0.4946	0.0000	0.6656	0.8014	0.1006	1.0000	0.5069	0.3815	0.3363	0.3872	1.0000
0.3914	0.6229	0.7496	0.4912	0.0523	0.5780	0.0000	0.8158	0.6114	0.2181	0.6694	0.5673	0.0000	0.5075	0.7715	0.5069	0.5023	1.0000	0.5013	0.5538
0.5067	0.6229	0.6882	0.8848	0.6135	0.9946	0.4836	0.6279	0.6114	0.0000	0.3257	0.6764	0.6723	0.3888	0.5426	0.3786	0.6752	0.6698	0.5013	0.7265
0.6602	0.4433	0.6345	1.0000	0.2605	0.5532	0.0000	0.2549	0.6114	0.3835	0.0000	0.6764	0.6325	0.3888	0.2144	0.3786	0.0963	0.7447	0.6721	0.0000
0.7210	0.4433	0.4548	0.0392	0.4548	0.0000	0.3684	0.2677	0.6114	0.0000	0.5077	0.6764	0.6343	0.3927	0.4542	0.3786	0.5660	0.3735	0.6721	0.7908
0.3952	0.4433	0.4548	0.3828	0.5633	0.4776	0.4952	0.0000	0.6114	0.6078	0.5077	0.6764	0.6243	0.7099	0.6868	0.3786	0.4887	0.5863	0.6721	0.3469
0.4420	0.4433	0.3697	0.6284	0.3767	0.3673	0.0000	0.7312	0.6805	0.0000	0.5077	0.6150	0.6243	0.6844	0.4254	0.5664	0.4459	0.6296	0.6721	1.0000
0.4420	0.4433	0.0000	0.7902	0.0000	0.7732	0.0000	0.6145	0.8025	1.0000	0.3296	0.3286	0.5641	0.4285	0.3776	0.5664	0.0000	0.0170	0.6721	0.3250
0.4420	0.4433	0.2648	0.0728	0.1164	0.3205	0.3025	0.6017	0.3155	0.5511	0.0000	0.3286	0.5641	0.5101	0.3776	0.5664	0.6937	0.5173	0.5646	0.7396
0.4420	0.4433	0.6798	1.0000	0.0000	0.3205	0.7337	0.3236	0.3554	0.0000	0.6257	0.3286	0.5641	0.5101	0.0000	0.5664	0.2387	0.6206	0.5646	0.7396
0.4420	0.4433	0.0000	0.0000	0.5089	0.3205	0.4911	0.4109	0.5306	0.3001	0.5511	0.3286	0.5641	0.4988	0.0000	0.5664	0.4472	0.5684	0.5646	0.5023
0.4420	0.4433	0.6083	0.3907	0.0000	0.3205	0.7444	0.3496	0.4494	0.2174	0.5511	0.3286	0.5641	0.4988	0.0000	0.5664	0.4472	0.3855	0.5646	0.5023
0.4420	0.4433	0.5634	0.4346	0.0388	0.5550	0.3101	0.0886	0.3410	0.6442	0.5511	0.3286	0.5641	0.4988	0.4986	0.5664	1.0000	0.8710	0.5646	0.5023
0.4420	0.5049	0.5634	0.4346	0.4482	0.1892	0.8367	0.4527	0.4174	0.4885	0.5511	0.4322	0.5641	0.4988	0.8494	0.5664	1.0000	0.0000	0.5646	0.5626
0.3824	0.5049	0.5634	0.4346	0.7389	0.0000	1.0000	0.7303	0.3027	0.1844	0.6842	0.4322	0.5641	0.5032	0.0813	0.3198	0.6341	0.3333	0.5646	0.5626
0.4571	0.3199	0.5634	0.4346	0.5670	0.3412	0.7229	0.0000	0.6288	0.6710	0.6842	0.4322	0.5641	0.5055	0.3485	0.3198	0.7779	0.3730	0.5646	0.5626
0.0900	0.3199	0.5634	0.5028	0.6124	0.4262	0.6209	0.6059	0.0824	0.3916	0.6143	0.4322	0.5641	0.9251	0.5474	0.3198	0.6692	0.5511	0.5646	0.5626
0.5911	0.3199	0.5634	0.5028	0.4412	0.6141	0.5976	0.6059	0.0000	0.7500	0.6143	0.3860	0.5641	0.8088	0.5553	0.4403	0.7383	0.9579	0.5646	0.5626
0.4570	0.3199	0.6208	0.5028	0.4412	0.5500	0.6561	0.5530	1.0000	0.8793	0.5621	0.4968	0.5641	0.0000	0.4369	0.5581	0.0772	0.3873	0.5646	0.5626
0.7252	0.3199	0.4460	0.5028	0.6763	1.0000	0.3216	0.3782	0.2551	0.5116	0.3830	0.4968	0.5641	0.5612	0.2131	0.5581	0.0511	1.0000	0.4919	0.5626
0.3909	0.3199	0.4460	0.6730	0.6153	0.5013	0.6234	0.6733	0.8344	0.7309	0.3830	0.4968	0.5641	0.7180	0.9437	0.5581	0.2004	0.5607	0.4919	0.5626
0.5585	0.3199	0.4460	0.6694	0.6153	0.5013	0.3860	0.6733	0.5628	0.5606	0.3830	0.3223	0.4443	0.3848	0.3257	0.5581	0.2294	0.3880	0.4919	0.5626
0.9614	0.3199	0.4460	0.6694	0.6674	0.5013	0.3860	0.6733	0.3773	0.5606	0.6801	0.3223	0.4443	0.2703	0.6729	0.5581	0.4924	0.3164	0.4919	0.5626
0.0000	0.3199	0.4460	0.6694	0.6261	0.5013	0.3860	0.6178	0.5674	0.5606	0.6801	0.3223	0.4443	0.0392	0.6124	0.5581	0.6332	0.3164	0.4919	0.5626
0.4337	0.3199	0.4460	0.4425	0.6261	0.5013	0.3860	0.6178	0.5674	0.5606	0.7226	0.3223	0.4443	0.5512	0.4505	0.5581	0.6171	0.3164	0.4919	0.5626
0.4337	0.3199	0.4460	0.4425	0.6261	0.5013	0.3860	0.6178	0.5088	0.5606	0.5007	0.3214	0.4443	0.5512	0.3862	0.5581	0.6171	0.3164	0.4919	0.5626
0.3726	0.6225	0.4460	0.4425	0.6261	0.5013	0.3860	0.6178	0.5088	0.5606	0.5007	0.3214	0.4417	0.5512	0.3862	0.4947	0.6171	0.6709	0.4919	0.5626
0.3726	0.6225	0.4460	0.4425	0.5092	0.5013	0.3860	0.6178	0.4998	0.5606	0.3475	0.3214	0.4417	0.5512	0.3862	0.4947	0.3839	0.6709	0.4919	0.5626
0.3827	0.3832	0.4460	0.4425	0.5092	0.5013	0.6135	0.6178	0.4998	0.5503	0.6182	0.6112	0.4412	0.5512	0.5019	0.4947	0.3839	0.6709	0.4919	0.5626
0.3827	0.3832	0.4460	0.4425	0.4330	0.5013	0.6135	0.6178	0.4998	0.5503	0.5595	0.4965	0.6219	0.5512	0.5019	0.4947	0.3839	0.6133	0.4919	0.5626
0.3827	0.3832	0.4460	0.4425	0.4330	0.5013	0.6135	0.6178	0.4383	0.3259	0.5595	0.4965	0.6219	0.5512	0.5019	0.4947	0.1027	0.6133	0.3864	0.5626
0.3827	0.3832	0.4460	0.4425	0.4436	0.5013	0.6135	0.6051	0.4383	0.3259	0.5595	0.4965	0.6219	0.5512	0.5019	0.4947	0.5069	0.5668	0.3864	0.5626
0.3827	0.3832	0.4460	0.4425	0.4436	0.5013	0.6185	0.6051	0.6103	0.2472	0.5595	0.3820	0.6219	0.3847	0.5019	0.4947	0.5069	0.5668	0.3864	0.5626
0.3827	0.5061	0.4460	0.4425	0.4436	0.5013	0.4486	0.6051	0.6103	0.7284	0.5595	0.3820	0.6219	0.3847	0.5019	0.4920	0.4966	0.5668	0.3864	0.5626
0.3827	0.5061	0.4460	0.4425	0.4436	0.5013	0.4486	0.6051	0.6103	0.7284	0.5595	0.3820	0.6219	0.6151	0.5019	0.4920	0.4966	0.5668	0.3864	0.5626
0.3827	0.5061	0.4460	0.4425	0.4436	0.5013	0.4486	0.6051	0.6103	0.5604	0.5595	0.3820	0.6219	0.6151	0.5019	0.4920	0.4966	0.5668	0.3864	0.5626
0.3827	0.5061	0.4460	0.4425	0.4436	0.5013	0.4486	0.6051	0.6103	0.6284	0.5595	0.4363	0.6219	0.6151	0.5019	0.4920	0.4305	0.5668	0.6203	0.5626
0.3827	0.5061	0.4460	0.5649	0.4436	0.5013	0.4486	0.4302	0.3170	0.3839	0.5595	0.4363	0.6219	0.6151	0.5019	0.4456	0.6159	0.5668	0.6203	0.5626
0.3827	0.5061	0.4460	0.5649	0.4436	0.5013	0.4486	0.4302	0.3796	0.3839	0.5595	0.4363	0.6219	0.6151	0.5019	0.4456	0.6159	0.5668	0.6203	0.3889
0.3827	0.5061	0.4460	0.5649	0.4436	0.5013	0.4486	0.4302	0.3796	0.3839	0.5595	0.4363	0.6219	0.6151	0.5019	0.4456	0.6159	0.5668	0.6203	0.6278
0.3827	0.5061	0.4460	0.5525	0.4436	0.5013	0.4486	0.4302	0.3796	0.3912	0.5587	0.4363	0.6219	0.6151	0.5019	0.4456	0.6159	0.3193	0.6203	0.6278
0.3827	0.5061	0.4460	0.5006	0.4436	0.5013	0.4486	0.4302	0.3796	0.3912	0.5587	0.4363	0.6219	0.6151	0.5019	0.4456	0.6159	0.3193	0.6203	0.6278
0.3827	0.5061	0.4460	0.5006	0.4436	0.5013	0.4486	0.4302	0.3796	0.5523	0.4413	0.4363	0.5002	0.5644	0.5019	0.4456	0.6159	0.3193	0.6203	0.6278
0.3827	0.5061	0.4460	0.5006	0.3834	0.5013	0.4486	0.3792	0.3796	0.5523	0.4413	0.4363	0.5002	0.4918	0.5019	0.4456	0.5534	0.3193	0.6203	0.4967
0.3827	0.5061	0.4460	0.5006	0.3834	0.5013	0.4486	0.5053	0.5669	0.5523	0.4413	0.4363	0.5002	0.4918	0.5019	0.4456	0.3805	0.3193	0.6203	0.4967
0.3827	0.5061	0.4460	0.5006	0.3834	0.5013	0.4486	0.5053	0.5613	0.5523	0.4413	0.4363	0.5002	0.4918	0.5019	0.4456	0.3805	0.3193	0.6203	0.4967
0.3220	0.5061	0.4460	0.5006	0.3834	0.5013	0.4486	0.5053	0.5552	0.5523	0.4413	0.4363	0.5002	0.6768	0.5019	0.4456	0.3805	0.6225	0.6203	0.4967
0.3220	0.5061	0.4460	0.6152	0.3834	0.5013	0.4486	0.5053	0.5552	0.5523	0.4413	0.4363	0.5002	0.6768	0.5019	0.4456	0.3805	0.3802	0.6203	0.4967
0.4396	0.5061	0.4460	0.6152	0.3834	0.5013	0.4486	0.4463	0.5552	0.5523	0.4413	0.4363	0.5002	0.6768	0.5019	0.4456	0.3805	0.3802	0.6203	0.4967
0.4396	0.4935	0.4460	0.6152	0.3834	0.5013	0.3796	0.4463	0.5552	0.4976	0.4413	0.4363	0.5002	0.6768	0.5019	0.4456	0.3805	0.3802	0.6203	0.4967
0.4396	0.4935	0.4460	0.3888	0.3834	0.5013	0.3796	0.4463	0.5552	0.4976	0.4413	0.4363	0.5002	0.6229	0.5019	0.4456	0.3805	0.3802	0.6203	0.4967
0.4396	0.4935	0.4460	0.3888	0.3834	0.5013	0.3796	0.4463	0.5552	0.4976	0.4413	0.4363	0.5002	0.6229	0.5019	0.4456	0.3805	0.4399	0.6203	0.4967
0.4396	0.4935	0.4460	0.3888	0.3834	0.5013	0.3796	0.4463	0.5552	0.5527	0.4413	0.4363	0.5002	0.6229	0.5019	0.4456	0.3805	0.4399	0.6203	0.4967
0.4486	0.4935	0.4460	0.3888	0.3834	0.5013	0.3796	0.4463	0.5552	0.5527	0.4413	0.4363	0.5002	0.6229	0.5019	0.4456	0.3805	0.4399	0.5614	0.4967
0.4486	0.4958	0.4460	0.3888	0.3834	0.5013	0.3796	0.4463	0.5552	0.5527	0.4413	0.4363	0.5002	0.6229	0.5019	0.4456	0.3805	0.4399	0.5614	0.4967
0.4486	0.4958	0.4460	0.6166	0.5019	0.5013	0.3796	0.4463	0.5552	0.5527	0.4413	0.4363	0.5002	0.6229	0.5019	0.4456	0.3805	0.4399	0.5614	0.4502
0.4486	0.4958	0.4460	0.6166	0.5019	0.5013	0.3796	0.4463	0.5552	0.5527	0.4413	0.4363	0.5002	0.6207	0.5019	0.4456	0.3805	0.4399	0.5614	0.4502
0.4486	0.4958	0.4460	0.6166	0.5019	0.5013	0.3796	0.4463	0.5552	0.5527	0.4413	0.4363	0.5002	0.6207	0.5019	0.4456	0.5000	0.4399	0.5614	0.4502
0.4486	0.4958	0.4460	0.6166	0.5019	0.5013	0.3796	0.4463	0.5552	0.5527	0.4413	0.4363	0.5002	0.6207	0.5019	0.4456	0.5000	0.4399	0.5614	0.4502
0.4486	0.4958	0.4460	0.6739	0.5019	0.5013	0.3796	0.4463	0.5552	0.5527	0.4413	0.4363	0.5002	0.6207	0.5019	0.4456	0.5000	0.4399	0.5614	0.4502
0.4486	0.4958	0.4460	0.6739	0.5019	0.5013	0.3796	0.4419	0.5552	0.5527	0.4413	0.4363	0.5002	0.6207	0.5019	0.4456	0.5000	0.4399	0.5614	0.4502
0.4486	0.4958	0.4460	0.5002	0.5558	0.5013	0.3796	0.4419	0.5532	0.5527	0.4413	0.4363	0.5002	0.6207	0.5019	0.4456	0.5000	0.4399	0.5614	0.4502
0.4486	0.4958	0.4460	0.5002	0.5558	0.5013	0.3796	0.3803	0.5532	0.5527	0.4413	0.4363	0.5002	0.3856	0.5019	0.4456	0.5000	0.4399	0.5614	0.4502
0.4486	0.4958	0.4460	0.5002	0.5558	0.5013	0.3796	0.3803	0.5532	0.5527	0.4413	0.4363	0.5002	0.3856	0.5019	0.4456	0.5000	0.4399	0.5614	0.4502
0.4486	0.4958	0.4460	0.5002	0.5558	0.5013	0.3796	0.3803	0.5532	0.4391	0.4413	0.4363	0.5002	0.3856	0.5019	0.4456	0.5000	0.4399	0.5614	0.4502
0.4486	0.4958	0.4460	0.5002	0.5558	0.5013	0.3796	0.3803	0.5532	0.4391	0.4413	0.4363	0.5002	0.3856	0.5019	0.4456	0.5000	0.4399	0.5614	0.4502
0.3809	0.4958	0.4460	0.5002	0.5558	0.5013	0.5594	0.3803	0.5532	0.4391	0.4413	0.4363	0.5002	0.3856	0.5019	0.4456	0.5000	0.4399	0.5614	0.4502
0.3809	0.4958	0.4460	0.5002	0.5558	0.5013	0.5062	0.3803	0.5532	0.4391	0.4413	0.4363	0.5002	0.3856	0.5019	0.4456	0.5000	0.4399	0.5614	0.4960
0.3809	0.4958	0.4460	0.6158	0.5558	0.5013	0.5062	0.3803	0.5532	0.4391	0.4413	0.4363	0.5002	0.3856	0.5019	0.4456	0.5000	0.4399	0.5614	0.4960
0.3809	0.4958	0.4460	0.6158	0.5558	0.5013	0.5062	0.3803	0.5532	0.4391	0.4413	0.4363	0.5002	0.3856	0.5019	0.4456	0.5000	0.4399	0.5614	0.4960
0.3809	0.5595	0.4460	0.6158	0.5558	0.5013	0.5062	0.3803	0.5532	0.4391	0.4413	0.4363	0.5002	0.3856	0.5019	0.4456	0.5000	0.4399	0.5614	0.4968
0.3809	0.5595	0.4460	0.6158	0.5558	0.5013	0.5062	0.3803	0.5579	0.4391	0.4413	0.4363	0.5002	0.3856	0.5019	0.4456	0.5000	0.4399	0.5614	0.4968
0.3809	0.5595	0.4460	0.6158	0.5558	0.5013	0.5062	0.3803	0.5579	0.4391	0.4413	0.4363	0.5002	0.3856	0.5019	0.4456	0.4451	0.4399	0.5614	0.4968
0.3809	0.5595	0.4460	0.6158	0.5558	0.5013	0.5062	0.3803	0.5579	0.4391	0.4413	0.4363	0.5002	0.3856	0.5019	0.4456	0.4451	0.4399	0.5614	0.4968
0.3809	0.5595	0.4460	0.6158	0.5558	0.5013	0.5062	0.3803	0.5579	0.4391	0.4413	0.4363	0.5002	0.3856	0.5019	0.4456	0.4451	0.4399	0.5614	0.4968
0.3809	0.5595	0.4460	0.6158	0.5558	0.5013	0.5638	0.3803	0.5579	0.4391	0.4413	0.4363	0.5002	0.3856	0.5019	0.4456	0.4451	0.4399	0.5614	0.4968
0.3809	0.5595	0.4460	0.6158	0.5558	0.5013	0.5638	0.3803	0.5579	0.4391	0.4413	0.4363	0.5002	0.3856	0.5019	0.4456	0.4451	0.4399	0.5614	0.4968
0.3809	0.5595	0.4460	0.6158	0.5558	0.5013	0.5638	0.3803	0.5579	0.4391	0.4413	0.4363	0.5002	0.3856	0.5019	0.4456	0.4451	0.4399	0.5614	0.4968
0.3809	0.5595	0.4460	0.6158	0.5558	0.5013	0.5638	0.3803	0.5579	0.4391	0.4413	0.4363	0.5002	0.3856	0.5019	0.4456	0.4451	0.4399	0.5614	0.4968
0.3809	0.5595	0.4460	0.6158	0.5558	0.5013	0.5638	0.3803	0.5579	0.4391	0.4413	0.4363	0.5002	0.3856	0.5019	0.5009	0.4451	0.4399	0.5614	0.4968
0.3809	0.5595	0.4460	0.4429	0.5558	0.5013	0.5638	0.3803	0.5579	0.4391	0.4413	0.4481	0.5002	0.3856	0.5019	0.5009	0.4451	0.4399	0.5614	0.4968
0.3809	0.5595	0.4460	0.4429	0.5558	0.5013	0.5638	0.3803	0.5579	0.4391	0.4413	0.4481	0.5002	0.3856	0.5019	0.5009	0.4451	0.4399	0.5614	0.4968
0.3809	0.5595	0.4460	0.4429	0.5558	0.5013	0.5638	0.3803	0.5579	0.4391	0.4413	0.4481	0.4981	0.3856	0.5019	0.5009	0.4451	0.4399	0.5614	0.4968
0.3809	0.5595	0.4460	0.4429	0.5558	0.5013	0.5638	0.3803	0.5579	0.4391	0.4413	0.5017	0.4981	0.3843	0.5019	0.5009	0.4451	0.4399	0.5614	0.4968
0.3809	0.5595	0.4460	0.4429	0.5558	0.5013	0.5638	0.3803	0.5579	0.4391	0.4413	0.5017	0.4981	0.3843	0.5019	0.5009	0.4451	0.4399	0.5614	0.4968
0.3809	0.5595	0.4460	0.4429	0.5558	0.5013	0.5638	0.3803	0.5579	0.4391	0.4413	0.5017	0.4981	0.3843	0.5020	0.5009	0.4451	0.4399	0.5614	0.4968
0.3809	0.5595	0.4460	0.4429	0.5558	0.5013	0.5638	0.3803	0.5579	0.4349	0.4413	0.5017	0.4981	0.3843	0.5020	0.5009	0.4451	0.4399	0.5614	0.4968
0.3809	0.5595	0.4460	0.4429	0.5558	0.5013	0.5638	0.3803	0.5579	0.4349	0.4413	0.5017	0.4981	0.4361	0.5020	0.5009	0.4451	0.4399	0.5614	0.4968
0.3809	0.5595	0.4460	0.4429	0.5558	0.5013	0.5638	0.3803	0.5579	0.5632	0.4413	0.5017	0.4981	0.4361	0.5020	0.5009	0.4451	0.4399	0.5614	0.4968
0.3809	0.5595	0.4460	0.4429	0.5558	0.5013	0.5638	0.3803	0.5579	0.5632	0.4413	0.5017	0.4981	0.4361	0.5020	0.5009	0.4451	0.4399	0.5614	0.4968
0.3809	0.5595	0.4460	0.4429	0.5558	0.5013	0.5638	0.3803	0.5579	0.5550	0.4413	0.5017	0.4981	0.4361	0.5020	0.5009	0.4451	0.4399	0.5614	0.4968
0.3809	0.5595	0.4460	0.4429	0.5558	0.5013	0.5638	0.3803	0.5579	0.5550	0.4413	0.5017	0.4981	0.4361	0.5020	0.5009	0.4451	0.4399	0.5614	0.4968
0.3809	0.5595	0.4460	0.4429	0.5558	0.5013	0.5638	0.3803	0.5579	0.5550	0.4413	0.5017	0.4981	0.4361	0.5020	0.5009	0.4451	0.4399	0.5614	0.4968
0.3809	0.5595	0.4460	0.4429	0.5558	0.5013	0.5638	0.3803	0.5579	0.5550	0.4413	0.5017	0.4981	0.4361	0.5020	0.5009	0.4451	0.4399	0.5614	0.4968
0.3809	0.5595	0.4460	0.4429	0.5558	0.5013	0.5638	0.3803	0.5579	0.5550	0.4413	0.5017	0.4981	0.4361	0.5020	0.5009	0.4451	0.4399	0.5614	0.4968
0.3809	0.5595	0.4460	0.4429	0.5558	0.5013	0.5638	0.3803	0.5579	0.5631	0.4413	0.5017	0.4981	0.4361	0.5020	0.5009	0.4451	0.4399	0.5614	0.4968
0.3809	0.5595	0.4460	0.4429	0.5558	0.5013	0.5638	0.3803	0.5579	0.5631	0.4413	0.5017	0.4981	0.4361	0.5020	0.5009	0.4451	0.4399	0.5614	0.4968
0.3809	0.5595	0.4460	0.4429	0.5558	0.5013	0.5638	0.3803	0.5579	0.5631	0.4413	0.5017	0.4981	0.4361	0.5020	0.5009	0.4451	0.4399	0.5614	0.4968
