0.2154	0.0982	0.2766	0.7835	0.1847	0.9574	0.4665	0.7207	0.4104	0.9337	0.3245	0.0146	0.9896	0.8331	0.0384	0.3708	0.8279	0.8366	0.4030	0.9226
0.1911	0.2706	0.5850	0.7395	0.8807	0.7113	0.4219	0.2918	0.4704	0.5806	0.9405	0.8517	1.0000	0.0000	0.0484	0.0000	1.0000	0.5788	0.0000	0.6383
0.4404	0.2706	0.4115	0.5541	0.1795	0.3535	0.6372	1.0000	0.0000	0.4371	1.0000	0.5841	0.0000	0.4002	0.7334	0.8212	0.0000	0.0000	0.2651	0.6591
0.5083	0.1940	0.4115	0.2345	0.4056	0.5104	0.0940	0.1916	0.3481	0.1701	0.4398	0.5767	0.5710	0.2133	0.5655	0.4222	0.9681	1.0000	0.3645	1.0000
0.1739	0.7128	0.6488	0.4961	0.4464	0.5104	0.5148	0.1916	0.3481	1.0000	0.1923	0.0000	0.9765	0.1585	0.5043	0.3469	0.5054	0.4355	0.6539	0.6914
0.4486	0.6541	0.6488	0.1818	0.3502	0.5104	0.5148	0.5832	0.0735	0.4151	0.5890	0.5134	0.4311	0.4992	0.5043	0.3469	0.3439	0.4355	0.6539	0.3814
0.5060	0.5810	0.6488	0.5477	0.2519	0.5104	0.5094	0.3555	0.4200	0.4151	0.5890	1.0000	0.4311	0.4283	0.5043	0.3469	0.3439	0.4355	0.4146	0.7383
0.5792	0.4244	0.6488	0.9677	1.0000	0.5104	0.5094	0.5096	0.7961	0.4151	0.3479	0.9828	1.0000	0.4283	0.5043	0.3469	0.1117	0.4355	0.4146	0.8480
0.5792	0.4244	0.5045	0.8161	0.3585	0.5803	0.5094	0.5862	0.4035	0.4151	0.3479	0.5121	0.9961	0.4283	0.5043	0.3469	0.9027	0.4355	0.4146	0.5083
0.5792	0.4244	0.5954	0.4302	0.5063	0.5803	0.5094	1.0000	0.4409	0.4151	0.3479	0.4287	0.6623	0.4283	0.5043	0.3469	0.2881	0.6441	0.4146	0.8138
0.5792	0.4244	0.5096	0.6420	0.0000	0.5803	0.5094	0.4240	0.1221	0.4151	0.3479	0.4287	0.3516	0.4283	0.5043	0.3469	0.6493	0.0000	0.4146	0.4271
0.5792	0.5833	0.5096	0.5123	0.5626	0.5803	0.5094	0.4445	1.0000	0.4151	0.3479	0.4287	0.5715	0.0569	0.5043	0.3469	0.3994	0.5104	0.4146	0.4271
0.5742	0.5833	0.5096	1.0000	0.5626	0.5803	0.5094	0.5171	0.5085	0.4151	0.3479	0.4287	0.0000	0.2916	0.5043	0.3469	0.5759	0.6530	0.4146	0.3581
1.0000	0.5833	0.5096	0.5810	0.6198	0.5757	0.5094	0.5801	0.4811	0.4151	0.3479	0.5808	0.9826	0.4359	0.5043	0.3469	0.3398	0.6530	0.4146	1.0000
0.5966	0.0000	0.5096	0.5722	0.0000	0.5757	0.4335	0.5801	0.4134	0.4151	0.3479	0.4244	0.5831	1.0000	0.5043	0.3469	1.0000	0.6530	0.4146	1.0000
0.7142	0.0000	0.5096	0.5722	0.2457	0.5757	0.7424	0.5801	0.5825	0.4151	0.3479	0.7244	0.0725	0.4367	0.5043	0.3469	1.0000	0.6530	0.3531	0.5082
0.3303	1.0000	0.7328	0.5722	1.0000	0.5757	0.7966	0.5801	0.5724	0.4151	0.3479	0.2634	0.4779	0.2709	0.5043	0.3469	0.6733	0.6530	0.3531	0.6570
0.6473	0.0000	0.2714	0.5722	0.4148	0.5757	0.6569	0.5801	0.5724	0.4151	0.3479	0.5012	0.5810	0.2709	0.5043	0.3469	0.4993	0.6530	0.3531	0.4423
0.2631	0.3376	0.2714	0.5722	0.4867	0.5757	0.6569	0.5801	0.5724	0.4151	0.3479	0.5779	0.5810	0.2709	0.5043	0.4244	0.4993	0.7293	0.3531	0.5256
0.7232	0.5801	0.3569	0.5722	1.0000	0.5757	0.6569	0.5801	0.5724	0.4151	0.6595	0.5146	0.5810	0.7386	0.5043	0.4244	0.4993	0.4990	0.3531	0.8001
0.4885	0.5801	0.4448	0.4377	0.6622	0.5757	0.4295	0.5801	0.5724	0.4151	0.6566	1.0000	0.5810	0.4141	0.5043	0.4244	0.4993	0.4990	0.6601	0.5849
0.4224	0.5801	0.9666	0.7343	0.5862	0.5757	0.4295	0.5801	0.5724	0.4151	0.6566	0.0000	0.5810	0.4141	0.5043	0.4244	0.4993	0.4990	0.4290	0.4951
0.4224	0.5801	0.8385	0.7343	0.4139	0.5757	0.4295	0.5801	0.5724	0.4151	0.6566	0.0480	0.5810	1.0000	0.5043	0.5038	0.4993	0.4990	0.4290	0.4951
0.4224	0.5801	0.6458	0.7343	0.5816	0.5757	0.4295	0.5801	0.5724	0.4151	0.6566	0.4285	0.5810	1.0000	0.5043	0.5038	0.4993	0.4990	0.4290	0.4951
0.5659	0.5801	0.5079	0.7343	0.5790	0.5757	0.4948	0.5801	0.5724	0.4152	0.6566	0.3569	0.5810	0.5751	0.5043	0.5038	0.4993	0.5929	0.4290	0.4951
0.5007	0.5801	0.5079	0.7343	0.5790	0.5757	0.4948	0.5801	0.5724	0.4152	0.6566	0.5132	0.5810	0.5751	0.5043	0.5038	0.4993	0.5929	0.4930	0.4951
0.5007	0.5801	0.5079	0.6459	0.5790	0.5757	0.4948	0.5801	0.5724	0.4152	0.6566	0.4970	0.5810	0.4928	0.5043	0.5038	0.4993	0.5929	0.6576	0.4951
0.5007	0.5801	0.5079	0.2680	0.5790	0.4995	0.4948	0.5791	0.5724	0.4152	0.6566	0.4970	0.5810	0.4928	0.5043	0.5038	0.4993	0.5929	0.6576	0.5717
0.5007	0.5801	0.5079	0.1108	0.4930	0.5712	0.4948	0.5791	0.5724	0.4152	0.4169	0.4970	0.5810	0.4928	0.5043	0.5038	0.4993	0.5929	0.6576	0.5717
0.5007	0.5801	0.5079	0.3560	0.4930	0.5712	0.4948	0.5791	0.5724	0.4152	0.4169	0.4970	0.5810	0.4928	0.5043	0.5038	0.4993	0.5929	0.6576	0.5717
0.5007	0.5801	0.5079	0.6560	0.4930	0.5712	0.4948	0.5791	0.4175	0.4152	0.6558	0.4970	0.5718	0.4928	0.5043	0.5038	0.4993	0.5646	0.6576	0.5717
0.5007	0.5801	0.5079	0.4217	0.4930	0.5712	0.4948	0.5791	0.4175	0.4152	0.6558	0.4970	0.5718	0.5065	0.5043	0.5038	0.4993	0.5646	0.6576	0.5717
0.5007	0.5801	0.5079	0.4217	0.4930	0.5712	0.4948	0.5791	0.4175	0.4152	0.6558	0.4970	0.5718	0.5065	0.5043	0.5038	0.4993	0.5646	0.4943	0.5717
0.5007	0.5801	0.7394	0.3471	0.5750	0.4223	0.4948	0.5791	0.4175	0.4152	0.6558	0.2735	0.5718	0.5065	0.5043	0.5046	0.4993	0.5646	0.4943	0.5717
0.5927	0.5801	0.4070	0.3471	0.5750	0.4223	0.4948	0.5791	0.4175	0.4152	0.6558	0.2735	0.5718	0.5065	0.5043	0.5046	0.4993	0.5646	0.4943	0.5717
0.5927	0.5801	0.3442	0.3471	0.5750	0.4223	0.4948	0.5791	0.4175	0.4152	0.6558	0.2735	0.5718	0.5065	0.5043	0.5046	0.4993	0.4970	0.4943	0.3458
0.5636	0.5801	0.3442	0.3471	0.5750	0.4223	0.4151	0.5791	0.4175	0.4152	0.6558	0.4897	0.4284	0.5065	0.5043	0.5046	0.4993	0.4970	0.4943	0.5665
0.5658	0.5801	0.4261	0.3471	0.5750	0.4223	0.4151	0.5791	0.4175	0.4152	0.6558	0.1998	0.4284	0.5065	0.5043	0.5046	0.4993	0.5814	0.4943	0.4215
0.5658	0.5801	0.4261	0.3471	0.5750	0.4223	0.4151	0.5791	0.4175	0.4152	0.6558	0.1998	0.4284	0.5065	0.5043	0.5046	0.4993	0.5814	0.4943	0.4215
0.5658	0.5801	0.4216	0.3471	0.5750	0.4223	0.4151	0.5791	0.4175	0.4152	0.6558	0.3303	0.4284	0.5065	0.5043	0.5046	0.4993	0.5814	0.4943	0.4215
0.5658	0.5801	0.4216	0.4333	0.5750	0.4223	0.4151	0.5791	0.4175	0.4152	0.6558	0.3553	0.4284	0.5065	0.5043	0.5046	0.4993	0.4243	0.4943	0.4215
0.5658	0.5801	0.5152	0.4333	0.5750	0.4223	0.4151	0.5791	0.4175	0.4152	0.6558	0.5834	0.4133	0.5065	0.5043	0.5046	0.4993	0.4243	0.4943	0.4215
0.5658	0.5801	0.5152	0.4333	0.5750	0.4223	0.4151	0.5791	0.4175	0.4152	0.6558	0.5834	0.6633	0.5065	0.5043	0.5046	0.4993	0.4243	0.4943	0.4215
0.5658	0.5801	0.4279	0.4333	0.5750	0.4223	0.4216	0.5791	0.4175	0.4152	0.6558	0.5834	0.6633	0.5065	0.5043	0.5046	0.4993	0.4243	0.4943	0.4215
0.4154	0.5801	0.3296	0.4333	0.5750	0.4223	0.4216	0.5791	0.5014	0.4152	0.6558	0.5834	0.6633	0.5065	0.5043	0.5046	0.4993	0.4243	0.4943	0.4215
0.4154	0.5801	0.5740	0.4333	0.5750	0.4223	0.4216	0.5791	0.4176	0.4152	0.6558	0.5834	0.6633	0.5065	0.5043	0.5046	0.4993	0.4243	0.4943	0.4215
0.4154	0.5801	0.5740	0.4333	0.5750	0.4223	0.4216	0.5791	0.4176	0.4152	0.6558	0.5834	0.6633	0.5065	0.5043	0.5046	0.4993	0.4243	0.4943	0.4215
0.4154	0.5801	0.5740	0.4333	0.5750	0.4223	0.4216	0.5791	0.4176	0.4152	0.6558	0.5061	0.6633	0.5065	0.5043	0.5046	0.4993	0.4243	0.4943	0.4215
0.4154	0.5801	0.5740	0.4333	0.5750	0.4223	0.4216	0.5791	0.4176	0.4152	0.6558	0.5061	0.6633	0.5065	0.5043	0.5046	0.4993	0.4243	0.4943	0.4215
0.4154	0.5801	0.6492	0.4333	0.5750	0.4223	0.4216	0.5791	0.4176	0.4152	0.6558	0.5061	0.6633	0.5065	0.5043	0.5046	0.4993	0.4243	0.4943	0.4215
0.4154	0.5801	0.6492	0.4333	0.5750	0.4223	0.4216	0.5791	0.4176	0.4152	0.6558	0.5061	0.6633	0.5065	0.5043	0.5046	0.4993	0.4243	0.4943	0.4215
0.4154	0.5801	0.4971	0.5043	0.5750	0.4223	0.4216	0.5791	0.4176	0.5061	0.6558	0.5061	0.6633	0.5065	0.5043	0.5046	0.4993	0.4243	0.4943	0.4215
0.4154	0.5010	0.4971	0.4207	0.4202	0.4223	0.4216	0.5791	0.5765	0.5061	0.4924	0.5061	0.6633	0.5065	0.5043	0.5046	0.4993	0.4243	0.4943	0.4215
0.4154	0.5010	0.4971	0.4207	0.4925	0.4223	0.4216	0.5791	0.5765	0.5061	0.4924	0.5061	0.6633	0.5065	0.5043	0.5046	0.4993	0.4243	0.4943	0.4215
0.4154	0.5010	0.4971	0.4207	0.4925	0.4223	0.4216	0.5791	0.5765	0.5061	0.4924	0.5061	0.3465	0.5065	0.5043	0.5046	0.4993	0.4243	0.4943	0.4215
0.4154	0.5010	0.4971	0.4207	0.4925	0.4223	0.4216	0.5791	0.5765	0.5061	0.4924	0.5061	0.3465	0.5065	0.5043	0.5046	0.4993	0.4243	0.4943	0.4215
0.4154	0.5010	0.4971	0.4207	0.4925	0.4223	0.4216	0.5791	0.5765	0.5061	0.4924	0.5061	0.4252	0.5065	0.5043	0.5046	0.4993	0.4243	0.4943	0.4215
0.4154	0.5010	0.4971	0.4207	0.4925	0.4223	0.4216	0.5028	0.5765	0.5061	0.4924	0.5061	0.4273	0.5065	0.5043	0.5046	0.4993	0.4243	0.4943	0.4215
0.4154	0.5010	0.4971	0.4207	0.4925	0.4223	0.4216	0.5028	0.5765	0.5061	0.4924	0.5061	0.4273	0.5065	0.5043	0.5046	0.4993	0.4243	0.4943	0.4215
0.4154	0.5010	0.4971	0.4207	0.4925	0.4223	0.4216	0.5028	0.5765	0.5061	0.4924	0.5061	0.4273	0.5065	0.5043	0.5046	0.4993	0.4243	0.4943	0.4215
0.4154	0.5010	0.4971	0.4207	0.4925	0.4223	0.4216	0.5028	0.5765	0.5061	0.4924	0.5061	0.4273	0.5065	0.5043	0.5046	0.4993	0.4243	0.4943	0.4215
0.4154	0.5010	0.4971	0.4207	0.4980	0.4223	0.4216	0.5028	0.5765	0.5061	0.4924	0.5061	0.4273	0.5065	0.5043	0.5046	0.4993	0.4243	0.4943	0.4215
0.4154	0.5010	0.4971	0.4207	0.4980	0.4223	0.4216	0.4323	0.5765	0.5061	0.4924	0.5061	0.4273	0.5065	0.5043	0.4975	0.4993	0.4243	0.4943	0.4215
0.4154	0.5010	0.4971	0.4207	0.4980	0.4223	0.4216	0.4323	0.5765	0.5061	0.4924	0.5061	0.5023	0.5065	0.5043	0.4975	0.4993	0.4243	0.4943	0.4215
0.4154	0.5010	0.4971	0.4207	0.4341	0.4223	0.4216	0.4323	0.5765	0.5061	0.4924	0.5061	0.4957	0.5065	0.5043	0.4975	0.4993	0.4243	0.4943	0.4215
0.4154	0.5010	0.4971	0.4207	0.4341	0.4223	0.4216	0.4323	0.5765	0.5061	0.4924	0.5061	0.4957	0.5065	0.5043	0.4975	0.4993	0.4243	0.4943	0.4215
0.4250	0.5010	0.4971	0.4207	0.4341	0.4223	0.4216	0.4323	0.5765	0.5061	0.4924	0.5061	0.4957	0.5065	0.5043	0.4975	0.4993	0.4243	0.4943	0.4215
0.4250	0.5010	0.4971	0.4207	0.4341	0.4223	0.4216	0.4323	0.5765	0.5061	0.4924	0.5061	0.4957	0.5065	0.5043	0.4975	0.4993	0.4243	0.4943	0.4215
0.4250	0.5010	0.4971	0.4207	0.4341	0.4223	0.4216	0.4323	0.5765	0.5061	0.4924	0.5061	0.4957	0.5065	0.5043	0.4975	0.4993	0.4243	0.4943	0.4215
0.4250	0.5010	0.4971	0.4207	0.4341	0.4223	0.4216	0.4323	0.5765	0.5061	0.4924	0.5061	0.4957	0.5065	0.5043	0.4975	0.4993	0.4243	0.4943	0.4215
0.4250	0.5010	0.4971	0.4207	0.4341	0.4223	0.4216	0.4323	0.5765	0.5061	0.4924	0.5061	0.4957	0.5065	0.5043	0.4975	0.4993	0.4243	0.4943	0.4215
0.4250	0.5010	0.4971	0.4207	0.4341	0.4223	0.4216	0.4323	0.5765	0.5061	0.4924	0.5061	0.4957	0.5065	0.5043	0.4975	0.4993	0.4243	0.4943	0.4215
0.4250	0.5771	0.4971	0.4207	0.4341	0.4223	0.4216	0.4323	0.5765	0.5061	0.4924	0.5061	0.4957	0.5065	0.5043	0.4975	0.4993	0.4243	0.5005	0.4215
0.4250	0.5771	0.4971	0.4207	0.4341	0.4223	0.4216	0.4323	0.5765	0.5061	0.4924	0.5061	0.4957	0.5065	0.5043	0.4975	0.4993	0.4243	0.5005	0.4215
0.4250	0.5771	0.4971	0.4207	0.4341	0.4223	0.4216	0.4323	0.5765	0.5061	0.4924	0.5061	0.4957	0.5065	0.5043	0.4975	0.4993	0.4243	0.5005	0.4215
0.4250	0.5771	0.4971	0.4207	0.4341	0.4223	0.4216	0.4323	0.5765	0.5061	0.4924	0.5061	0.4957	0.5065	0.5043	0.4975	0.4993	0.4243	0.5005	0.4215
0.4250	0.5771	0.4971	0.4207	0.4341	0.4223	0.4216	0.4323	0.5765	0.5061	0.4924	0.5061	0.4957	0.5065	0.5043	0.4975	0.4993	0.4243	0.5005	0.4215
0.4250	0.5771	0.4971	0.4207	0.4341	0.4223	0.4216	0.4323	0.5765	0.5061	0.4924	0.5061	0.4957	0.5065	0.5043	0.4975	0.4993	0.4243	0.5005	0.4215
0.4250	0.5771	0.4971	0.4207	0.4341	0.4223	0.4216	0.4323	0.5765	0.5061	0.4924	0.5061	0.4957	0.5065	0.5043	0.4975	0.4993	0.4243	0.5005	0.4215
0.4250	0.5771	0.4971	0.4207	0.5706	0.4223	0.4216	0.4323	0.5765	0.5061	0.4924	0.5061	0.4957	0.5065	0.5043	0.4975	0.4993	0.4243	0.5005	0.4215
0.4250	0.5771	0.4971	0.4207	0.5706	0.4223	0.4216	0.4323	0.5765	0.5061	0.4924	0.5061	0.4957	0.5065	0.5043	0.4975	0.4993	0.4243	0.5005	0.4215
0.4250	0.5771	0.4981	0.4207	0.5706	0.4223	0.4216	0.4323	0.5765	0.5061	0.4924	0.5061	0.4957	0.5065	0.5043	0.4975	0.4993	0.4243	0.5005	0.4215
0.4250	0.5771	0.4981	0.4207	0.5706	0.4223	0.4216	0.4323	0.5765	0.5061	0.4924	0.5061	0.4957	0.5065	0.5043	0.4975	0.4993	0.4243	0.5005	0.4215
0.4250	0.5771	0.4981	0.4207	0.5706	0.4223	0.4216	0.4323	0.5765	0.5061	0.4924	0.5061	0.4957	0.5065	0.5043	0.4975	0.4993	0.4243	0.5005	0.4215
0.4250	0.5771	0.4981	0.4207	0.5706	0.4223	0.4216	0.4323	0.5765	0.4214	0.4924	0.5061	0.4957	0.5065	0.5043	0.4975	0.4993	0.4243	0.5005	0.4215
0.4250	0.5771	0.4981	0.4207	0.5706	0.4223	0.4216	0.4323	0.5765	0.4214	0.4924	0.5061	0.4957	0.5065	0.5043	0.4975	0.4993	0.4243	0.5005	0.4215
0.4250	0.5771	0.4981	0.4207	0.4246	0.4223	0.4216	0.4323	0.5765	0.4214	0.4924	0.5061	0.4957	0.5065	0.5043	0.4975	0.4993	0.4243	0.5005	0.4215
0.4250	0.5771	0.4981	0.4207	0.4246	0.4223	0.4216	0.4922	0.5765	0.4214	0.4924	0.5061	0.4957	0.5065	0.5043	0.4975	0.4993	0.4243	0.5005	0.4215
0.4250	0.5771	0.4981	0.4207	0.4246	0.4223	0.4216	0.4922	0.5795	0.4214	0.4924	0.5061	0.4957	0.5065	0.5043	0.4975	0.4993	0.4243	0.5005	0.4215
0.4250	0.5771	0.4981	0.4207	0.4246	0.4223	0.4216	0.4922	0.5795	0.4214	0.4924	0.5061	0.4957	0.5065	0.5043	0.4975	0.4993	0.4243	0.5005	0.4215
0.4250	0.5771	0.4981	0.4207	0.4246	0.4223	0.4216	0.4922	0.5795	0.4214	0.4924	0.5061	0.4957	0.5065	0.5043	0.4975	0.4993	0.4243	0.5005	0.4215
0.4250	0.5771	0.4981	0.4207	0.4246	0.4223	0.4216	0.4922	0.5795	0.4214	0.4924	0.5061	0.4957	0.5065	0.5043	0.4975	0.4993	0.5000	0.5005	0.4215
0.4250	0.5771	0.4981	0.4207	0.4246	0.4223	0.4216	0.4922	0.5795	0.4214	0.4924	0.5061	0.4957	0.5065	0.5043	0.4975	0.4993	0.5000	0.5005	0.4215
0.4250	0.5771	0.4981	0.4207	0.4246	0.4223	0.4216	0.4922	0.5795	0.4214	0.4924	0.5061	0.4957	0.5065	0.5043	0.4975	0.4993	0.5000	0.5005	0.4215
0.4250	0.5771	0.4981	0.4207	0.4246	0.4223	0.4216	0.4922	0.5795	0.4214	0.4924	0.5061	0.4957	0.5065	0.5043	0.4975	0.4993	0.5000	0.5005	0.4215
0.4250	0.5771	0.4981	0.4207	0.4246	0.4223	0.4216	0.4922	0.5795	0.4214	0.4924	0.5061	0.4957	0.5065	0.5043	0.4975	0.4993	0.5000	0.5005	0.4215
0.4250	0.5771	0.4981	0.4207	0.4246	0.4223	0.4216	0.4922	0.5795	0.4214	0.4924	0.4972	0.4957	0.5065	0.5043	0.4975	0.4993	0.5000	0.5005	0.4215
0.4250	0.5771	0.4981	0.4207	0.4246	0.4223	0.5009	0.4922	0.5795	0.4214	0.4924	0.4972	0.4957	0.5065	0.5043	0.4975	0.4993	0.5000	0.5005	0.5796
0.4250	0.5771	0.4981	0.4207	0.4246	0.4223	0.5009	0.4922	0.5795	0.4214	0.4924	0.4972	0.4957	0.5065	0.5043	0.4975	0.4993	0.5000	0.5005	0.5796
0.4250	0.5771	0.4981	0.4207	0.4246	0.4223	0.5009	0.4922	0.5011	0.4214	0.4924	0.4231	0.4957	0.5065	0.5043	0.4975	0.4993	0.5000	0.5005	0.5796
0.4250	0.5771	0.4981	0.4207	0.4246	0.4223	0.5009	0.4922	0.5011	0.4220	0.4924	0.4231	0.4957	0.5065	0.5043	0.4975	0.4993	0.5000	0.5005	0.5796
