0.0405	0.9238	0.3217	0.4240	0.7630	0.5760	0.8780	0.4343	0.7677	0.4104
0.3748	0.8299	0.2571	0.4285	0.8722	0.4101	0.3190	1.0000	0.0682	0.5085
0.3712	0.6549	0.0353	0.0000	0.6311	0.3065	0.0000	0.0000	0.4390	0.4627
0.8634	0.4993	0.6335	0.8169	0.6247	0.3065	0.8590	0.7493	0.4390	0.3854
0.4388	0.4993	0.1451	0.3160	0.1827	0.3848	0.4200	0.3718	0.4390	0.0519
0.8990	0.5617	1.0000	1.0000	0.1878	0.5867	0.4200	0.4967	0.4390	0.8823
0.8529	0.5617	0.9787	0.3521	0.6315	0.5070	0.2766	0.4967	0.4390	0.9033
0.6414	0.5617	0.0000	0.4395	0.7136	0.5070	0.0000	0.6482	0.4370	0.8523
0.4451	0.6015	0.3884	0.0149	0.5538	0.5589	0.2566	0.4456	0.4370	0.5567
0.4451	0.0965	0.0000	0.3687	0.3446	0.5478	0.5729	0.6327	0.4370	0.3081
0.4451	0.5028	0.4278	0.1893	0.3602	0.2519	0.5757	0.3693	0.4370	0.3688
0.4451	0.2958	0.0000	0.6700	0.2659	0.4448	0.8887	0.5251	0.4370	0.3688
0.4451	0.2958	0.9127	0.5335	0.4982	0.6342	0.6413	0.0000	0.4370	0.3688
0.6214	0.2958	0.5875	0.2330	0.4982	0.6342	0.9429	0.6994	0.4370	0.3688
0.6214	0.2958	0.2249	0.2619	0.4982	0.6342	0.6520	0.5101	0.4370	0.3688
0.4159	0.5577	0.3768	0.5802	0.5020	0.6342	0.5643	0.5663	0.4370	0.3688
0.0000	0.5577	0.3511	0.3639	0.5020	0.6342	0.1487	0.4972	0.4370	0.5034
1.0000	0.5577	0.3671	0.7172	0.6956	0.4928	1.0000	0.4972	0.4370	0.5627
1.0000	0.5577	0.3671	0.5695	0.6956	0.5882	0.0000	0.4972	0.4370	0.5627
0.6375	0.3695	0.3671	0.5695	0.4402	0.4348	0.3666	0.4972	0.4370	0.5627
0.0000	0.3695	0.3671	0.5695	0.4402	0.0000	0.3666	0.4972	0.4370	0.5627
1.0000	0.3695	0.3671	0.5695	0.4402	0.1347	0.3666	0.4972	0.4370	0.5627
0.6238	0.5648	0.3671	0.5695	0.0000	0.4264	0.3660	0.4972	0.4370	0.5627
0.3663	0.4967	0.3671	0.5695	0.4203	0.4383	0.3660	0.4259	0.4370	0.5627
0.8221	0.4967	0.3671	0.5695	0.6484	0.4383	0.3660	0.5633	0.4370	0.5627
0.1486	0.4967	0.3671	0.5695	0.4186	0.4383	0.3660	0.5633	0.4370	0.5627
0.6217	0.4967	0.3671	0.5695	0.5402	0.4383	0.3660	0.5633	0.4370	0.5627
0.5096	0.4967	0.3671	0.5695	0.3737	0.4383	0.5762	0.5633	0.4370	0.5627
0.5096	0.4916	0.3671	0.5108	0.3737	0.4383	0.5762	0.5058	0.4370	0.5627
0.5096	0.4916	0.3671	0.6352	0.3737	0.4383	0.5075	0.5058	0.4370	0.5627
0.5096	0.4916	0.3671	0.6352	0.3737	0.1734	0.6301	0.5058	0.4370	0.5627
0.5701	0.3702	0.3671	0.6352	0.3737	0.3154	0.6301	0.5058	0.4370	0.5627
0.5701	0.3702	0.3671	0.6352	0.4895	0.2321	0.6301	0.5058	0.4370	0.5627
0.6327	0.3702	0.3671	0.6352	0.4895	0.2321	0.6301	0.5058	0.4370	0.5627
0.4273	0.5063	0.3671	0.6352	0.4895	0.2321	0.6301	0.5058	0.4370	0.5627
0.4971	0.5063	0.3671	0.6352	0.6241	0.2321	0.6301	0.5058	0.4370	0.5627
0.4971	0.5063	0.3671	0.6352	0.6241	0.5022	0.6301	0.5058	0.4370	0.5627
0.5054	0.4312	0.3671	0.6352	0.7241	0.6276	0.6301	0.5058	0.4370	0.5627
0.5054	0.4312	0.3671	0.6352	0.5847	0.6276	0.6301	0.5644	0.4370	0.5627
0.4303	0.4312	0.3671	0.6352	0.5692	0.6276	0.6301	0.5644	0.4370	0.5627
0.4303	0.4312	0.3671	0.6352	0.0296	0.6276	0.6269	0.5644	0.4370	0.5627
0.4303	0.4312	0.3671	0.6352	0.5690	0.6276	0.6269	0.5644	0.4370	0.5627
0.4303	0.4312	0.3671	0.6352	0.5633	0.3696	0.6269	0.5644	0.4370	0.5627
0.4359	0.4312	0.3671	0.6352	0.5633	0.6400	0.6269	0.5644	0.5726	0.5627
0.4359	0.4312	0.5022	0.6352	0.5633	0.7787	0.6269	0.5644	0.5726	0.5627
0.4359	0.4312	0.5022	0.6352	0.5633	0.3106	0.6269	0.5644	0.5726	0.5627
0.5098	0.4312	0.5022	0.6352	0.5633	0.7091	0.6269	0.4410	0.5726	0.5627
0.4285	0.4312	0.5022	0.6352	0.4285	0.6300	0.6269	0.4410	0.5726	0.5627
0.4285	0.4312	0.5022	0.6352	0.3677	0.6300	0.6269	0.4410	0.5726	0.5627
0.4285	0.4312	0.5022	0.6352	0.3677	0.6300	0.6269	0.4410	0.5726	0.5627
0.4285	0.4957	0.5022	0.6352	0.3677	0.6300	0.5064	0.4410	0.5726	0.5627
0.4285	0.4957	0.6869	0.6352	0.3677	0.4403	0.5064	0.4410	0.5726	0.5627
0.4285	0.4957	0.4944	0.3683	0.4967	0.4403	0.5064	0.4410	0.5726	0.5627
0.4956	0.4957	0.4944	0.3683	0.4967	0.4403	0.5064	0.4410	0.5726	0.5627
0.6278	0.4957	0.4944	0.3683	0.4967	0.4403	0.5064	0.4410	0.5726	0.5627
0.6278	0.4957	0.4944	0.3683	0.4968	0.4403	0.5064	0.4410	0.5726	0.5627
0.6278	0.4957	0.4944	0.3683	0.4968	0.4403	0.5064	0.4410	0.5726	0.5627
0.6278	0.4957	0.4944	0.3683	0.4968	0.4403	0.5064	0.4410	0.5726	0.5627
0.3017	0.4957	0.4944	0.3683	0.4968	0.4403	0.5064	0.4410	0.5726	0.5627
0.3017	0.4957	0.4944	0.3683	0.4968	0.4403	0.5064	0.4410	0.5726	0.5627
0.3640	0.4957	0.4944	0.3683	0.4968	0.4403	0.5064	0.4410	0.5726	0.5627
0.3640	0.4957	0.4944	0.4294	0.4968	0.4403	0.5076	0.4271	0.5726	0.5627
0.3599	0.4957	0.4944	0.4294	0.4968	0.4403	0.5076	0.4271	0.5726	0.5627
0.3599	0.4957	0.4944	0.4294	0.4968	0.4403	0.5076	0.4271	0.5726	0.5627
0.4266	0.4957	0.4944	0.4294	0.4968	0.4403	0.5076	0.4271	0.5726	0.5627
0.4266	0.4957	0.4944	0.4294	0.4968	0.4403	0.5076	0.4271	0.5726	0.5627
0.4266	0.4957	0.4944	0.4294	0.4968	0.4403	0.5076	0.4360	0.5726	0.5627
0.4266	0.4957	0.4944	0.4294	0.4968	0.4403	0.5076	0.5652	0.5726	0.5627
0.4266	0.4957	0.4944	0.4294	0.4968	0.4403	0.5076	0.5652	0.4953	0.5627
0.4266	0.4957	0.5032	0.4294	0.4968	0.4403	0.5076	0.5652	0.4953	0.5627
0.5686	0.4957	0.5032	0.4294	0.4968	0.4403	0.5076	0.5652	0.4953	0.5627
0.5686	0.4957	0.5032	0.4294	0.4968	0.4403	0.5076	0.5652	0.4953	0.5627
0.5686	0.4957	0.5032	0.4294	0.4968	0.4403	0.5686	0.5652	0.4953	0.5627
0.5686	0.4957	0.5032	0.4294	0.4993	0.4403	0.5686	0.5652	0.4953	0.5627
0.5686	0.4957	0.5032	0.4294	0.4993	0.4403	0.5686	0.5652	0.4953	0.5627
0.5686	0.4957	0.5032	0.4294	0.4993	0.4403	0.5686	0.5652	0.4953	0.5627
0.5686	0.4957	0.5032	0.4294	0.4993	0.4403	0.5686	0.5652	0.4953	0.5627
0.5686	0.4957	0.5032	0.4294	0.4993	0.4403	0.4294	0.5652	0.4953	0.5627
0.5686	0.4957	0.5032	0.4294	0.4993	0.4403	0.4294	0.5652	0.4953	0.5627
0.5686	0.4957	0.5032	0.4294	0.4993	0.4403	0.4294	0.5652	0.4953	0.5627
0.5686	0.4957	0.5032	0.4294	0.4993	0.4403	0.4294	0.5652	0.4953	0.5627
0.5686	0.4957	0.5032	0.4294	0.4993	0.4403	0.4294	0.5652	0.4953	0.5627
0.5686	0.4957	0.5032	0.4294	0.4993	0.4403	0.4294	0.5652	0.4953	0.5627
0.5686	0.4957	0.5032	0.4294	0.4993	0.4403	0.4294	0.5652	0.4953	0.5627
0.5686	0.4957	0.5032	0.4294	0.4993	0.4403	0.4294	0.5652	0.4953	0.5627
0.5686	0.4957	0.5665	0.4294	0.4993	0.4403	0.4294	0.5652	0.4953	0.5627
0.5686	0.4957	0.5665	0.4294	0.4993	0.4403	0.4294	0.5652	0.4953	0.5627
0.5686	0.4957	0.5665	0.4294	0.4993	0.4381	0.4294	0.5652	0.4953	0.5627
0.5686	0.4957	0.5665	0.4294	0.4993	0.4381	0.4294	0.5652	0.4953	0.5627
0.5686	0.4957	0.5665	0.4294	0.4993	0.4381	0.4294	0.5652	0.4953	0.5627
0.5686	0.4957	0.5665	0.4294	0.4993	0.4381	0.4294	0.5652	0.4953	0.5627
0.5686	0.4957	0.5665	0.4294	0.4993	0.4381	0.4294	0.5652	0.4953	0.5627
0.5686	0.4957	0.5665	0.4362	0.4993	0.5698	0.4294	0.5652	0.4953	0.5627
0.5686	0.4957	0.5665	0.4362	0.4993	0.5698	0.4294	0.5652	0.4953	0.5627
0.5686	0.4957	0.5665	0.4362	0.4993	0.5698	0.4294	0.5652	0.4953	0.5627
0.5686	0.4957	0.5665	0.4362	0.4993	0.5698	0.4294	0.5652	0.4953	0.5627
0.5686	0.4957	0.5665	0.4362	0.4993	0.5698	0.4294	0.5652	0.4953	0.5627
0.5686	0.4957	0.5665	0.4362	0.4993	0.5698	0.4294	0.5652	0.4953	0.5627
0.5686	0.4957	0.5665	0.4362	0.4993	0.5698	0.4294	0.5652	0.4953	0.5627
0.5686	0.4957	0.5665	0.4362	0.4993	0.5698	0.4294	0.5652	0.4953	0.5627
0.5686	0.4957	0.5665	0.4362	0.4993	0.4347	0.4294	0.5652	0.4953	0.5627
