0.3067	0.8312	0.5600	0.6053	0.4414	0.1440	0.8254	0.7915	0.7321	0.9770
0.6924	0.2473	0.4459	0.0000	0.0000	0.0490	1.0000	0.5019	1.0000	0.9724
0.2786	0.3803	0.2019	1.0000	1.0000	0.0000	0.0000	0.2715	0.4118	0.2652
0.5825	0.6893	0.1878	1.0000	0.9726	1.0000	1.0000	0.5896	0.4938	0.2652
0.6180	0.1522	0.0000	0.4857	0.0518	0.7951	0.5825	0.2097	0.4938	0.0000
0.9104	0.5692	0.4888	0.4857	0.0413	0.6139	0.1585	0.2631	0.4938	1.0000
0.3781	0.4962	1.0000	0.4373	0.3805	0.6139	0.0000	1.0000	0.4938	0.7826
0.3781	0.5643	0.4968	0.0000	0.3805	0.5473	0.4357	0.0000	0.4938	0.7712
0.3781	0.4835	0.1596	0.6361	0.3805	0.3871	0.3255	0.0000	0.4938	0.3806
0.0000	0.1287	0.7271	0.3663	0.3805	0.5033	0.3255	0.0000	0.4938	0.3845
0.1511	0.5683	0.7965	0.3724	0.3805	0.6282	0.4922	0.3989	0.4938	0.3770
0.6139	0.6818	1.0000	0.1075	0.3805	0.6282	0.5035	0.0000	0.5575	0.5608
0.5636	0.3277	1.0000	0.1564	0.3805	0.9003	0.5035	0.6171	0.5575	0.5608
0.6028	0.6035	0.0000	0.4070	0.3805	0.5666	0.5035	0.3403	0.5575	0.5608
0.8826	0.5601	1.0000	0.2688	0.3805	0.5108	0.5035	0.0444	0.5575	0.0000
0.4632	0.2845	0.2520	0.4539	0.6220	0.4508	0.5035	0.0000	0.5575	0.2657
0.5559	0.6881	0.6088	0.2389	0.6220	0.8400	0.5024	0.9368	0.5575	0.6182
0.1464	0.5517	0.4442	0.9444	0.5613	0.5622	0.5024	0.4990	0.5575	0.6182
0.3804	0.3795	0.3612	0.6844	0.5613	0.5622	0.4405	0.2619	0.5575	0.1911
0.2584	0.3795	0.5128	0.4985	0.5613	0.5622	0.4405	0.2105	0.5575	0.4892
0.4666	0.6808	0.3164	0.4985	0.5613	0.5622	0.4372	0.2366	0.5575	0.4892
0.4802	0.5906	1.0000	0.4985	0.5613	0.5622	0.4372	0.1773	0.5575	0.4395
0.1830	0.7371	0.4373	0.4985	0.5613	0.4516	0.4372	0.3182	0.5575	0.4395
0.3198	0.7371	0.3188	0.4985	0.3804	0.5562	0.4372	0.6033	0.3811	0.4395
0.5777	0.7371	0.3188	0.4985	0.3804	0.9820	0.4372	0.3231	0.3811	0.4395
1.0000	0.7371	0.2549	0.4359	0.3914	0.5535	0.4372	0.4470	0.3811	0.4395
0.6794	0.3371	0.3773	0.4359	0.5051	0.5535	0.4372	0.3225	0.3811	0.4395
0.4513	0.6697	0.3773	0.5653	0.5056	0.5535	0.4372	0.3225	0.3811	0.4395
0.4513	0.6069	0.6964	0.5653	0.5056	0.5535	0.4372	0.3225	0.3811	0.4395
0.4513	1.0000	0.2701	0.4451	0.5738	0.5535	0.4372	0.6210	0.3811	0.4395
0.4513	0.2808	0.8949	0.4451	0.3078	0.5535	0.4372	0.6210	0.3811	0.4395
0.4311	0.2553	0.4436	0.4451	0.7921	0.5535	0.4372	0.6210	0.3811	0.4395
0.4311	0.0000	0.4436	0.5007	0.0000	0.5535	0.4372	0.6210	0.3811	0.4395
0.6179	0.3598	0.4436	0.5007	0.2565	0.5535	0.4372	0.4939	0.3811	0.4395
0.5713	0.7811	0.4436	0.5007	0.1856	0.5535	0.4372	0.5074	0.3811	0.4395
0.6852	0.2675	0.4436	0.5023	0.5548	0.5535	0.4372	0.5074	0.5005	0.4395
0.6203	0.6711	0.4436	0.5023	0.5548	0.5535	0.4372	0.5074	0.5005	0.4395
0.5510	0.4335	0.4436	0.5023	0.5548	0.6726	0.4372	0.5074	0.5005	0.4395
0.6673	0.4335	0.4436	0.5023	0.5548	0.6204	0.4372	0.5074	0.5005	0.5567
0.6673	0.4335	0.4436	0.5023	0.5548	0.4449	0.4372	0.5074	0.5005	0.5567
0.6673	0.4335	0.5607	0.5023	0.3248	0.4449	0.4372	0.5074	0.5005	0.5567
0.6898	0.4335	0.3245	0.5023	0.5715	0.4449	0.4372	0.5074	0.5005	0.5567
0.4529	0.5588	0.3245	0.5023	0.6812	0.3317	0.4372	0.5074	0.5005	0.5567
0.4982	0.5588	0.3245	0.5023	0.6812	0.3317	0.4372	0.5074	0.5005	0.5567
0.4982	0.5588	0.4427	0.5023	0.6812	0.3317	0.4372	0.5074	0.5005	0.5567
0.4531	0.6735	0.4427	0.5023	0.6812	0.4368	0.4372	0.6250	0.5005	0.5567
0.5693	0.6735	0.4427	0.5023	0.6121	0.5036	0.4372	0.6250	0.5005	0.5567
0.5693	0.6735	0.4427	0.5023	0.3161	0.5036	0.4372	0.6250	0.5005	0.5567
0.5693	0.5660	0.4427	0.5023	0.3320	0.5036	0.4372	0.5513	0.5005	0.5567
0.6206	0.3768	0.4427	0.5023	0.6164	0.5036	0.4372	0.6051	0.5005	0.5567
0.3809	0.4395	0.4427	0.5023	0.6164	0.5036	0.4372	0.6051	0.5005	0.5567
0.3809	0.4395	0.4427	0.5023	0.6164	0.3877	0.4372	0.6051	0.5005	0.5567
0.5591	0.4395	0.4427	0.5023	0.6164	0.3877	0.4372	0.4437	0.5005	0.5567
0.4979	0.4395	0.4427	0.5023	0.6164	0.3877	0.4372	0.4437	0.4983	0.5567
0.4979	0.4395	0.3931	0.5023	0.4257	0.3877	0.4372	0.4437	0.4983	0.5567
0.4979	0.4395	0.6187	0.5023	0.3222	0.4407	0.4372	0.4437	0.4983	0.5567
0.4979	0.6151	0.6187	0.4976	0.3222	0.4407	0.4372	0.4437	0.4983	0.5567
0.4979	0.6151	0.6187	0.4976	0.5597	0.4407	0.4372	0.4437	0.4983	0.5567
0.4979	0.6151	0.6187	0.4976	0.5583	0.4407	0.4372	0.4437	0.4983	0.5567
0.4979	0.6151	0.6187	0.4976	0.5036	0.4407	0.4372	0.4437	0.4983	0.5567
0.4979	0.6151	0.6187	0.4976	0.5036	0.4407	0.4372	0.6207	0.4983	0.5567
0.4979	0.6151	0.6187	0.4976	0.5036	0.4407	0.4372	0.6207	0.4983	0.5567
0.4979	0.6151	0.6187	0.4976	0.5036	0.4407	0.4372	0.5542	0.4983	0.5567
0.4979	0.6151	0.6187	0.4976	0.5036	0.4407	0.4372	0.5542	0.4983	0.5567
0.4979	0.6151	0.6187	0.4976	0.5036	0.4407	0.4372	0.5542	0.5028	0.5567
0.4404	0.6151	0.6187	0.4976	0.5036	0.4407	0.4372	0.5542	0.5028	0.5567
0.4404	0.6151	0.6187	0.4976	0.5036	0.4407	0.4372	0.5542	0.5028	0.5567
0.4982	0.6151	0.6187	0.4976	0.5036	0.4407	0.4372	0.5542	0.5028	0.5567
0.4982	0.4428	0.6187	0.4976	0.5036	0.4407	0.4372	0.5542	0.5028	0.5567
0.4982	0.4428	0.4451	0.4976	0.5036	0.4407	0.4372	0.5542	0.5028	0.5567
0.4982	0.4428	0.4451	0.4976	0.5036	0.4407	0.4372	0.5542	0.5028	0.5567
0.4982	0.4428	0.4451	0.4976	0.5036	0.4407	0.4372	0.5542	0.5028	0.5044
0.4982	0.4428	0.4451	0.4976	0.5036	0.4407	0.4372	0.4929	0.5028	0.5094
0.4982	0.4428	0.4451	0.4976	0.5036	0.4407	0.4372	0.4929	0.5028	0.5094
0.4982	0.4428	0.4451	0.4976	0.5036	0.4407	0.4372	0.4929	0.5028	0.4488
0.4982	0.4428	0.4451	0.4976	0.5036	0.4407	0.4372	0.4929	0.5028	0.4488
0.4982	0.4428	0.4451	0.4976	0.5036	0.4407	0.4372	0.4929	0.5028	0.4488
0.4982	0.4428	0.4451	0.4976	0.5036	0.4407	0.4372	0.4929	0.5028	0.4488
0.4982	0.4428	0.4451	0.4976	0.5036	0.4407	0.4372	0.4929	0.5028	0.4488
0.4982	0.4428	0.4451	0.4976	0.5036	0.4407	0.4372	0.4929	0.5028	0.4488
0.4982	0.4428	0.4451	0.4976	0.5036	0.4407	0.4372	0.4929	0.5028	0.4488
0.4982	0.4428	0.4451	0.4976	0.5036	0.4407	0.4372	0.4929	0.5028	0.4488
0.4982	0.4428	0.4451	0.4976	0.5036	0.4407	0.4372	0.4929	0.5028	0.4488
0.4982	0.4428	0.4451	0.4976	0.5036	0.4407	0.4372	0.4929	0.5028	0.4488
0.4982	0.4428	0.4451	0.4976	0.5036	0.4407	0.4372	0.4929	0.5028	0.4488
0.4982	0.4428	0.4451	0.4976	0.5036	0.4407	0.4372	0.4929	0.5028	0.4488
0.4982	0.4428	0.4451	0.4976	0.5036	0.4407	0.4372	0.4929	0.5028	0.4488
0.4982	0.4428	0.4451	0.4976	0.5036	0.4407	0.4372	0.3792	0.5028	0.4488
0.4982	0.4428	0.4451	0.4976	0.5036	0.4407	0.4372	0.3792	0.5028	0.4488
0.4982	0.4428	0.4451	0.4976	0.5036	0.4407	0.4372	0.3792	0.5028	0.4488
0.4982	0.4428	0.4451	0.4976	0.5036	0.4407	0.4372	0.3792	0.5028	0.4488
0.4982	0.4428	0.4451	0.4976	0.5036	0.4407	0.4372	0.3792	0.5028	0.4488
0.4982	0.4428	0.4451	0.4976	0.5036	0.4407	0.4372	0.3792	0.5028	0.4488
0.4982	0.4428	0.4451	0.4976	0.5036	0.4407	0.4372	0.5531	0.5028	0.4488
0.4982	0.4428	0.4451	0.4976	0.5036	0.4407	0.4372	0.5531	0.5028	0.4488
0.4982	0.4428	0.4451	0.4976	0.5036	0.4407	0.4372	0.5531	0.5028	0.4488
0.4982	0.4428	0.4451	0.4976	0.5036	0.4407	0.4372	0.5531	0.5028	0.5061
0.4982	0.4428	0.4451	0.4976	0.5022	0.4407	0.4372	0.5531	0.5028	0.5061
0.4982	0.4428	0.4451	0.4976	0.5022	0.4407	0.4372	0.5531	0.5028	0.5061
0.4982	0.4428	0.4451	0.4976	0.5022	0.4407	0.4423	0.5531	0.5028	0.5061
0.4982	0.4428	0.4451	0.4976	0.5022	0.4407	0.4423	0.5531	0.5028	0.5061
