0.1315	0.4351	0.3293	0.5998	0.9973	0.1935	0.5479	0.6099	0.6620	0.8626
0.3082	0.8770	0.4721	0.3292	0.4855	0.7343	1.0000	0.6249	0.6867	0.6800
1.0000	1.0000	0.3277	0.2807	0.8889	0.3480	0.7108	0.7269	0.6681	0.4610
0.2199	0.4662	1.0000	1.0000	0.6817	1.0000	0.4789	0.5558	0.2491	0.3387
0.1667	0.0000	0.2380	1.0000	0.8462	0.3427	0.6468	0.3542	0.0000	0.3387
0.3129	0.0000	0.3655	0.6295	0.3109	0.9687	0.0000	0.3542	1.0000	0.7608
0.3858	1.0000	0.3655	0.6295	0.8442	0.2635	0.6393	0.3738	0.4948	0.6478
0.6980	0.1497	0.5134	0.3572	0.6630	0.7745	0.0000	1.0000	0.4948	0.7257
0.4993	0.3620	0.5134	0.3572	0.0000	0.8008	0.2297	0.5441	0.3390	0.3720
0.7176	0.3620	0.5134	0.3572	0.9080	0.5104	0.5023	0.6100	0.5671	0.8408
0.3080	0.1733	0.5134	0.3572	0.6372	0.2006	0.5023	0.1749	0.4828	1.0000
0.4996	0.1747	0.5134	0.4779	0.4789	0.5068	0.5023	0.3898	0.4828	0.2787
0.4996	0.4995	0.5134	0.1825	0.4990	1.0000	0.5023	0.5135	0.4828	0.3475
0.4996	0.6094	0.4968	0.1233	0.4990	0.5743	0.4962	0.5135	0.4828	0.3475
0.4996	0.2177	0.4740	0.4708	0.5020	0.6317	0.4962	0.5973	0.1336	0.3475
0.4996	1.0000	0.1788	0.5977	0.5025	0.3749	0.3923	0.5004	1.0000	0.4998
0.4996	0.6383	0.4848	0.7650	0.5025	0.6130	0.8496	0.6354	0.0000	0.4998
0.4887	0.1856	0.4956	0.4808	0.3183	0.0000	0.5640	0.3507	0.5125	0.4998
0.4887	0.5104	1.0000	0.2448	0.3775	0.7803	0.5153	0.6107	0.0874	0.4998
0.4972	0.5104	0.4686	0.4999	0.5074	0.0000	0.5727	0.3812	0.2025	0.4893
0.3676	0.5104	0.1626	0.6446	0.5074	0.4837	0.6008	0.3482	0.0000	0.5184
0.4791	0.5104	0.7626	0.6446	0.5074	0.5302	0.3013	0.3575	0.2418	0.5184
0.4791	0.5104	0.3504	0.6446	0.5074	0.0000	0.4865	0.5127	0.3604	0.5184
0.4791	0.5104	0.3063	0.6446	0.5074	0.4583	0.4865	0.5363	0.3126	0.5184
0.5042	0.5104	0.2124	0.6446	0.5074	0.2452	0.4865	0.2220	0.0000	0.5184
0.3468	0.5104	0.4079	0.6446	0.5074	0.5214	0.4865	0.4904	0.5007	0.5272
0.5113	0.5104	0.4654	0.6446	0.5074	0.6262	0.4865	0.4904	0.1636	0.4677
0.5113	0.5104	0.1965	0.6446	0.5074	0.6262	0.4865	0.4904	0.4769	0.3734
0.5113	0.5104	0.5113	0.3792	0.5074	0.5107	0.6804	0.4904	0.4769	0.3835
0.5113	0.5104	0.4850	0.3792	0.5074	0.4890	0.3784	0.4904	0.5220	0.4839
0.5113	0.5104	0.4850	0.3428	0.5074	0.4703	0.3784	0.4904	0.5220	0.5195
0.5113	0.5104	0.4850	0.5178	0.5074	0.0000	0.3617	0.4904	0.5220	0.5195
0.5113	0.5104	0.4850	0.5178	0.5074	0.5200	0.3087	0.4904	0.5220	0.5195
0.5113	0.5104	0.5209	0.5178	0.5074	0.0000	0.6091	0.4904	0.5220	0.5195
0.5113	0.5104	0.5209	0.4930	0.5074	0.3916	0.4945	0.4904	0.5220	0.5195
0.5113	0.5104	0.5054	0.4930	0.5074	0.3916	0.4945	0.4904	0.3606	0.5195
0.5113	0.5104	0.5054	0.4930	0.5074	0.3916	0.4945	0.4904	0.3606	0.5195
0.5113	0.5104	0.5054	0.4930	0.5074	0.3916	0.4945	0.4904	0.3606	0.5195
0.5113	0.5104	0.5054	0.4930	0.5074	0.4824	0.4945	0.4904	0.3606	0.3564
0.5113	0.5104	0.5007	0.4930	0.5074	0.6580	0.4945	0.4904	0.3606	0.3564
0.5113	0.5104	0.5007	0.4930	0.5074	0.3617	0.4945	0.4904	0.3606	0.3564
0.5113	0.5104	0.5007	0.4930	0.5074	0.3617	0.4945	0.4904	0.3606	0.3564
0.5113	0.5104	0.5007	0.4930	0.5074	0.3617	0.4945	0.4904	0.3606	0.5121
0.5113	0.5104	0.5007	0.4930	0.5074	0.3617	0.4945	0.4904	0.3606	0.5121
0.5113	0.5104	0.5007	0.4930	0.5074	0.5163	0.4945	0.4904	0.3606	0.3559
0.5113	0.5104	0.5007	0.4930	0.5074	0.5163	0.4945	0.4904	0.3606	0.3559
0.4917	0.5104	0.5007	0.4930	0.5074	0.5163	0.4945	0.4904	0.3606	0.3559
0.4917	0.5104	0.5007	0.4930	0.5074	0.5163	0.4905	0.4904	0.3606	0.3559
0.4917	0.5104	0.5007	0.4930	0.5074	0.5163	0.3647	0.4904	0.3606	0.3559
0.4917	0.5104	0.4984	0.4930	0.5074	0.6357	0.3647	0.4904	0.3606	0.3559
0.4917	0.5104	0.4984	0.4930	0.5074	0.6357	0.3647	0.6465	0.3606	0.3559
0.4917	0.5104	0.4984	0.4930	0.5074	0.6357	0.3643	0.6465	0.3606	0.3559
0.4917	0.5104	0.4984	0.4930	0.5074	0.6357	0.4918	0.3599	0.3606	0.3499
0.4917	0.5104	0.4984	0.4930	0.5074	0.5033	0.4918	0.3599	0.3606	0.5009
0.4917	0.5104	0.5166	0.4930	0.5074	0.5033	0.4918	0.3599	0.3606	0.5009
0.4917	0.5104	0.5166	0.4930	0.5074	0.3701	0.4918	0.3599	0.3606	0.5009
0.4917	0.5104	0.5166	0.4930	0.5074	0.3701	0.4918	0.3599	0.3606	0.5009
0.4917	0.5104	0.5166	0.4930	0.5074	0.3701	0.4918	0.3599	0.3606	0.5009
0.4917	0.5104	0.5166	0.4930	0.5074	0.3701	0.4918	0.3599	0.3606	0.5009
0.4917	0.5104	0.5166	0.4930	0.5074	0.3701	0.4918	0.3599	0.3606	0.5009
0.4917	0.5104	0.5166	0.4930	0.5074	0.3701	0.4918	0.4794	0.3606	0.5009
0.4917	0.5104	0.5166	0.4930	0.5074	0.3701	0.4918	0.4794	0.3606	0.5009
0.4917	0.5104	0.5166	0.4930	0.5074	0.3701	0.4918	0.4794	0.3606	0.5009
0.4917	0.5104	0.5166	0.4930	0.5074	0.3701	0.4918	0.4794	0.3606	0.4917
0.4917	0.5104	0.5166	0.4930	0.5074	0.3701	0.4918	0.4794	0.3606	0.4917
0.4917	0.5104	0.5166	0.4930	0.5074	0.6394	0.4918	0.4794	0.3606	0.4917
0.4917	0.5104	0.5166	0.4930	0.5074	0.6394	0.4918	0.4794	0.3606	0.4917
0.4917	0.5104	0.5166	0.4930	0.5074	0.6394	0.4918	0.4794	0.3606	0.4917
0.4917	0.5104	0.5166	0.4930	0.5074	0.6394	0.3529	0.4794	0.3606	0.4917
0.4917	0.5104	0.5166	0.4930	0.5074	0.6394	0.3529	0.4794	0.3606	0.4917
0.4917	0.5104	0.5166	0.4930	0.5074	0.6394	0.3529	0.4794	0.5044	0.4917
0.4917	0.5104	0.5166	0.4930	0.5074	0.6394	0.3529	0.4794	0.5044	0.4917
0.4917	0.5104	0.5166	0.4930	0.5074	0.6394	0.3529	0.4794	0.5044	0.4917
0.4917	0.5104	0.5004	0.4930	0.5074	0.6394	0.4994	0.4794	0.5044	0.4917
0.4917	0.5104	0.5004	0.4930	0.5074	0.6394	0.4994	0.4794	0.5044	0.4917
0.4917	0.5104	0.5004	0.4930	0.5074	0.6394	0.4994	0.4794	0.5044	0.4917
0.4917	0.5104	0.5004	0.4930	0.5061	0.6394	0.4994	0.4794	0.5044	0.4917
0.4917	0.5104	0.5004	0.4930	0.5061	0.6394	0.4994	0.4794	0.5044	0.4917
0.4917	0.5104	0.5004	0.4930	0.5061	0.6394	0.4994	0.4794	0.5044	0.4917
0.4917	0.5104	0.5004	0.4930	0.5061	0.6394	0.4994	0.4794	0.5044	0.4917
0.4917	0.5104	0.5004	0.5103	0.5061	0.6394	0.4994	0.4794	0.5044	0.4917
0.4917	0.5104	0.5004	0.5103	0.5061	0.6394	0.4994	0.4794	0.5044	0.4917
0.4917	0.5104	0.5004	0.5103	0.5061	0.6394	0.4994	0.4794	0.5044	0.4917
0.4927	0.5104	0.5004	0.5103	0.5061	0.6394	0.4994	0.4794	0.5044	0.4917
0.4927	0.5104	0.5004	0.5103	0.5061	0.6394	0.4994	0.4794	0.3551	0.4917
0.4927	0.5104	0.5004	0.5103	0.5061	0.6394	0.4994	0.4794	0.3551	0.4917
0.4927	0.5104	0.5004	0.5103	0.5061	0.6394	0.4994	0.4794	0.3551	0.4917
0.4927	0.5104	0.5004	0.5103	0.5061	0.6394	0.4994	0.3471	0.3551	0.4917
0.4927	0.5104	0.5004	0.5103	0.5061	0.6394	0.4994	0.3471	0.3551	0.4917
0.4927	0.5104	0.5004	0.5103	0.5061	0.6394	0.4994	0.3471	0.3551	0.4917
0.4927	0.5104	0.5004	0.5103	0.5061	0.6394	0.4994	0.3471	0.4858	0.4917
0.4927	0.5104	0.5004	0.5103	0.5061	0.6394	0.4994	0.3471	0.4858	0.4917
0.4927	0.5104	0.5004	0.5103	0.5061	0.6394	0.4994	0.3471	0.4858	0.4917
0.4927	0.5104	0.5004	0.5103	0.5061	0.6394	0.4994	0.3471	0.4858	0.4917
0.4927	0.5104	0.5004	0.5103	0.5061	0.6394	0.4994	0.3471	0.4858	0.4917
0.4927	0.5104	0.5004	0.5103	0.5061	0.6394	0.4994	0.3471	0.4858	0.4917
0.4927	0.5104	0.5004	0.5103	0.5061	0.6394	0.4994	0.3471	0.4858	0.4917
0.4927	0.5104	0.5004	0.5103	0.5061	0.6394	0.4994	0.3471	0.4858	0.4917
0.4927	0.5104	0.5004	0.5103	0.5061	0.6394	0.4994	0.3471	0.4858	0.4917
0.4927	0.5104	0.5004	0.5103	0.5061	0.6394	0.4994	0.3471	0.4858	0.4917
0.4927	0.5104	0.4978	0.5103	0.5061	0.6394	0.4994	0.3471	0.4858	0.4917
