0.7206	0.4460	0.3842	0.5708	0.1276	0.1072	0.9437	0.9688	0.6692	0.3560
0.0721	0.5431	0.6907	0.4595	0.8784	0.2074	0.2661	1.0000	0.1608	0.4578
0.0880	0.4475	0.8846	0.2897	0.2529	0.5378	0.0000	0.4521	1.0000	0.5728
0.5022	0.7878	0.5953	0.0278	0.7041	0.0845	0.2686	0.0000	1.0000	0.4424
0.6021	1.0000	0.2610	0.5399	0.4468	0.2061	0.0536	0.8433	0.0000	0.4892
0.6021	0.7345	0.5524	0.8888	0.0000	0.0000	0.7473	0.3065	0.8228	0.3004
0.6021	0.9430	0.5524	0.5319	0.4479	1.0000	0.6860	0.3065	0.5859	0.4122
0.6021	0.6845	0.4043	0.2463	0.6408	0.0000	0.0000	0.3065	1.0000	0.6372
0.6021	0.6845	0.4043	0.7476	0.6408	0.5262	0.5622	0.3065	0.3986	0.3914
0.6021	0.6845	0.4043	0.9655	0.5444	0.7984	0.4043	0.5464	0.5485	0.2600
0.6897	0.6845	0.4043	0.4947	0.0000	0.3328	0.4043	0.5464	0.5457	1.0000
0.6897	0.6845	0.4043	0.4947	0.3838	0.5805	0.5945	0.5464	0.5457	0.7736
0.6897	0.6845	0.3550	0.4947	0.3466	0.0000	0.5945	0.5464	0.5457	0.6506
0.6897	0.6845	0.3550	0.4947	1.0000	0.4700	0.4504	0.5464	0.5457	0.7401
0.6897	0.2623	0.3550	0.4947	0.4159	0.6012	0.4504	0.5464	0.5457	0.4078
0.6897	0.2623	0.3550	0.4947	0.5025	0.3060	0.4504	0.5464	0.5457	1.0000
0.4054	0.6888	0.4914	0.4947	0.5025	0.3060	0.4504	0.5464	0.6370	0.5485
0.6393	0.6888	0.4914	0.4947	0.5025	0.3060	1.0000	0.5464	0.6349	0.5485
0.6393	0.4935	0.4914	0.4947	0.6400	0.5506	1.0000	0.5464	0.6349	0.5979
0.6393	0.4935	0.4914	0.4947	0.5436	0.5506	0.5752	0.5464	0.6349	0.5979
0.4538	0.4935	0.7322	0.4947	0.3617	0.5506	0.6443	0.5464	0.4446	0.5979
0.4550	0.4935	0.5034	0.4947	0.4132	0.5920	0.4455	0.5464	0.4446	0.5889
0.4550	0.4935	0.5034	0.4947	0.6990	0.5920	0.4455	0.5464	0.4446	0.5889
0.4550	0.5911	0.4860	0.4947	0.5315	0.5920	0.3543	0.5464	0.5920	0.4104
0.5408	0.5911	0.4809	0.4947	0.4605	0.5920	0.3543	0.5464	0.6403	0.4163
0.5408	0.5478	0.1678	0.4947	0.5896	0.5920	0.3543	0.5464	0.5036	0.6987
0.5408	0.5478	0.1613	0.4947	0.5896	0.3088	0.3543	0.5464	0.6476	0.4513
0.5408	0.6470	0.3521	0.4947	0.4054	0.3088	0.4015	0.5464	0.6545	0.4513
0.5408	0.6470	0.3521	0.4947	0.4054	0.3088	0.4015	0.5464	0.4944	0.4513
0.4564	0.6470	0.5410	0.4947	0.4054	0.3088	0.4015	0.5464	0.4495	0.4513
0.4564	0.6470	0.4818	0.4947	0.4907	0.3088	0.4015	0.5464	0.4485	0.4513
0.4564	0.6470	0.5430	0.4947	0.4907	0.3088	0.4015	0.5464	0.1480	0.3613
0.4564	0.6470	0.5430	0.4947	0.7496	0.4502	0.4015	0.5464	0.3016	0.3613
0.4564	0.6470	0.5430	0.4947	0.7747	0.4502	0.4015	0.5464	0.6430	0.3613
0.4564	0.5957	0.5430	0.4947	0.4614	0.4502	0.4015	0.5464	0.5584	0.3613
0.4564	0.5957	0.6939	0.4947	0.4614	0.4502	0.4015	0.5464	0.5082	0.3613
0.4564	0.5406	0.5044	0.4947	0.4614	0.4502	0.4015	0.5464	0.5049	0.4500
0.4564	0.4560	0.5044	0.4947	0.4614	0.4502	0.4015	0.5464	0.3133	0.4500
0.4564	0.4560	0.5044	0.4947	0.4614	0.4502	0.4024	0.5464	0.3492	0.4500
0.4564	0.4560	0.5044	0.5995	0.6465	0.4502	0.4024	0.5464	0.5426	0.4500
0.4564	0.4560	0.5044	0.5995	0.6465	0.4502	0.4024	0.5464	0.5426	0.4500
0.4564	0.4560	0.5044	0.5995	0.6465	0.4502	0.4024	0.5464	0.5426	0.4500
0.4564	0.4560	0.5035	0.5995	0.6465	0.4502	0.4024	0.5464	0.5426	0.5929
0.4564	0.4560	0.5035	0.5995	0.6465	0.4502	0.4024	0.5464	0.5426	0.5035
0.4564	0.4560	0.5035	0.5995	0.6465	0.4502	0.4024	0.5464	0.5426	0.5035
0.4564	0.4560	0.5035	0.5995	0.6465	0.4502	0.4024	0.5464	0.5426	0.5035
0.4564	0.4560	0.5035	0.5995	0.6465	0.4502	0.4024	0.5464	0.5426	0.5035
0.4564	0.4560	0.5035	0.5995	0.6416	0.4502	0.4024	0.5464	0.5426	0.4061
0.4564	0.4560	0.5035	0.5995	0.5028	0.4502	0.4024	0.5464	0.5426	0.5501
0.4564	0.4560	0.5035	0.5995	0.5028	0.4502	0.4024	0.5464	0.5426	0.5501
0.4564	0.4560	0.5035	0.5995	0.5028	0.4502	0.4024	0.5464	0.5426	0.5501
0.4961	0.4560	0.5035	0.5995	0.5028	0.4502	0.4024	0.5464	0.5426	0.5501
0.4961	0.4560	0.5035	0.5995	0.5028	0.4502	0.4024	0.5464	0.5439	0.5501
0.4961	0.4560	0.5035	0.5995	0.5028	0.4502	0.4024	0.5464	0.5439	0.5501
0.4961	0.4560	0.5035	0.5995	0.5028	0.4502	0.4495	0.5464	0.5439	0.5501
0.4961	0.4560	0.5035	0.5995	0.5028	0.4502	0.4495	0.5464	0.3538	0.5501
0.4961	0.4560	0.5035	0.5995	0.5430	0.5973	0.4495	0.5464	0.3538	0.5501
0.4961	0.4560	0.5035	0.5995	0.5430	0.5973	0.4495	0.5464	0.3538	0.5501
0.4961	0.4521	0.5035	0.5995	0.5430	0.5973	0.4495	0.5464	0.4474	0.5501
0.4961	0.4521	0.5035	0.5995	0.5430	0.5973	0.4495	0.5464	0.4474	0.5501
0.4961	0.4521	0.5432	0.5995	0.5430	0.5973	0.4495	0.5464	0.4474	0.5501
0.4961	0.4521	0.4961	0.5995	0.5430	0.4554	0.4495	0.5464	0.4474	0.5501
0.4961	0.4521	0.4961	0.5995	0.5430	0.4554	0.4495	0.5464	0.5905	0.5501
0.4961	0.4957	0.4961	0.5995	0.5430	0.4554	0.4495	0.5464	0.5905	0.5501
0.4993	0.4957	0.4961	0.5995	0.5430	0.4554	0.4495	0.5464	0.5905	0.5501
0.4993	0.4957	0.4033	0.5995	0.5430	0.4554	0.4495	0.5464	0.5905	0.5501
0.4993	0.4957	0.4033	0.5995	0.5430	0.4554	0.4495	0.5464	0.5905	0.5501
0.4993	0.4957	0.4033	0.5995	0.5430	0.4554	0.4495	0.5464	0.5905	0.5501
0.4993	0.4957	0.5894	0.5995	0.5430	0.4554	0.4495	0.5464	0.5905	0.5501
0.4993	0.4957	0.5894	0.5995	0.5430	0.4554	0.4495	0.5464	0.5905	0.5501
0.4993	0.4957	0.5894	0.5995	0.5430	0.4554	0.4495	0.5464	0.5905	0.5501
0.4993	0.4957	0.5894	0.5995	0.5430	0.4554	0.4495	0.5464	0.5905	0.5501
0.4993	0.5447	0.5894	0.5995	0.5430	0.4554	0.4495	0.5464	0.5905	0.5501
0.4993	0.5447	0.5894	0.5995	0.5430	0.4554	0.4495	0.5464	0.5905	0.5501
0.4993	0.5447	0.5894	0.5995	0.5430	0.4554	0.4495	0.5464	0.5905	0.5501
0.4993	0.5447	0.5894	0.5995	0.5430	0.4554	0.4495	0.5464	0.5905	0.5501
0.4993	0.5447	0.5894	0.5995	0.5430	0.4554	0.4495	0.5464	0.5905	0.5501
0.4993	0.5447	0.5894	0.5454	0.5430	0.4554	0.4495	0.5464	0.5905	0.5501
0.4993	0.5447	0.5059	0.5454	0.3577	0.4554	0.4495	0.5464	0.5905	0.3556
0.4993	0.5447	0.5059	0.5454	0.4476	0.4554	0.4495	0.5464	0.5905	0.3556
0.4993	0.5447	0.5059	0.5454	0.4476	0.4554	0.4495	0.5464	0.5905	0.3556
0.4993	0.5447	0.5059	0.5454	0.4476	0.4554	0.4495	0.5464	0.5905	0.3556
0.4993	0.5447	0.5059	0.5454	0.4476	0.4554	0.4495	0.5464	0.5905	0.3556
0.4993	0.5447	0.5059	0.5454	0.4476	0.4554	0.4495	0.5464	0.5905	0.3556
0.4993	0.5447	0.5059	0.5454	0.4476	0.4554	0.4495	0.5464	0.5905	0.3556
0.4993	0.5447	0.5059	0.5454	0.4476	0.4554	0.4495	0.5464	0.5905	0.3556
0.4993	0.5447	0.5059	0.4947	0.4476	0.4554	0.4495	0.5464	0.5905	0.3556
0.4993	0.5447	0.5059	0.4947	0.4476	0.4554	0.4495	0.5464	0.5905	0.5987
0.4993	0.5447	0.5059	0.4947	0.4476	0.4554	0.4495	0.5464	0.5905	0.5987
0.4993	0.5447	0.5059	0.4947	0.4476	0.4554	0.4495	0.5464	0.5905	0.5987
0.4993	0.5447	0.5059	0.4947	0.4476	0.4554	0.4495	0.5464	0.5905	0.5987
0.4993	0.5447	0.5059	0.4947	0.4476	0.4554	0.4495	0.5464	0.5905	0.5987
0.4993	0.5447	0.5059	0.4947	0.4476	0.4554	0.4495	0.5464	0.5905	0.5987
0.4993	0.5447	0.5059	0.4947	0.4476	0.4554	0.4495	0.5464	0.5905	0.5987
0.4993	0.5447	0.5059	0.4947	0.4476	0.4519	0.4495	0.5464	0.5905	0.5987
0.4993	0.5447	0.5059	0.4947	0.4476	0.4519	0.4495	0.5464	0.3566	0.5987
0.4993	0.5447	0.5059	0.4947	0.4476	0.4519	0.4495	0.5464	0.3566	0.5987
0.4993	0.5447	0.5059	0.4947	0.4476	0.4519	0.4495	0.5464	0.3566	0.5987
0.4993	0.5447	0.5059	0.4947	0.4476	0.4519	0.4495	0.5464	0.3566	0.5987
0.4993	0.5447	0.5059	0.4947	0.4476	0.4519	0.4495	0.5464	0.3566	0.5987
0.4993	0.5447	0.5059	0.4947	0.4476	0.4519	0.4495	0.5464	0.3566	0.5987
