0.0298	0.6835	0.6331	0.9323	0.9765	0.6788	0.4061	0.1536	0.8751	0.5376	0.6454	0.1195	0.5769	0.8201	0.8140	0.9196	0.0811	0.5931	0.3434	0.1201
0.1601	0.7829	0.7903	0.6715	0.0028	1.0000	0.6626	0.5241	0.0000	0.5029	0.5926	0.3564	0.4527	0.3087	0.0000	0.0590	0.9364	0.0000	1.0000	0.8274
0.2297	0.3522	0.8030	0.3560	0.4975	0.7798	0.8870	0.5083	0.5195	0.4971	0.3948	0.3564	1.0000	0.5076	0.3913	0.4388	0.4397	0.4962	0.3896	0.7596
0.6028	0.4346	0.2125	0.3978	0.4975	0.3530	1.0000	0.4995	1.0000	1.0000	1.0000	0.3300	0.3539	0.5076	0.3913	0.7021	0.4432	0.4962	1.0000	0.7160
0.5546	1.0000	0.0000	0.6148	0.3988	0.4753	0.2538	0.5464	0.6645	0.7098	0.9021	0.6137	0.0000	0.5076	0.3913	1.0000	0.4432	0.5606	0.3049	0.7160
1.0000	0.0000	0.8300	0.5571	1.0000	0.8372	0.0000	0.5464	0.4533	0.6103	0.6859	0.6137	0.1145	0.5076	0.3477	0.6913	0.4432	0.2461	1.0000	0.7160
0.7159	0.0000	0.0000	0.5571	1.0000	0.5056	1.0000	0.5464	0.4533	0.2878	0.0000	0.6137	1.0000	0.5076	0.5951	0.0884	0.4448	0.4074	0.0000	0.4513
0.2575	0.5514	0.1965	0.5017	0.6617	0.5056	0.4467	0.5464	0.4533	0.6633	0.8636	0.6552	1.0000	0.5076	0.5951	0.0000	0.5014	0.7304	0.1524	0.4513
0.1904	0.5514	0.3035	1.0000	0.6617	0.5056	0.7645	0.5464	0.4533	0.1928	0.9458	0.6200	0.1397	0.5076	0.5951	0.5535	0.5014	1.0000	0.3288	0.4513
0.5562	0.5514	0.0000	0.7171	0.4974	0.5056	0.0000	0.8121	0.4533	0.6212	0.5462	0.8147	0.7723	0.5076	0.5473	0.3329	0.5014	0.3295	1.0000	0.4513
0.2424	0.5514	0.3376	0.9088	0.4974	0.4441	0.3993	0.4230	0.4533	0.2802	0.3595	0.4987	0.7833	0.7648	0.2357	0.4033	0.5014	0.4984	1.0000	0.4513
0.5483	0.5514	0.3376	0.3821	0.0000	0.2875	0.0096	0.5625	0.4930	0.4838	0.4963	0.2344	0.6442	0.6022	0.6050	0.4033	0.4520	0.4984	0.4395	0.4513
0.4471	0.5492	0.6000	0.5397	0.7632	0.4947	0.2419	0.3465	0.3994	0.3993	0.2653	0.2882	1.0000	0.6022	0.4950	0.4575	0.4520	0.2976	0.4395	0.4513
0.2102	0.5071	0.5584	0.7191	0.3855	0.4947	0.4482	0.3465	0.3994	0.6212	0.4961	0.3036	0.6575	0.6022	0.4950	0.4453	0.4520	0.4535	0.4395	0.4513
0.5953	0.5071	0.5584	0.0000	0.0055	0.4947	0.5477	0.3465	0.3994	0.4497	0.4961	0.2924	0.3470	0.6022	0.4950	0.4453	0.5521	0.4535	0.5036	0.4513
0.1015	0.5071	0.5584	0.3936	0.7755	0.4947	0.5477	0.3465	0.3994	0.4939	0.4961	0.2924	0.3470	0.6022	0.4950	0.4453	0.5521	0.4535	0.5036	0.4513
0.6557	0.5071	0.5584	0.3936	0.7605	0.0000	0.5477	0.6068	0.3994	0.4939	0.4961	0.2924	0.1938	0.6022	0.4950	0.4453	0.5521	0.4994	0.6048	0.4513
0.5247	0.5071	0.5584	0.3936	0.7139	0.3505	0.5477	0.6068	0.3994	0.5172	0.4961	0.3970	0.6526	0.6022	0.4950	0.4453	0.5521	0.4994	0.3460	0.4513
0.9717	0.5071	0.5584	0.3952	0.3842	0.3505	0.5477	0.6068	0.3994	0.5742	0.4961	0.2853	0.5574	0.6022	0.4950	0.4453	0.5521	0.5053	0.3460	0.4513
0.5472	0.5071	0.5584	0.3952	0.3961	0.3927	0.4427	0.6068	0.3994	0.0276	0.4961	0.6532	0.8535	0.6022	0.4950	0.4453	0.5521	0.6563	0.4091	0.4513
0.5472	0.5006	0.5584	0.3952	0.3961	0.3682	0.4427	0.6068	0.3994	0.5359	0.4961	0.4602	0.2068	0.6022	0.4950	1.0000	0.5521	0.3908	0.5569	0.4511
0.5472	0.5006	0.5584	0.3952	0.3961	0.8328	0.5031	0.6068	0.3994	0.5139	0.9152	0.6839	0.3470	0.6022	0.4950	0.5008	0.5521	0.0000	0.5569	0.4511
0.4467	0.5006	0.5584	0.3952	0.3961	0.0685	0.5031	0.6068	0.3994	0.0000	0.2334	0.3589	0.5541	0.6022	0.4950	0.6101	0.5521	0.0000	0.5569	0.4511
0.4467	0.5006	0.4459	0.5553	0.3961	0.4900	0.5031	0.6068	0.3994	0.5430	0.0000	0.1940	0.4426	0.6022	0.4950	0.2900	0.5521	0.3975	0.5569	0.4511
0.4467	0.5006	0.5491	0.5553	0.3961	0.4900	0.5031	0.6068	0.3994	0.6652	0.4004	0.6182	0.5031	0.6022	0.4950	0.3475	0.5521	1.0000	0.3898	0.4511
0.5477	0.5006	0.5491	0.5553	0.3961	0.4900	0.5031	0.6068	0.3994	0.3517	0.4004	0.6182	0.5031	0.6022	0.4950	0.6091	0.5521	0.2331	0.4502	0.4511
0.5543	0.5006	0.5491	0.5553	0.3961	0.9196	0.5031	0.6068	0.3994	0.2939	0.4004	0.5984	0.5031	0.6022	0.4950	0.4454	0.5521	0.4524	0.4502	0.4511
0.6106	0.4503	0.5491	0.5553	0.3961	0.8750	0.4921	0.3973	0.6016	0.9203	0.5590	0.5984	0.5031	0.6055	0.4950	0.4454	0.5521	0.5542	0.4502	0.4511
0.6578	0.4503	0.5506	0.5553	0.5533	0.5451	0.4921	0.5577	0.6016	0.4375	0.5590	0.5984	0.5031	0.6055	0.4950	0.6657	0.5521	0.5542	0.4502	0.4511
0.6578	0.4503	0.5506	0.5553	0.3994	0.2885	0.4921	0.5577	0.6016	0.3953	0.5590	0.5522	0.5031	0.6055	0.4950	0.5560	0.5521	0.5542	0.4502	0.4511
0.6578	0.4503	0.6026	0.5553	0.3994	0.2885	0.4921	0.5577	0.6016	0.3953	0.5590	0.5522	0.5031	0.6055	0.4950	0.5560	0.5521	0.5542	0.4502	0.4511
0.6578	0.4503	0.6026	0.5553	0.4028	0.4943	0.4921	0.5577	0.2335	0.4399	0.3423	0.5522	0.5031	0.6055	0.4950	0.5560	0.5521	0.5542	0.4502	0.4511
0.4432	0.4503	0.6026	0.5553	0.4028	0.3501	0.3382	0.5577	0.1641	0.4399	0.6058	0.5522	0.5031	0.6055	0.4950	0.5560	0.5521	0.5542	0.4502	0.4511
0.4432	0.4503	0.6026	0.5553	0.4967	0.3501	0.3382	0.5577	0.9015	0.5557	0.6058	0.5522	0.5031	0.6055	0.4950	0.5560	0.5521	0.5542	0.4502	0.4511
0.4432	0.4503	0.6026	0.5553	0.4967	0.3501	0.3382	0.5577	0.5530	0.1771	0.6058	0.5522	0.5031	0.6055	0.4950	0.5560	0.4450	0.5542	0.4502	0.4511
0.4432	0.4503	0.6026	0.5553	0.4967	0.3501	0.3382	0.5577	0.2539	0.6065	0.6058	0.5522	0.5031	0.6055	0.4950	0.5560	0.4450	0.5542	0.4502	0.4511
0.4432	0.4503	0.6026	0.5553	0.4967	0.3501	0.3382	0.5577	0.7664	0.6065	0.6058	0.5522	0.5031	0.6055	0.4950	0.5560	0.4450	0.5542	0.4502	0.4511
0.4432	0.4503	0.6026	0.5553	0.4967	0.3501	0.3382	0.5577	0.8111	0.4480	0.6058	0.5522	0.5031	0.6055	0.4950	0.5560	0.4450	0.5542	0.4502	0.4453
0.4432	0.4503	0.6026	0.5553	0.5590	0.2943	0.3382	0.5577	0.4043	0.4480	0.6058	0.5522	0.5031	0.6055	0.4950	0.5560	0.4450	0.5542	0.4502	0.4453
0.4432	0.4503	0.6026	0.5553	0.4547	0.3955	0.4996	0.5577	0.4528	0.4954	0.6058	0.5522	0.5031	0.6055	0.4950	0.5560	0.4450	0.4971	0.4502	0.4453
0.4432	0.4503	0.6025	0.5553	0.4547	0.3461	0.4996	0.5577	0.4528	0.4954	0.6058	0.5522	0.5031	0.6055	0.4950	0.5560	0.4450	0.4971	0.4502	0.4453
0.4432	0.4503	0.6025	0.5553	0.4469	0.3461	0.6024	0.5577	0.4528	0.4954	0.4440	0.5522	0.5035	0.6055	0.4950	0.5560	0.4450	0.4971	0.4502	0.4453
0.4432	0.4503	0.5485	0.5553	0.4469	0.3461	0.6024	0.5577	0.4528	0.4954	0.4440	0.4455	0.5035	0.6055	0.4950	0.5560	0.4450	0.6111	0.4502	0.4453
0.5081	0.4503	0.5485	0.5553	0.4469	0.3461	0.4973	0.5577	0.4528	0.4954	0.4440	0.4455	0.5035	0.6055	0.4950	0.6635	0.4450	0.6111	0.4502	0.4453
0.6676	0.4503	0.5485	0.5553	0.4469	0.3461	0.4973	0.5577	0.4528	0.4954	0.4440	0.4455	0.5035	0.6055	0.4950	0.6635	0.4450	0.6111	0.4502	0.4453
0.6676	0.4503	0.5485	0.5553	0.4469	0.3400	0.6081	0.5577	0.3345	0.4954	0.4440	0.4455	0.5527	0.6055	0.4950	0.5511	0.4450	0.6111	0.4502	0.4453
0.6676	0.4503	0.5485	0.5553	0.4469	0.3400	0.6081	0.5577	0.5991	0.4954	0.4440	0.4455	0.5527	0.6055	0.4950	0.5511	0.4450	0.6111	0.4502	0.4453
0.6676	0.4503	0.5485	0.4967	0.4469	0.3400	0.6018	0.5577	0.2957	0.4954	0.4440	0.4455	0.5527	0.6055	0.4950	0.5511	0.4450	0.6111	0.4502	0.4453
0.6676	0.4503	0.5485	0.4967	0.4469	0.3400	0.6018	0.5577	0.5600	0.4954	0.4440	0.4455	0.5527	0.5560	0.4950	0.5511	0.4450	0.6111	0.4502	0.4453
0.6676	0.4503	0.5485	0.4967	0.4469	0.3400	0.6018	0.5577	0.5600	0.4954	0.4440	0.4455	0.5527	0.5560	0.4950	0.5511	0.4450	0.6111	0.4502	0.4453
0.4565	0.4503	0.5485	0.5058	0.4469	0.3400	0.6018	0.5577	0.4504	0.4954	0.4440	0.4455	0.5527	0.5560	0.4950	0.5511	0.4450	0.5427	0.4502	0.4453
0.5002	0.4503	0.5485	0.5058	0.4469	0.6639	0.6018	0.5577	0.4504	0.4954	0.4440	0.4455	0.5527	0.5560	0.4471	0.5511	0.4450	0.3958	0.4502	0.4453
0.5002	0.4503	0.5485	0.5058	0.4469	0.6639	0.6018	0.5577	0.4504	0.4954	0.4440	0.4455	0.5527	0.5560	0.4471	0.5511	0.4450	0.3958	0.4502	0.4453
0.5002	0.4503	0.5485	0.5058	0.4469	0.6073	0.6018	0.5577	0.4504	0.4954	0.4447	0.4455	0.6069	0.5560	0.5036	0.5561	0.4450	0.3457	0.4502	0.4453
0.2867	0.5535	0.5485	0.5058	0.4469	0.6073	0.4988	0.5577	0.4504	0.4954	0.4447	0.4455	0.6069	0.5560	0.5036	0.5561	0.4450	0.3457	0.4502	0.4453
0.5059	0.5535	0.5485	0.5058	0.4469	0.6073	0.4988	0.5577	0.4504	0.4954	0.4447	0.4455	0.6069	0.5560	0.5036	0.4514	0.4450	0.3457	0.4502	0.4453
0.5059	0.5535	0.4471	0.5058	0.4469	0.6073	0.4988	0.5577	0.4504	0.4954	0.4447	0.4455	0.6069	0.5560	0.5036	0.4514	0.4450	0.3457	0.4502	0.4453
0.5059	0.5535	0.4471	0.5058	0.4469	0.6073	0.4988	0.5577	0.4504	0.4954	0.4447	0.4455	0.6069	0.5560	0.5036	0.4514	0.4450	0.4500	0.4502	0.4453
0.5059	0.5535	0.4471	0.5058	0.4469	0.6073	0.4988	0.5577	0.4504	0.4954	0.4447	0.4455	0.6069	0.5560	0.5036	0.4514	0.4450	0.4500	0.4502	0.4453
0.5584	0.5535	0.4471	0.5058	0.4469	0.6073	0.4988	0.5577	0.4504	0.4954	0.4447	0.4455	0.6069	0.5560	0.5036	0.4514	0.4450	0.4500	0.4502	0.4453
0.6508	0.5535	0.4471	0.5058	0.4469	0.6073	0.4988	0.5577	0.4504	0.4954	0.5511	0.4455	0.6069	0.5560	0.5036	0.4514	0.4450	0.4500	0.4502	0.4453
0.6508	0.5535	0.4471	0.5058	0.4469	0.6073	0.4988	0.5577	0.4504	0.3974	0.5511	0.4455	0.6069	0.5560	0.5036	0.4514	0.4450	0.4500	0.4502	0.4453
0.4013	0.5535	0.4471	0.5058	0.4469	0.6073	0.4988	0.5577	0.4466	0.3974	0.5511	0.4455	0.6069	0.5560	0.5036	0.4514	0.4450	0.4500	0.4502	0.4453
0.4013	0.5535	0.4471	0.5058	0.4469	0.6073	0.4988	0.5577	0.4466	0.3974	0.5511	0.4455	0.6069	0.5560	0.5036	0.4514	0.4450	0.4500	0.4502	0.4453
0.4013	0.5535	0.4471	0.5058	0.4469	0.6073	0.4988	0.5577	0.4466	0.3974	0.5511	0.4455	0.6069	0.5560	0.5036	0.4514	0.4972	0.4500	0.4502	0.4453
0.4013	0.5535	0.4992	0.5058	0.4469	0.6073	0.4988	0.5577	0.4466	0.4423	0.5511	0.4455	0.6069	0.5560	0.5036	0.4514	0.4972	0.4500	0.4502	0.4453
0.4013	0.5535	0.4992	0.5058	0.4469	0.6073	0.4988	0.5577	0.4466	0.4423	0.5511	0.4455	0.6069	0.5560	0.5036	0.4514	0.4972	0.4500	0.4502	0.4453
0.4013	0.5535	0.4992	0.5058	0.4469	0.6073	0.4988	0.5577	0.4466	0.4423	0.5511	0.4455	0.6069	0.5560	0.5036	0.4514	0.4972	0.4500	0.4502	0.4453
0.4013	0.5535	0.4992	0.5058	0.4469	0.6073	0.4988	0.5577	0.4466	0.4423	0.5511	0.4455	0.6069	0.5560	0.5036	0.4514	0.4972	0.4500	0.4502	0.4453
0.4013	0.5535	0.4992	0.5058	0.4469	0.4474	0.4988	0.5577	0.4466	0.4423	0.5511	0.4455	0.4520	0.5560	0.5036	0.4514	0.4972	0.4500	0.4502	0.4453
0.4013	0.5535	0.4992	0.5058	0.4469	0.4474	0.4988	0.5577	0.4466	0.4423	0.5511	0.4455	0.4520	0.5560	0.5036	0.4514	0.4972	0.4500	0.4502	0.4453
0.4013	0.5535	0.4992	0.5058	0.4469	0.4474	0.4988	0.5577	0.4466	0.4423	0.5511	0.4455	0.4520	0.5560	0.5036	0.4514	0.4972	0.4500	0.4502	0.4453
0.4545	0.5535	0.4992	0.5058	0.4469	0.4474	0.4988	0.5577	0.4466	0.4423	0.4462	0.4455	0.4520	0.5560	0.5036	0.4514	0.4972	0.4500	0.4502	0.4453
0.5542	0.5535	0.4992	0.5058	0.4469	0.4474	0.4988	0.5577	0.4466	0.4423	0.4462	0.4455	0.4520	0.5560	0.5036	0.4514	0.4972	0.4500	0.4502	0.4453
0.5542	0.5535	0.4992	0.5058	0.4469	0.4474	0.4988	0.5577	0.4466	0.4423	0.4462	0.4455	0.4520	0.5560	0.5036	0.4514	0.4972	0.4500	0.4502	0.4453
0.5542	0.5535	0.4992	0.5058	0.4469	0.4474	0.4988	0.5577	0.4466	0.4423	0.4462	0.4455	0.4520	0.5560	0.5036	0.4514	0.4972	0.4500	0.4502	0.4453
0.5542	0.5535	0.4992	0.5058	0.4469	0.4474	0.4988	0.5577	0.4957	0.4423	0.4462	0.4455	0.4520	0.5560	0.5036	0.4514	0.4972	0.4500	0.4502	0.4453
0.5542	0.5535	0.4992	0.5058	0.4469	0.4474	0.4988	0.5577	0.4957	0.4423	0.4462	0.4455	0.4520	0.5560	0.5036	0.4514	0.4972	0.4500	0.4502	0.4453
0.5542	0.5535	0.4992	0.5058	0.4469	0.4474	0.4988	0.5577	0.4957	0.4423	0.4462	0.4455	0.4520	0.5560	0.5036	0.4514	0.4972	0.4500	0.4502	0.4453
0.5542	0.5535	0.4992	0.5058	0.4469	0.4474	0.4988	0.5577	0.4957	0.4423	0.4462	0.4455	0.4520	0.5560	0.5036	0.4514	0.4972	0.4500	0.4502	0.4453
0.5542	0.5535	0.4992	0.4463	0.4469	0.4474	0.4988	0.5577	0.4957	0.4423	0.4462	0.4455	0.4520	0.5560	0.5036	0.4514	0.4972	0.4500	0.4502	0.4453
0.5542	0.5535	0.4992	0.4463	0.4469	0.4474	0.4988	0.5577	0.4957	0.4423	0.4462	0.4455	0.4520	0.5560	0.5036	0.4514	0.4972	0.4500	0.4502	0.4453
0.5542	0.5535	0.4992	0.4463	0.4469	0.4474	0.4988	0.5577	0.4957	0.4423	0.4462	0.4455	0.4520	0.5560	0.5036	0.4514	0.4972	0.4500	0.4502	0.4453
0.5542	0.5535	0.4992	0.4463	0.4469	0.4474	0.4988	0.5577	0.4957	0.4423	0.4462	0.4455	0.4520	0.5560	0.5036	0.4514	0.4972	0.4500	0.4502	0.4453
0.5542	0.5535	0.4992	0.4463	0.4469	0.4474	0.4988	0.5577	0.4957	0.4423	0.4462	0.4455	0.4520	0.5560	0.5500	0.4514	0.4972	0.4500	0.4502	0.4453
0.5542	0.5535	0.4992	0.4463	0.4469	0.4474	0.4988	0.5577	0.5485	0.4423	0.4462	0.4455	0.4520	0.5560	0.5500	0.4514	0.4972	0.4500	0.4502	0.4453
0.5542	0.5535	0.4992	0.4463	0.4469	0.4474	0.4988	0.5577	0.5485	0.4423	0.4462	0.4455	0.4520	0.5560	0.5500	0.4514	0.4972	0.4500	0.4502	0.4453
0.5542	0.5535	0.4992	0.4463	0.4469	0.4474	0.4988	0.5577	0.5485	0.4423	0.4462	0.4455	0.4520	0.5560	0.5500	0.4514	0.4972	0.4500	0.4502	0.4453
0.5542	0.5535	0.4992	0.4463	0.4469	0.4474	0.4988	0.5577	0.5485	0.4423	0.4462	0.4455	0.4520	0.5560	0.5500	0.4514	0.4972	0.4500	0.4502	0.4453
0.5542	0.4997	0.4992	0.4463	0.4469	0.4474	0.4988	0.5577	0.5485	0.4423	0.4462	0.4455	0.4520	0.5560	0.5500	0.4514	0.4972	0.4500	0.4502	0.4453
0.5542	0.4997	0.4992	0.4463	0.4469	0.4474	0.4988	0.5577	0.5485	0.4423	0.4462	0.4455	0.4520	0.5560	0.5500	0.4514	0.4972	0.4500	0.4502	0.4453
0.5542	0.4997	0.4992	0.4463	0.4469	0.4474	0.4988	0.5577	0.5485	0.4423	0.4462	0.4455	0.4520	0.5560	0.5500	0.4514	0.4972	0.4500	0.4502	0.4453
0.5542	0.4997	0.4992	0.4463	0.4469	0.4474	0.4988	0.5577	0.5485	0.4423	0.4462	0.4455	0.4520	0.5560	0.5500	0.4514	0.4972	0.4500	0.4502	0.4453
0.5542	0.4997	0.4992	0.4463	0.4469	0.4474	0.4988	0.5577	0.5485	0.4423	0.4462	0.4455	0.4520	0.5560	0.5500	0.4514	0.4972	0.4500	0.4502	0.4453
0.5542	0.4997	0.4992	0.4463	0.4469	0.4474	0.4988	0.5577	0.5485	0.4423	0.4462	0.4455	0.4520	0.5560	0.5500	0.4514	0.4972	0.4500	0.4502	0.4453
0.5542	0.4997	0.4992	0.4463	0.4469	0.4474	0.4988	0.5577	0.5485	0.4423	0.4462	0.4455	0.4520	0.5560	0.5500	0.4514	0.4972	0.4500	0.4502	0.4453
0.5542	0.4997	0.4992	0.4463	0.4469	0.4474	0.4988	0.5577	0.5485	0.4423	0.4462	0.4455	0.4520	0.5560	0.5500	0.4514	0.4972	0.4500	0.4502	0.4453
0.5542	0.4997	0.4992	0.4463	0.4469	0.4474	0.4988	0.5577	0.5485	0.4423	0.4462	0.4455	0.4520	0.4445	0.5500	0.4514	0.4972	0.4500	0.4502	0.4453
0.5542	0.4997	0.4992	0.4463	0.4469	0.4474	0.4988	0.5577	0.5485	0.4423	0.4462	0.4455	0.4520	0.4445	0.5500	0.4514	0.4972	0.4500	0.4502	0.4453
0.5542	0.4997	0.4992	0.4463	0.4469	0.5541	0.4988	0.5577	0.5541	0.4423	0.4462	0.4455	0.4520	0.4445	0.5500	0.4514	0.4972	0.4500	0.4502	0.4453
0.5542	0.4997	0.4992	0.4463	0.4469	0.5541	0.4988	0.5577	0.5541	0.4423	0.4462	0.4455	0.4520	0.4445	0.5500	0.4514	0.4972	0.4500	0.4502	0.4453
