0.3841	0.7036	0.9845	0.4570	0.1472	0.4828	0.5944	0.7261	0.7440	0.0718	0.4037	0.9494	0.3720	0.9128	0.7534	0.7794	0.2544	0.4733	0.2498	0.0131
1.0000	0.3954	0.6783	0.3166	0.3744	0.1744	0.3305	0.6743	0.7048	0.8250	0.2145	0.8258	0.7451	0.0000	0.0000	0.7224	0.6733	1.0000	0.1065	1.0000
0.3783	0.4080	0.1367	0.4193	0.5704	0.8048	0.9076	0.0000	0.9796	0.9255	0.4407	0.4877	0.4791	0.3334	0.0000	0.4115	0.2537	0.3689	0.0000	0.5365
1.0000	0.1113	0.9620	0.6786	0.0000	0.7194	0.0000	0.6122	0.4934	0.5278	0.5679	0.7670	0.5115	0.3201	0.4388	0.3838	0.3170	0.4984	0.2832	0.9525
0.1858	0.3830	0.4774	0.3223	0.5112	0.2906	0.0000	0.0212	1.0000	0.4306	0.5679	0.8429	0.3769	0.3893	0.6633	0.3838	0.4992	0.4984	0.4459	0.1633
0.3457	0.6796	0.5113	0.3223	0.6637	0.6863	0.7530	0.7733	0.8798	0.6701	0.5679	0.5015	0.3769	0.5704	0.4028	0.5564	0.4992	0.4984	0.5045	0.6225
0.3774	0.6796	0.5125	0.3223	0.0000	0.4298	0.3836	1.0000	0.3216	0.0212	0.5679	0.5015	0.3769	0.5704	0.6232	0.2736	0.5562	0.4984	0.5045	0.7379
0.3774	0.5616	1.0000	0.6818	0.6545	0.6713	0.3836	0.7367	0.2718	1.0000	0.5624	0.5015	0.3769	1.0000	0.8157	0.3337	0.8524	0.4984	0.5045	0.5065
1.0000	0.3813	0.3423	0.6818	0.0000	0.0000	0.5165	0.2120	1.0000	0.2657	0.5624	0.5095	0.3769	0.0000	1.0000	0.2979	0.3840	0.4984	0.5045	0.5065
0.8022	0.3813	0.8460	0.3276	0.0673	0.7495	1.0000	0.0000	0.5503	0.9073	0.5624	0.5095	0.3769	0.2056	0.1876	0.5160	0.3840	0.4984	0.5045	0.5065
0.4356	0.5665	0.2481	0.3276	0.4522	0.7467	0.4522	0.7077	0.9038	0.3148	0.5624	1.0000	0.3769	0.4868	0.5041	1.0000	0.3840	0.4984	0.6232	0.5065
0.1379	0.4400	0.3315	0.5048	0.6059	0.5008	0.4522	0.3624	0.2754	0.4593	0.5624	0.0000	0.3769	0.7279	0.6213	0.7908	0.0000	0.4984	0.6232	0.5065
0.3594	0.4400	0.3192	0.5048	0.9646	0.5008	0.6118	0.7418	0.3730	0.8145	0.5624	0.5674	0.3769	0.2777	0.6254	0.3788	0.6699	0.4984	0.5116	0.5065
0.5717	0.0000	0.7257	0.4925	0.3713	0.5008	0.6118	0.2411	0.5680	0.6816	0.6167	0.3937	0.4364	0.4524	0.6267	0.6175	0.7281	0.4984	0.2844	0.3219
0.6725	0.7344	1.0000	0.5644	0.3713	0.5008	0.6118	0.9807	0.9038	0.7788	0.6167	0.4851	0.4991	0.5015	0.3310	0.6175	0.4509	0.4984	0.4915	0.3219
0.6725	1.0000	0.7310	0.3228	0.5694	0.5008	0.6118	0.6103	0.5497	0.4111	0.6167	1.0000	0.4991	0.5015	0.3310	0.6175	0.4464	0.4984	0.0869	0.3219
0.6194	0.4277	0.5472	0.3228	0.6169	0.5008	0.6118	0.6103	0.6747	0.6330	0.6167	0.5744	0.4991	0.4370	0.3310	0.6175	0.7202	0.4984	0.3919	0.3219
0.6194	0.5114	0.6116	0.3228	0.6169	0.5008	0.6118	0.2861	0.2057	0.6135	0.6167	0.3143	0.4991	0.2213	0.3310	0.2720	0.3467	0.4984	0.3230	0.3219
0.6194	0.5476	0.6116	0.2694	0.5578	0.5008	0.3977	0.6964	0.3953	0.6135	0.6167	0.3858	0.4991	0.7373	0.3310	0.3778	0.4275	0.4984	0.5132	0.3809
0.3244	0.3880	0.5053	0.3846	0.4471	0.5008	0.3951	0.6431	0.7575	0.6135	0.6167	0.3858	0.4401	0.7373	0.3310	0.3778	0.7725	0.4984	0.4363	0.3809
0.0000	0.3880	0.4765	0.3919	0.5027	0.5008	0.3951	0.6094	0.4540	0.6135	0.5067	0.6090	0.4401	0.2745	0.3310	0.3778	0.4866	0.4984	0.9696	0.3809
1.0000	0.3880	0.7299	0.3919	0.5027	0.5608	0.3951	0.6094	0.4294	0.6135	0.5067	0.6090	0.4401	0.2745	0.3310	0.4262	0.5002	0.4984	0.8006	0.5062
0.7596	0.3880	0.3976	0.3919	0.5027	0.5608	0.3844	0.4464	0.4294	0.6135	0.5067	0.6090	0.4401	0.2745	0.3310	0.7354	0.4507	0.4984	0.6877	0.3312
0.6784	0.3880	0.6091	0.3919	0.5518	0.2008	0.3844	0.4464	0.4294	0.4998	0.5067	0.6090	0.4401	0.5680	0.5640	0.4365	0.4507	0.4984	0.4448	0.3312
0.5722	0.4437	0.6091	0.3919	0.5518	0.6137	0.3844	0.4464	0.4294	0.4998	0.5067	0.3831	0.4401	0.5680	0.4377	0.6227	0.4509	0.4984	0.4448	0.3312
0.5722	0.4437	0.6091	0.3919	0.5029	0.6594	0.3844	0.4464	0.4294	0.4998	0.5067	0.3831	0.4401	0.2725	0.4377	0.7269	0.5513	0.4984	0.4448	0.6152
0.9561	0.4437	0.6091	0.3919	0.5029	0.4061	0.3844	0.4464	0.4513	0.4998	0.5067	0.3741	0.4401	0.2725	0.4377	0.3345	0.5513	0.4984	0.4448	0.6152
0.3238	0.4437	0.6091	0.3919	0.5029	0.6167	0.3844	0.4985	0.5488	0.4998	0.5067	0.7280	0.4401	0.3194	0.4377	0.6153	0.5513	0.4984	0.5034	0.7361
0.5086	0.4437	0.6091	0.5619	0.5029	0.2622	0.3844	0.4985	0.3781	0.4998	0.5067	0.7282	0.4401	0.4926	0.4377	0.4274	0.5513	0.4984	0.5034	0.7361
0.0000	0.4437	0.6091	0.5619	0.5029	0.2622	0.3844	0.4985	0.4456	0.4998	0.5067	0.7282	0.4401	0.4926	0.4377	0.4274	0.5513	0.4984	0.5034	0.6145
0.4935	0.4437	0.6091	0.5619	0.5029	0.6187	0.3844	0.4985	0.2663	0.4998	0.4941	0.8244	0.4401	0.4926	0.4377	0.4550	0.4423	0.4984	0.5034	0.6145
0.4935	0.4437	0.6091	0.5010	0.5029	0.6187	0.3844	0.4985	0.5070	0.4998	0.4941	0.2685	0.4401	0.4926	0.3120	0.4550	0.4423	0.4984	0.5034	0.6145
0.4935	0.6118	0.3232	0.5010	0.5029	0.4918	0.3844	0.4985	0.5070	0.4998	0.4941	0.6715	0.4401	0.4926	0.0000	0.5648	0.4423	0.4984	0.5034	0.3846
0.4935	0.6118	0.3232	0.5010	0.5029	0.4918	0.3844	0.4985	0.4336	0.4998	0.4941	0.0000	0.4401	0.4926	0.6809	0.3206	0.4423	0.4984	0.4338	0.3846
0.4935	0.5606	0.3232	0.5010	0.5029	0.4918	0.3844	0.4985	0.4924	0.4998	0.4941	0.8066	0.4401	0.7384	0.3317	0.4660	0.4423	0.4984	0.4338	0.3846
0.4935	0.5606	0.4365	0.5010	0.5065	0.6754	0.3844	0.4985	0.4924	0.5554	0.4941	0.8662	0.4401	0.9696	0.3800	1.0000	0.4423	0.4984	0.4338	0.3846
0.3273	0.5606	0.4365	0.5010	0.5065	0.6754	0.3844	0.5583	0.4924	0.5554	0.4941	0.4340	0.4401	0.3255	0.3800	0.4549	0.4423	0.4984	0.4338	0.3846
0.3273	0.5606	0.4365	0.5010	0.5517	0.6754	0.3844	0.5583	0.4924	0.5554	0.4941	0.4340	0.4401	0.3713	0.3800	0.6664	0.4423	0.4984	0.4338	0.3846
0.5574	0.5606	0.4365	0.5010	0.5517	0.6754	0.3844	0.5583	0.5084	0.5554	0.4941	0.4340	0.4401	0.3713	0.3800	0.6664	0.4423	0.4984	0.4338	0.3846
0.5574	0.5606	0.4365	0.5010	0.5517	0.6754	0.3844	0.5583	0.5084	0.5554	0.4941	0.4340	0.4401	0.6745	0.3800	0.5112	0.6095	0.4984	0.6257	0.3846
0.5574	0.5606	0.4365	0.5010	0.5517	0.7986	0.6134	0.5583	0.4491	0.5554	0.4941	0.4340	0.4401	0.6745	0.4391	0.5547	0.6095	0.4984	0.6257	0.3846
0.5574	0.5606	0.5602	0.5010	0.5517	0.7291	0.6134	0.5583	0.4491	0.5554	0.4941	0.4340	0.4401	0.6122	0.5055	0.3909	0.3873	0.4984	0.6257	0.3846
0.5574	0.5004	0.5602	0.5010	0.5517	0.4312	0.6134	0.4403	0.3300	0.5554	0.4988	0.4340	0.4401	0.6122	0.5587	0.3909	0.3873	0.4984	0.6257	0.3846
0.5574	0.5004	0.5602	0.5010	0.5517	0.3955	0.6134	0.4403	0.3300	0.5554	0.4988	0.4340	0.4401	0.3272	0.5587	0.3909	0.3873	0.4984	0.6229	0.3846
0.5574	0.5004	0.5602	0.5010	0.4431	0.4983	0.6134	0.4403	0.3294	0.5554	0.4988	0.4340	0.4401	0.5676	0.5587	0.3763	0.3749	0.4984	0.4925	0.3846
0.5574	0.5004	0.5602	0.5010	0.4431	0.4983	0.6134	0.4403	0.4344	0.5554	0.4988	0.4340	0.4401	0.5676	0.5587	0.6102	0.3749	0.4984	0.4925	0.3846
0.5574	0.5004	0.5602	0.5010	0.4461	0.4983	0.6134	0.4403	0.4939	0.5554	0.4988	0.4340	0.4401	0.5676	0.5587	0.6102	0.3749	0.4984	0.4925	0.3846
0.5574	0.5004	0.5602	0.5010	0.4461	0.4983	0.5040	0.4403	0.5022	0.5554	0.4988	0.4340	0.4401	0.5676	0.5587	0.6102	0.3749	0.4984	0.4925	0.3846
0.5574	0.5004	0.5602	0.5010	0.4461	0.4983	0.5040	0.4403	0.5022	0.5554	0.4988	0.4430	0.4401	0.3246	0.5587	0.6102	0.6319	0.4984	0.6145	0.3846
0.5574	0.5004	0.5602	0.5010	0.4461	0.4983	0.5624	0.4403	0.5022	0.5554	0.4988	0.6087	0.4401	0.3246	0.5587	0.6102	0.6319	0.4984	0.6145	0.3846
0.5574	0.5004	0.5602	0.5010	0.4461	0.4983	0.5624	0.4403	0.5593	0.5554	0.4988	0.5097	0.4997	0.3246	0.5587	0.6102	0.3890	0.4984	0.6145	0.3846
0.4465	0.5004	0.5602	0.5010	0.4461	0.4983	0.5624	0.4403	0.5593	0.5554	0.4988	0.5097	0.4997	0.3246	0.5587	0.6134	0.2715	0.4984	0.6145	0.3846
0.4465	0.5004	0.5602	0.5010	0.4461	0.4983	0.5026	0.4403	0.5593	0.5554	0.4988	0.5097	0.4997	0.5035	0.5587	0.6134	0.6136	0.4984	0.6145	0.3846
0.4465	0.5004	0.5602	0.5010	0.4461	0.4983	0.5026	0.4403	0.5593	0.5554	0.4988	0.4353	0.4997	0.3791	0.3900	0.6134	0.6136	0.4984	0.6145	0.3846
0.4465	0.5004	0.5602	0.5010	0.4461	0.5007	0.5026	0.4403	0.5593	0.5554	0.4988	0.4353	0.4997	0.3791	0.4944	0.6134	0.6136	0.4984	0.6145	0.3846
0.4465	0.5004	0.5602	0.5010	0.4461	0.5007	0.5026	0.4403	0.5593	0.5554	0.4988	0.4353	0.4997	0.3791	0.4944	0.6134	0.6136	0.4984	0.6145	0.3846
0.4465	0.5004	0.5602	0.5010	0.4461	0.5556	0.5026	0.4403	0.5593	0.5554	0.4988	0.4353	0.4997	0.3791	0.4944	0.6134	0.6136	0.4984	0.6145	0.3846
0.4465	0.5004	0.5602	0.5010	0.4461	0.5556	0.5026	0.4403	0.5593	0.5554	0.4988	0.5058	0.4997	0.3791	0.4944	0.6134	0.6136	0.4984	0.6145	0.3846
0.5032	0.5004	0.5602	0.5010	0.4461	0.5556	0.5026	0.4403	0.5593	0.5554	0.4988	0.5058	0.4997	0.3791	0.3839	0.6134	0.6136	0.4984	0.6145	0.3846
0.5032	0.5004	0.5602	0.5010	0.4461	0.5556	0.5026	0.4403	0.5593	0.5554	0.4988	0.5058	0.4997	0.3791	0.5618	0.6134	0.6268	0.4984	0.4441	0.3846
0.5032	0.5004	0.5602	0.5010	0.4461	0.5556	0.5026	0.4403	0.5593	0.5554	0.4988	0.5058	0.4997	0.3791	0.5618	0.6134	0.6268	0.4984	0.4441	0.3846
0.5032	0.5004	0.5602	0.5010	0.4461	0.5556	0.5026	0.4403	0.5593	0.5554	0.4988	0.5058	0.4997	0.3791	0.4456	0.6134	0.6268	0.4984	0.4441	0.3846
0.5032	0.5004	0.5602	0.5010	0.4461	0.5556	0.5026	0.4403	0.5593	0.5554	0.4988	0.5058	0.4997	0.3791	0.4456	0.6134	0.7280	0.4984	0.4441	0.3846
0.5032	0.5004	0.5602	0.5010	0.4461	0.5556	0.5026	0.4403	0.5593	0.5554	0.4988	0.5058	0.4997	0.3791	0.4456	0.6134	0.7332	0.4984	0.4441	0.3846
0.5032	0.5004	0.5602	0.5010	0.4461	0.4972	0.5026	0.4403	0.5593	0.5554	0.4988	0.5058	0.4997	0.3791	0.4456	0.6134	0.4352	0.4984	0.4441	0.3846
0.5032	0.5004	0.5602	0.5010	0.4461	0.4972	0.5026	0.4403	0.5593	0.5554	0.4988	0.5058	0.4997	0.4931	0.4456	0.6134	0.4352	0.4984	0.4441	0.3846
0.5032	0.5004	0.5602	0.5010	0.4461	0.4972	0.5026	0.4403	0.5593	0.5554	0.4988	0.5622	0.4997	0.4931	0.4456	0.6134	0.4352	0.4984	0.4441	0.3846
0.5032	0.5004	0.4419	0.5010	0.4461	0.4972	0.5026	0.4403	0.5593	0.5554	0.4988	0.5622	0.4997	0.4931	0.4456	0.6134	0.4958	0.4984	0.4441	0.3846
0.5032	0.5004	0.4419	0.5010	0.4461	0.4972	0.5026	0.4403	0.5593	0.5554	0.4988	0.5622	0.4997	0.4931	0.6185	0.6134	0.4958	0.4984	0.4441	0.3846
0.5032	0.5004	0.4419	0.5010	0.4461	0.4972	0.5026	0.4403	0.5593	0.5554	0.4988	0.5622	0.4997	0.4931	0.6185	0.6134	0.4958	0.4984	0.4441	0.3846
0.5032	0.5004	0.4419	0.5010	0.4461	0.4972	0.5026	0.4403	0.5593	0.5554	0.4988	0.5622	0.4997	0.4931	0.6185	0.6134	0.4958	0.4984	0.4441	0.3846
0.5032	0.5004	0.4419	0.5010	0.4461	0.4972	0.5026	0.4403	0.5593	0.5554	0.4988	0.5622	0.4997	0.4931	0.6185	0.6134	0.5630	0.4984	0.4441	0.3846
0.5032	0.5004	0.4419	0.5010	0.4461	0.4972	0.5026	0.4403	0.5593	0.5554	0.4988	0.5622	0.4997	0.4931	0.6185	0.6134	0.5630	0.4984	0.4983	0.3846
0.5032	0.5004	0.4419	0.5010	0.4461	0.4972	0.5026	0.4403	0.5593	0.5554	0.4988	0.5622	0.4997	0.4931	0.6185	0.6134	0.5630	0.4984	0.4983	0.3846
0.5032	0.5004	0.4419	0.5010	0.4461	0.4972	0.5026	0.4403	0.5593	0.5554	0.4988	0.5622	0.4997	0.4931	0.6185	0.6134	0.5630	0.4984	0.4983	0.3846
0.5032	0.5004	0.4419	0.5010	0.4461	0.4972	0.5026	0.4403	0.5593	0.5554	0.4988	0.5622	0.4997	0.4931	0.6185	0.6134	0.5630	0.4984	0.4983	0.3846
0.5032	0.5004	0.4419	0.5010	0.4461	0.4972	0.5026	0.4403	0.5593	0.5554	0.4988	0.5622	0.4997	0.4931	0.6185	0.5677	0.4418	0.4984	0.4983	0.3848
0.5032	0.5004	0.5601	0.5010	0.4461	0.4972	0.5026	0.4403	0.4402	0.5554	0.4988	0.5622	0.4997	0.4931	0.6185	0.5677	0.4418	0.4984	0.4983	0.3848
0.5032	0.5004	0.5601	0.5010	0.4461	0.4972	0.5026	0.4403	0.4402	0.5554	0.4988	0.5622	0.4997	0.4931	0.6185	0.4957	0.4418	0.4984	0.4983	0.3848
0.5032	0.5004	0.5601	0.5010	0.4461	0.4972	0.5026	0.4403	0.4402	0.5554	0.4988	0.5622	0.4997	0.4931	0.6185	0.4957	0.4418	0.4984	0.4983	0.3848
0.5032	0.5004	0.5601	0.5010	0.4461	0.4972	0.5026	0.4403	0.4402	0.5554	0.4988	0.5622	0.4997	0.4931	0.6185	0.4957	0.4418	0.4984	0.4983	0.3848
0.5032	0.5004	0.5601	0.5010	0.4461	0.4972	0.5026	0.4403	0.4402	0.5554	0.4988	0.5622	0.4997	0.4931	0.6185	0.5001	0.4418	0.4984	0.4983	0.3848
0.5032	0.5004	0.5601	0.5010	0.4461	0.4972	0.5026	0.4403	0.4402	0.5554	0.4988	0.5622	0.4997	0.4931	0.6185	0.5001	0.4418	0.4984	0.4983	0.4981
0.5032	0.5004	0.5601	0.5010	0.4461	0.4972	0.5026	0.4403	0.4402	0.5554	0.4988	0.5622	0.4997	0.4931	0.6185	0.5001	0.4418	0.4984	0.4983	0.4981
0.5032	0.5004	0.5601	0.5010	0.4461	0.4972	0.5026	0.4403	0.4402	0.5554	0.4988	0.5622	0.4997	0.4931	0.6185	0.5001	0.4418	0.4984	0.4983	0.4981
0.5032	0.5004	0.5601	0.5010	0.4461	0.5593	0.5026	0.4403	0.4402	0.5554	0.4988	0.5622	0.4997	0.4931	0.6185	0.5001	0.4418	0.4984	0.4983	0.4981
0.5032	0.5004	0.5601	0.5010	0.4482	0.5593	0.5026	0.4403	0.4402	0.5554	0.4988	0.5622	0.4997	0.4931	0.6185	0.5001	0.4418	0.4984	0.4983	0.4981
0.5032	0.5004	0.5601	0.5010	0.4482	0.5593	0.5026	0.4403	0.4402	0.5554	0.4988	0.5622	0.4997	0.4931	0.6185	0.5001	0.4418	0.4984	0.4983	0.4981
0.5032	0.5004	0.5601	0.5010	0.4482	0.5593	0.5026	0.4403	0.4402	0.5554	0.4988	0.5622	0.4997	0.4931	0.6185	0.5001	0.4418	0.4984	0.4983	0.4981
0.5032	0.5004	0.5601	0.5010	0.4482	0.5593	0.5026	0.4403	0.4402	0.5554	0.4988	0.5622	0.4997	0.4931	0.6185	0.5001	0.4418	0.4984	0.4983	0.4981
0.5032	0.5004	0.5601	0.5010	0.4482	0.5593	0.5026	0.4403	0.4402	0.5554	0.4988	0.5622	0.4997	0.4931	0.6185	0.3810	0.4418	0.4984	0.4983	0.4981
0.5032	0.5004	0.5601	0.5010	0.4482	0.5593	0.5026	0.4403	0.4402	0.5554	0.4988	0.5622	0.4997	0.4931	0.6185	0.3810	0.4418	0.4984	0.4983	0.4981
0.5032	0.5004	0.5601	0.5010	0.4482	0.5593	0.5026	0.4403	0.4402	0.5554	0.4988	0.5622	0.4997	0.6154	0.6185	0.3810	0.4418	0.4984	0.4983	0.4981
0.5032	0.5004	0.5601	0.5010	0.4482	0.5593	0.5026	0.4403	0.4402	0.5554	0.4988	0.5622	0.4997	0.6154	0.6185	0.3810	0.4418	0.4984	0.4983	0.4981
0.5032	0.5004	0.5601	0.5010	0.4482	0.5593	0.5026	0.4403	0.4402	0.5554	0.4988	0.5622	0.4997	0.6154	0.6185	0.3810	0.4418	0.4984	0.4983	0.4981
0.5032	0.5004	0.5601	0.5010	0.4482	0.5593	0.5026	0.4403	0.4402	0.5554	0.4988	0.5622	0.4997	0.6154	0.6185	0.3810	0.4418	0.4984	0.4983	0.4981
0.5032	0.5004	0.4997	0.5010	0.4482	0.5593	0.5026	0.4403	0.4402	0.5554	0.4988	0.5622	0.4997	0.6154	0.6185	0.3810	0.4418	0.4984	0.4983	0.4981
0.5032	0.5004	0.4997	0.5010	0.4482	0.5593	0.5026	0.4403	0.4402	0.5554	0.4988	0.5622	0.4997	0.6154	0.6185	0.3810	0.4418	0.4984	0.4983	0.4981
0.5032	0.5004	0.4997	0.5010	0.4482	0.5593	0.5026	0.4403	0.4402	0.5554	0.4988	0.5622	0.4997	0.6154	0.6185	0.3810	0.4418	0.4984	0.4983	0.4981
0.5032	0.5004	0.4997	0.5010	0.4482	0.5593	0.5026	0.4403	0.4402	0.5554	0.4988	0.5622	0.4997	0.6154	0.6185	0.3810	0.4418	0.4984	0.4983	0.4981
0.5032	0.5004	0.4997	0.5010	0.4482	0.5593	0.5026	0.4403	0.4402	0.5554	0.4988	0.5622	0.4997	0.6154	0.6185	0.3810	0.4418	0.4984	0.4983	0.4981
