0.3793	0.7915	0.0489	0.0830	0.6687	0.4054	0.8697	0.5547	0.4422	0.6088	0.8280	0.1220	0.2428	0.9205	0.9263	0.7825	0.4099	0.3304	0.7136	0.0329
0.4595	0.6674	1.0000	0.0000	0.8852	1.0000	0.4884	0.4683	0.2738	1.0000	0.3945	0.5192	0.4912	0.5638	0.0000	0.1365	0.7937	0.7956	0.2864	1.0000
0.5399	0.5151	0.4910	0.4886	0.3573	1.0000	0.7109	0.0000	0.0749	0.5890	0.4885	0.5500	0.5882	0.2554	0.2263	0.3963	0.4939	0.5300	0.3839	0.0000
0.4082	0.4194	0.2813	0.0000	0.4184	0.4789	0.4039	0.7274	0.9645	0.3872	0.4064	0.5292	0.6137	0.4155	0.5377	0.7099	0.2927	0.2862	0.0920	0.4121
0.0000	0.0000	0.0000	0.6171	0.0000	0.0000	0.7936	0.0000	0.4102	0.4080	0.1075	0.4797	0.8805	0.6199	0.7148	0.6295	0.4807	0.2862	0.3913	0.5756
0.3610	0.0293	0.3891	1.0000	0.2441	0.5107	0.9477	0.5094	0.1434	0.4080	1.0000	0.6191	0.0000	0.5428	0.0000	0.4968	0.4807	0.2686	0.9368	0.7890
0.6094	0.9975	0.3891	0.0664	0.6391	0.0000	0.7265	0.5094	0.3748	0.4080	0.3560	0.0000	0.3881	0.2903	0.5113	0.7458	0.3597	0.2686	0.0547	0.5097
0.6094	0.0000	0.0000	1.0000	0.4811	0.5088	0.5126	0.5094	0.3971	0.4080	0.5062	1.0000	0.4071	0.3676	0.8739	0.7220	0.7230	0.2707	0.2774	0.7283
0.5125	0.6905	1.0000	0.5965	0.4925	0.5088	0.5076	0.3951	1.0000	0.4080	0.6870	0.7379	0.7813	0.4971	0.3651	0.4857	1.0000	0.5869	0.0000	0.7033
0.0000	0.6113	0.4771	0.6061	0.5101	0.1803	0.8483	0.4987	0.3945	0.3981	0.6002	0.0506	0.8664	0.4971	1.0000	1.0000	0.1682	0.4029	0.0682	1.0000
1.0000	0.6113	0.0000	0.5062	0.5101	0.3992	0.1675	0.0000	0.2465	0.3981	0.6071	0.2789	0.6042	0.4971	0.7209	0.8741	0.7790	0.4029	0.6193	0.5126
0.0000	0.6230	0.5063	0.8991	0.5101	0.6106	0.5767	0.6285	0.0000	0.3981	0.6276	0.1341	0.2064	0.4971	0.6305	0.8274	0.6801	0.4029	0.6193	0.6236
0.7039	0.6230	0.6109	0.4044	0.3906	0.8072	0.8172	0.6263	0.3971	0.3981	0.4935	0.0000	0.7374	0.4971	0.5074	0.7157	0.8501	0.4029	0.6193	0.4947
0.7039	0.6230	0.6109	0.4044	0.3906	0.2296	0.2692	0.5003	0.2784	0.3981	0.4935	0.4143	0.2349	0.4971	0.5074	0.4917	0.9639	0.4820	0.3726	0.3847
0.0000	0.6230	0.6109	0.3820	0.3906	0.4517	0.0000	0.4019	0.5509	0.3981	0.4910	0.0000	0.1461	0.6274	0.5074	0.7164	0.7775	0.4820	0.3922	0.3847
0.5337	0.6230	0.6109	0.5072	0.3906	0.0518	0.0000	0.5063	0.4709	0.3981	0.4910	0.6030	0.5241	0.5422	0.5074	0.3635	0.6199	0.6308	0.4964	0.0000
0.6435	0.6230	0.6109	0.5072	0.3906	1.0000	0.0000	0.5063	0.3724	0.3981	0.4910	0.7155	0.6327	0.2886	0.3767	0.5935	0.3250	0.3894	1.0000	0.2617
0.5138	0.6230	0.3952	0.5072	0.3906	0.3794	0.1001	0.5063	0.2934	0.3981	0.4910	0.4033	1.0000	0.7108	0.3767	0.2971	0.6289	0.3894	0.0000	0.4125
0.5038	0.4963	0.3952	0.5072	0.5077	1.0000	0.3561	0.5063	0.4824	0.5956	0.4910	0.0000	0.6147	0.4139	0.3767	0.4791	0.4130	0.3894	0.3721	0.0482
0.4962	0.4963	0.3952	0.5072	0.5077	0.5901	0.4930	0.6101	0.4824	0.5956	0.4910	0.2116	0.6147	0.3138	0.5972	0.4791	0.0000	0.3894	0.4920	0.1634
0.4962	0.4963	0.2866	0.5072	0.5077	0.6204	0.7199	0.2209	0.0000	0.6168	0.4910	0.5274	0.6147	0.2744	0.5958	0.4082	0.2028	0.3894	0.7198	0.5954
0.4962	0.4963	0.5490	0.4920	0.5077	0.6204	0.4097	0.1363	0.4128	0.6174	0.4910	0.7191	0.6147	0.1939	0.3965	0.6951	0.4873	0.3894	0.5162	0.0268
0.5047	0.4963	0.3929	0.3971	0.5077	0.6204	0.4097	0.5274	0.2191	0.9100	0.4910	0.5238	0.6147	0.0000	0.3965	0.6043	0.4873	0.3894	0.5162	0.3017
0.5047	0.4963	0.3929	0.3971	0.5077	0.6204	0.4097	0.9228	0.6134	0.5157	0.6082	0.6066	0.6147	0.8130	0.3965	0.6043	0.5070	0.3894	0.3987	0.6283
0.5047	0.4963	0.3929	0.3971	0.5077	0.6204	0.4097	0.5927	0.6134	0.5157	0.6082	0.6066	0.3813	0.6356	0.3965	0.6313	0.5070	0.3894	0.3987	0.6144
0.5047	0.4963	0.3929	0.3971	0.5077	0.6084	0.4034	0.5927	0.6134	0.4625	0.6082	0.6066	0.3813	0.4027	0.3965	0.4861	0.5070	0.3894	0.3987	0.4887
0.5047	0.4963	0.7142	0.3971	0.5077	0.6084	0.3690	0.4895	0.6959	0.5040	0.6082	0.5041	0.3813	0.8389	0.3965	0.1585	0.5070	0.3894	0.3987	0.5817
0.5047	0.4963	0.7142	0.3971	0.5077	0.6084	0.3690	0.4895	0.7112	0.5040	0.6082	0.5041	0.6106	0.7974	0.3965	0.2255	0.5070	0.3894	0.3987	0.3905
0.5047	0.4963	0.7135	0.3971	0.5077	0.6084	0.3690	0.4895	0.6290	0.5040	0.6082	0.5041	0.6106	0.5899	0.3965	0.4926	0.5070	0.3894	0.3987	0.5069
0.5047	0.4963	0.7135	0.3971	0.5077	0.6084	0.5105	0.4895	0.5138	0.5040	0.6082	0.5041	0.6019	0.5062	0.3965	0.4926	0.5070	0.3894	0.3987	0.6230
0.5047	0.4963	0.7135	0.3971	0.5077	0.6084	0.5105	0.4895	0.4003	0.5040	0.6082	0.5041	0.3802	0.6063	0.4031	0.4926	0.5070	0.3894	0.3987	0.2821
0.5047	0.4963	0.7135	0.4836	0.5077	0.6084	0.4098	0.4895	0.4003	0.5040	0.4987	0.5041	0.3802	0.6063	0.4922	0.4926	0.5070	0.3894	0.3987	0.2821
0.5047	0.4963	0.7135	0.5261	0.5077	0.6084	0.4104	0.4895	0.4993	0.5040	0.4987	0.5041	0.3802	0.6063	0.4922	0.4926	0.5070	0.3894	0.3987	0.2896
0.5047	0.4963	0.8720	0.6085	0.5077	0.6084	0.7286	0.4895	0.4993	0.5040	0.4987	0.5041	0.3802	0.6063	0.4922	0.4926	0.5070	0.3894	0.3987	0.9640
0.5047	0.4963	0.2622	0.6085	0.5077	0.6084	0.7268	0.4895	0.4993	0.5040	0.4987	0.5041	0.3802	0.3967	0.6003	0.5206	0.5070	0.3894	0.3987	0.0000
0.5047	0.4963	0.3953	0.6085	0.5077	0.6084	0.0395	0.4895	0.4993	0.5040	0.4987	0.5041	0.3802	0.3967	0.6003	0.5206	0.5070	0.3894	0.3987	0.7440
0.5047	0.4963	0.2624	0.6085	0.5077	0.6084	0.8943	0.4895	0.4993	0.5040	0.5092	0.5041	0.3802	0.3967	0.3823	0.5080	0.5070	0.3894	0.3987	0.4083
0.5047	0.4963	0.2624	0.6085	0.5077	0.6084	0.6989	0.4895	0.6303	0.5040	0.5092	0.5041	0.3802	0.3967	0.3823	0.5080	0.5022	0.3894	0.3987	0.4083
0.5047	0.4963	0.2624	0.6085	0.5077	0.6084	0.4963	0.4895	0.5998	0.5040	0.5092	0.5041	0.6098	0.3967	0.3823	0.3959	0.5022	0.3894	0.3987	0.4083
0.5047	0.4963	0.2624	0.6085	0.5077	0.6084	0.4963	0.4895	0.5227	0.5040	0.5092	0.5041	0.6098	0.3967	0.3823	0.3959	0.5022	0.3894	0.3987	0.4083
0.5047	0.4963	0.3731	0.6085	0.5077	0.6084	0.4963	0.4895	0.5227	0.5040	0.5092	0.5041	0.6098	0.3967	0.3823	0.3959	0.5022	0.3894	0.3987	0.5093
0.5047	0.4963	0.3731	0.6085	0.5077	0.6084	0.4963	0.4895	0.7127	0.5040	0.5092	0.5041	0.7144	0.3967	0.3823	0.3959	0.5022	0.3894	0.4870	0.5091
0.5047	0.4963	0.3731	0.6085	0.5077	0.6084	0.4963	0.4917	0.7127	0.5040	0.5092	0.5041	0.2691	0.3967	0.3823	0.3849	0.5022	0.3894	0.4870	0.5091
0.5047	0.4963	0.3731	0.6085	0.3997	0.6084	0.4963	0.4917	0.3722	0.5040	0.5092	0.5041	0.2691	0.3967	0.3823	0.3849	0.5022	0.3894	0.4870	0.5091
0.5047	0.4963	0.2834	0.6085	0.3997	0.6084	0.4963	0.4917	0.3722	0.3786	0.5092	0.5041	0.2691	0.3967	0.6237	0.3849	0.5022	0.3894	0.4870	0.5091
0.5047	0.4963	0.2834	0.6085	0.3997	0.6084	0.4963	0.4917	0.3722	0.6163	0.5092	0.5041	0.5008	0.3967	0.6237	0.5089	0.5022	0.3894	0.4870	0.5091
0.5047	0.6078	0.2834	0.6085	0.3997	0.6084	0.4963	0.4917	0.2751	0.6163	0.5092	0.5041	0.5008	0.3967	0.6237	0.5089	0.5022	0.3894	0.4870	0.5091
0.5047	0.6078	0.2834	0.6085	0.3997	0.6084	0.4963	0.4917	0.4938	0.6163	0.5092	0.5041	0.5008	0.3967	0.6237	0.5089	0.5022	0.3894	0.4870	0.5091
0.5047	0.6078	0.2790	0.6085	0.3997	0.6084	0.4963	0.4917	0.5024	0.6163	0.5092	0.5041	0.5008	0.3967	0.6237	0.5089	0.5022	0.3894	0.4870	0.5091
0.5047	0.6078	0.2790	0.6085	0.3997	0.6084	0.4963	0.6096	0.5024	0.6163	0.5092	0.5041	0.4938	0.3967	0.6237	0.5089	0.5022	0.3894	0.4870	0.5091
0.5047	0.6078	0.4904	0.6085	0.3997	0.6084	0.4963	0.6096	0.5024	0.4916	0.5092	0.5041	0.4938	0.3863	0.6237	0.5089	0.5022	0.3894	0.4870	0.5091
0.5047	0.6078	0.4904	0.6085	0.3997	0.6084	0.4963	0.6096	0.5024	0.4916	0.5092	0.5041	0.4938	0.3863	0.6237	0.5089	0.5022	0.3894	0.4870	0.5091
0.5047	0.6078	0.4904	0.6085	0.3997	0.6084	0.4963	0.6096	0.5024	0.4916	0.5092	0.5041	0.4938	0.3863	0.6237	0.5089	0.5022	0.3894	0.4870	0.5091
0.5047	0.5122	0.4904	0.6085	0.3997	0.6084	0.4963	0.6096	0.5024	0.4916	0.5092	0.5041	0.4938	0.5011	0.6237	0.5089	0.5022	0.3894	0.4870	0.5091
0.5047	0.5122	0.6189	0.6085	0.3997	0.6084	0.4963	0.6096	0.5024	0.4916	0.5092	0.5041	0.4938	0.5011	0.6237	0.5089	0.5022	0.3894	0.4870	0.5091
0.5047	0.5122	0.6189	0.6085	0.3997	0.6084	0.4963	0.6096	0.5024	0.4916	0.5092	0.5041	0.4938	0.5011	0.6237	0.5089	0.5022	0.3894	0.4870	0.5091
0.5047	0.5122	0.6189	0.6085	0.3997	0.6084	0.4963	0.6096	0.5024	0.4916	0.5092	0.5041	0.4938	0.5011	0.6237	0.5089	0.5022	0.3879	0.4870	0.5091
0.5047	0.5122	0.3765	0.6085	0.3997	0.6084	0.4963	0.4938	0.5024	0.4916	0.5092	0.5041	0.4938	0.5011	0.6237	0.4951	0.5022	0.3879	0.3832	0.5091
0.5047	0.5122	0.3765	0.6085	0.3997	0.6084	0.4963	0.4938	0.5024	0.4916	0.5092	0.5041	0.4938	0.5011	0.6237	0.4951	0.5022	0.3879	0.3832	0.5091
0.5047	0.5122	0.3765	0.6085	0.3997	0.6084	0.4963	0.4938	0.5024	0.4939	0.5092	0.5041	0.4938	0.5011	0.6237	0.4951	0.5022	0.3879	0.3832	0.5091
0.5047	0.5122	0.3765	0.6085	0.3997	0.6084	0.4963	0.4938	0.5024	0.4939	0.5092	0.5041	0.4938	0.5011	0.6237	0.4951	0.5022	0.3879	0.3832	0.5091
0.5047	0.5122	0.3765	0.6085	0.3997	0.6084	0.4963	0.4938	0.5024	0.4939	0.5092	0.5041	0.4938	0.5011	0.6237	0.4951	0.5022	0.3879	0.3832	0.5091
0.5047	0.5122	0.3765	0.6085	0.3997	0.6084	0.4963	0.4938	0.5024	0.4939	0.5092	0.5041	0.4938	0.5011	0.6237	0.4951	0.5022	0.3879	0.3832	0.5091
0.5047	0.5122	0.3983	0.6085	0.3997	0.6084	0.4963	0.4938	0.5024	0.4939	0.5092	0.5041	0.4938	0.5011	0.6237	0.4951	0.5022	0.3879	0.4844	0.5091
0.5047	0.5122	0.3983	0.6085	0.3997	0.6084	0.4963	0.4938	0.5024	0.4939	0.5092	0.5041	0.4938	0.5011	0.6237	0.4951	0.5022	0.3879	0.4844	0.5091
0.5047	0.5122	0.3983	0.6085	0.3997	0.6084	0.4963	0.4938	0.5024	0.4939	0.5092	0.5041	0.4938	0.5011	0.6237	0.4951	0.5022	0.3879	0.4946	0.5091
0.5047	0.5122	0.3983	0.6085	0.3997	0.6084	0.4963	0.4938	0.5024	0.4939	0.5092	0.5041	0.4938	0.5011	0.6237	0.4951	0.5022	0.3879	0.4946	0.5091
0.5047	0.5122	0.3983	0.6085	0.5041	0.6084	0.4963	0.4938	0.5024	0.4939	0.5092	0.5041	0.4938	0.5011	0.5068	0.4951	0.5022	0.3879	0.4946	0.5091
0.5047	0.5122	0.3983	0.6085	0.5041	0.6084	0.4963	0.4938	0.5024	0.4939	0.5092	0.5041	0.4938	0.5011	0.5068	0.4951	0.5022	0.3879	0.4946	0.5091
0.5047	0.5122	0.3983	0.6085	0.5041	0.6084	0.4963	0.4938	0.5024	0.4939	0.5092	0.5041	0.4938	0.5011	0.5068	0.4951	0.5022	0.3879	0.4946	0.5091
0.5047	0.5122	0.3983	0.6085	0.5041	0.6084	0.4963	0.4938	0.5024	0.4939	0.5092	0.5041	0.4938	0.5011	0.5068	0.4951	0.5022	0.3879	0.4946	0.5091
0.5047	0.5122	0.3983	0.6085	0.5041	0.6084	0.4963	0.4938	0.5024	0.4939	0.5092	0.5041	0.4938	0.5011	0.5068	0.4951	0.5022	0.3879	0.4946	0.5091
0.5047	0.5122	0.3983	0.6085	0.3903	0.6084	0.4963	0.4938	0.5024	0.4939	0.5092	0.5041	0.4938	0.5011	0.5068	0.4951	0.5022	0.3879	0.4946	0.5091
0.5047	0.5122	0.3983	0.6085	0.3903	0.6084	0.4963	0.4938	0.5024	0.4939	0.5092	0.5041	0.4938	0.5011	0.6087	0.4951	0.5022	0.3879	0.4946	0.5091
0.5047	0.5122	0.3983	0.6085	0.3903	0.6084	0.4963	0.4938	0.5024	0.4939	0.5092	0.5041	0.4938	0.5011	0.6087	0.4951	0.5022	0.3879	0.4946	0.5091
0.5047	0.5122	0.3983	0.6085	0.3903	0.6084	0.4963	0.4938	0.5024	0.4939	0.5092	0.5041	0.4938	0.5011	0.6087	0.4951	0.5022	0.3879	0.4946	0.5091
0.5047	0.5122	0.3983	0.6085	0.5042	0.6084	0.4963	0.4938	0.5024	0.4939	0.5092	0.5041	0.4938	0.5011	0.6087	0.4951	0.5022	0.3879	0.4946	0.5091
0.5047	0.5122	0.3983	0.6085	0.5042	0.6084	0.4963	0.4938	0.5024	0.4939	0.5092	0.5041	0.4938	0.5011	0.6087	0.4951	0.5022	0.4943	0.4946	0.5091
0.5047	0.5122	0.3983	0.6085	0.5042	0.6084	0.4963	0.4938	0.5024	0.4939	0.5092	0.5041	0.4938	0.5011	0.6087	0.4951	0.5022	0.4943	0.4946	0.5091
0.5047	0.5122	0.3983	0.6085	0.5042	0.6084	0.4963	0.4938	0.5024	0.4939	0.5092	0.5041	0.4938	0.5011	0.6087	0.4951	0.5022	0.4943	0.4946	0.5091
0.5047	0.5122	0.3983	0.6085	0.5042	0.6084	0.4963	0.4938	0.5024	0.4939	0.5092	0.5041	0.4938	0.5011	0.6087	0.4951	0.5022	0.4943	0.4946	0.5091
0.5047	0.5122	0.3983	0.6085	0.5042	0.6084	0.4963	0.4938	0.5024	0.4939	0.5092	0.5041	0.4938	0.5011	0.6087	0.4951	0.5022	0.4943	0.4946	0.5091
0.5047	0.5122	0.3983	0.6085	0.3918	0.6084	0.4963	0.4938	0.5024	0.4939	0.5092	0.5041	0.4938	0.5011	0.6087	0.4991	0.5022	0.4943	0.4946	0.5091
0.5047	0.5122	0.3829	0.6085	0.3918	0.6084	0.4963	0.4938	0.5024	0.4939	0.5092	0.5041	0.4938	0.5011	0.6087	0.4991	0.5022	0.4943	0.4946	0.5091
0.5047	0.5122	0.3829	0.6085	0.3918	0.6084	0.4963	0.4938	0.5024	0.4939	0.5092	0.5041	0.4938	0.5011	0.6087	0.4991	0.5022	0.4943	0.4946	0.4930
0.5047	0.5090	0.3829	0.6085	0.3918	0.6084	0.4963	0.4938	0.5024	0.4939	0.5092	0.5041	0.4938	0.5056	0.6087	0.4991	0.5022	0.4943	0.4946	0.4930
0.5047	0.5090	0.3829	0.6085	0.3918	0.6084	0.4963	0.4938	0.5024	0.4939	0.5092	0.5041	0.4938	0.5056	0.6087	0.4991	0.5022	0.4943	0.4946	0.4930
0.5047	0.5090	0.3829	0.6085	0.3918	0.6084	0.4963	0.4938	0.5024	0.4939	0.5092	0.5041	0.4938	0.5056	0.6087	0.4991	0.5022	0.4943	0.4946	0.4930
0.5047	0.5090	0.3829	0.6085	0.3918	0.6084	0.4963	0.4938	0.5024	0.4939	0.5092	0.5041	0.4938	0.5056	0.6087	0.4991	0.5022	0.4943	0.4946	0.4930
0.5047	0.5090	0.3829	0.6085	0.3918	0.6084	0.4963	0.4938	0.5024	0.4939	0.5092	0.5041	0.4938	0.5056	0.6087	0.4991	0.5022	0.4943	0.4946	0.4930
0.5047	0.5090	0.3829	0.6085	0.3918	0.6084	0.4963	0.4962	0.5024	0.4939	0.5092	0.5041	0.4938	0.5056	0.6087	0.4991	0.5022	0.4943	0.4946	0.4930
0.5047	0.5090	0.3829	0.6085	0.3918	0.6084	0.4963	0.4962	0.5024	0.4939	0.5092	0.5041	0.4938	0.5056	0.6087	0.4991	0.5022	0.4943	0.4946	0.4930
0.5047	0.5090	0.3829	0.6085	0.3918	0.6084	0.4963	0.4962	0.5024	0.4939	0.5092	0.5041	0.4938	0.5056	0.6087	0.4991	0.5022	0.4943	0.4946	0.3921
0.5047	0.5090	0.3829	0.6085	0.3918	0.6084	0.4963	0.4962	0.5024	0.4939	0.5092	0.5041	0.4938	0.5056	0.6087	0.4991	0.5022	0.4943	0.4946	0.3921
0.5047	0.5090	0.3829	0.6085	0.3918	0.6084	0.4963	0.4962	0.5024	0.4939	0.5092	0.5041	0.4938	0.5056	0.6087	0.4991	0.5022	0.4943	0.4946	0.3921
0.5047	0.5090	0.3829	0.6085	0.3918	0.6084	0.4963	0.4962	0.5024	0.4939	0.5092	0.5041	0.4938	0.5056	0.6087	0.4991	0.5022	0.4943	0.4946	0.3921
0.5047	0.5090	0.3829	0.6085	0.3918	0.6084	0.4963	0.4962	0.5024	0.4939	0.5092	0.5041	0.4938	0.5056	0.6087	0.4991	0.5022	0.4943	0.4946	0.3921
0.5047	0.5090	0.3829	0.6085	0.3918	0.6084	0.4963	0.4962	0.5024	0.4939	0.5092	0.5041	0.4938	0.5056	0.6087	0.4991	0.5022	0.4943	0.4946	0.3921
0.5047	0.5090	0.3829	0.6085	0.3918	0.6084	0.4963	0.4962	0.5024	0.4939	0.5092	0.5041	0.4938	0.5056	0.6087	0.4991	0.5022	0.4943	0.4946	0.3921
0.5047	0.5090	0.3829	0.6085	0.3918	0.6084	0.4963	0.4962	0.5024	0.4939	0.5092	0.5041	0.4938	0.5056	0.6087	0.4991	0.5022	0.4943	0.4946	0.3921
0.5047	0.5090	0.3829	0.6085	0.3918	0.6084	0.4963	0.4962	0.5024	0.4939	0.5092	0.5041	0.4938	0.5056	0.6087	0.4991	0.5022	0.4943	0.4946	0.3921
