0.5849	0.7881	0.8775	0.3863	0.0448	0.6323	0.6843	0.0885	0.2072	0.8502
0.0000	0.0859	0.0000	0.1204	0.6455	0.0000	0.6391	0.1641	0.5088	1.0000
0.0000	1.0000	0.2052	0.7095	0.6355	0.5032	0.6198	1.0000	0.5632	0.3992
0.7422	0.2888	0.6551	0.4150	0.6502	0.5032	0.7494	0.3325	0.5632	0.6502
0.5994	0.0000	0.4904	0.4371	0.2737	0.5032	1.0000	0.5886	0.5598	0.7247
1.0000	0.1171	0.4094	0.6587	0.9277	0.5096	0.0000	0.2993	0.4822	0.5691
0.5995	0.0000	0.3653	0.6587	1.0000	0.5869	0.7406	0.4185	0.3484	0.5691
0.4890	0.5797	0.4079	0.4221	1.0000	0.5869	0.5222	0.4185	0.6561	0.5713
0.5995	0.7310	0.9830	0.5928	0.4980	0.5869	0.6989	0.6824	0.3475	0.5713
0.2986	0.7310	0.2645	0.5128	0.5905	0.4979	0.5382	0.2774	0.3475	0.5713
0.3387	0.2696	0.4338	0.5128	0.7299	0.4979	0.3656	0.5122	0.4234	0.4205
0.6432	0.2776	0.5696	0.5128	0.4535	0.4979	0.5644	0.1291	0.4866	0.4205
0.3442	0.2776	0.5696	0.5128	0.6732	0.4979	0.7332	1.0000	0.4866	0.0000
0.4215	0.2776	0.4862	0.5128	0.6756	0.4979	0.6598	0.2730	0.4866	0.5142
0.5785	0.5112	0.5867	0.5128	1.0000	0.4979	0.6598	0.7158	0.2604	0.4193
0.6613	0.4908	0.5867	0.3412	0.1851	0.4979	0.7437	0.3562	0.5506	0.4193
0.2803	0.4908	0.3638	0.3415	0.0000	0.4979	0.7089	1.0000	0.3393	0.4193
0.2803	0.4908	0.7462	0.3415	0.0000	0.4979	0.5161	0.5079	0.8529	0.4193
0.4273	0.4908	0.2535	0.3415	1.0000	0.4979	0.1974	0.4444	0.5940	0.4193
0.4273	0.4908	0.3290	0.3415	0.3469	0.4979	0.5947	1.0000	0.4235	0.6381
1.0000	0.4908	0.5711	0.3415	0.3469	0.4979	0.5231	0.6597	0.0020	0.4314
0.5721	0.4908	0.1376	0.3415	0.3469	0.4979	0.7718	0.3541	0.4950	0.5757
0.5554	0.4908	0.5045	0.3415	0.3469	0.4979	0.5637	0.3541	0.2643	0.5757
0.4351	0.4908	0.5082	0.3415	0.3469	0.4979	0.4919	0.3541	0.2643	0.5757
0.5458	0.5088	0.5082	0.3415	0.5036	0.4979	0.3600	0.4041	0.2643	0.5757
0.0000	0.5088	0.5082	0.3415	0.4968	0.4979	0.5692	0.4041	0.4355	0.5757
0.9610	0.5088	0.4360	0.3415	0.4968	0.4979	0.5692	0.4174	0.3484	0.5757
0.3346	0.5088	0.4213	0.3415	0.4968	0.4979	0.5692	0.7163	0.3484	0.5757
0.7353	0.5088	0.5698	0.3415	0.4968	0.4979	0.5692	0.4094	0.3484	0.5757
0.3597	0.5088	0.5698	0.3415	0.4968	0.4979	0.5692	0.7227	0.5946	0.5757
0.3597	0.5825	0.5698	0.4308	0.4968	0.4979	0.5692	0.4332	0.5946	0.5757
0.5413	0.5825	0.5698	0.4308	0.5123	0.4979	0.5692	0.5933	0.5946	0.5757
0.6677	0.5825	0.4937	0.4308	0.3578	0.4979	0.5074	0.5893	0.5946	0.5757
0.8042	0.4856	0.4248	0.4308	0.3406	0.4979	0.5074	0.5893	0.3612	0.5757
0.5809	0.4856	0.4248	0.4308	0.3406	0.4979	0.5074	0.6563	0.3612	0.5757
0.5809	0.4165	0.4248	0.4308	0.3406	0.5809	0.5074	0.6563	0.4903	0.5757
0.5809	0.4313	0.4141	0.4308	0.5125	0.5809	0.5074	0.4300	0.5086	0.5757
0.5809	0.4313	0.4141	0.4308	0.5125	0.5809	0.5074	0.4300	0.5086	0.5757
0.5809	0.4313	0.5687	0.4308	0.5125	0.5809	0.5074	0.4238	0.5685	0.5757
0.5809	0.4313	0.5687	0.4308	0.4343	0.5809	0.5074	0.4238	0.5685	0.5757
0.5809	0.4313	0.5687	0.4308	0.4343	0.5809	0.5074	0.4238	0.4314	0.5757
0.5809	0.5637	0.5687	0.4308	0.4343	0.6521	0.5074	0.4238	0.4314	0.5757
0.5809	0.5637	0.5687	0.4308	0.4343	0.6521	0.5074	0.4238	0.4314	0.5757
0.5809	0.5637	0.4232	0.4308	0.4343	0.6521	0.5074	0.4238	0.4314	0.5757
0.5809	0.5637	0.4232	0.4308	0.4941	0.4974	0.5074	0.4238	0.4314	0.5757
0.5809	0.2756	0.4232	0.4308	0.4941	0.4974	0.5074	0.4238	0.4314	0.5757
0.5809	0.2756	0.4232	0.4308	0.4941	0.4974	0.5074	0.4238	0.4314	0.5757
0.5809	0.2756	0.4232	0.4308	0.4941	0.4974	0.5074	0.4238	0.4314	0.5757
0.4319	0.7341	0.4232	0.4308	0.4268	0.5715	0.5074	0.4238	0.4314	0.5757
0.4319	0.7341	0.4232	0.4308	0.4268	0.5715	0.5074	0.4238	0.4279	0.4275
0.4319	0.7341	0.4232	0.4308	0.4268	0.5715	0.5074	0.4238	0.4279	0.4275
0.4319	0.4321	0.4232	0.4308	0.4268	0.5093	0.5074	0.4238	0.4279	0.4275
0.5708	0.3375	0.4232	0.4308	0.4268	0.5093	0.5074	0.4238	0.4279	0.4275
0.5708	0.3375	0.5828	0.4308	0.4268	0.5093	0.5074	0.4238	0.4279	0.4275
0.5708	0.3375	0.5828	0.4308	0.4268	0.5093	0.5074	0.4238	0.4279	0.4275
0.5708	0.4260	0.5828	0.4308	0.4268	0.5093	0.5074	0.4238	0.4279	0.4275
0.5708	0.4260	0.5828	0.4308	0.4268	0.5093	0.5074	0.4238	0.4279	0.4275
0.5708	0.4260	0.5828	0.4308	0.4268	0.5093	0.5074	0.4238	0.4279	0.4275
0.5708	0.4250	0.5828	0.4308	0.4268	0.5093	0.5074	0.4238	0.4279	0.4275
0.5708	0.4250	0.5828	0.4308	0.4989	0.5093	0.5074	0.4238	0.4279	0.4275
0.5708	0.4250	0.5828	0.4308	0.4989	0.5093	0.5074	0.4238	0.4279	0.4275
0.5708	0.4250	0.5828	0.4308	0.4989	0.5093	0.5074	0.4238	0.4279	0.4199
0.5708	0.4250	0.5828	0.4308	0.4989	0.5093	0.5074	0.3510	0.4279	0.4199
0.5047	0.4250	0.5828	0.4308	0.4989	0.5093	0.5074	0.6582	0.4279	0.4199
0.5047	0.4250	0.5828	0.4308	0.4989	0.5093	0.5074	0.6582	0.4279	0.4199
0.5047	0.5731	0.5828	0.4308	0.4989	0.5093	0.5074	0.6582	0.4279	0.4199
0.5047	0.5731	0.5828	0.4308	0.4989	0.5093	0.5074	0.6582	0.4279	0.4199
0.5047	0.5731	0.5828	0.4308	0.4989	0.5093	0.5074	0.4934	0.4279	0.4199
0.5047	0.5731	0.5828	0.4308	0.4989	0.5093	0.5074	0.4934	0.4279	0.4199
0.5047	0.5731	0.5828	0.3489	0.4989	0.3454	0.5074	0.4934	0.4279	0.4199
0.5047	0.5731	0.5797	0.3489	0.4989	0.3454	0.5074	0.4934	0.4279	0.4199
0.5047	0.5731	0.5797	0.3489	0.4989	0.3454	0.5074	0.4934	0.4279	0.4199
0.5047	0.5731	0.5797	0.5073	0.4989	0.3454	0.5074	0.4934	0.4279	0.4199
0.4305	0.5731	0.5797	0.5073	0.4989	0.3487	0.5074	0.4934	0.4279	0.4199
0.4305	0.5731	0.5797	0.5073	0.4989	0.3487	0.5074	0.4934	0.4279	0.4199
0.4305	0.5731	0.5797	0.5073	0.4989	0.3487	0.5074	0.4934	0.4279	0.4199
0.4236	0.5731	0.5797	0.5073	0.4989	0.3487	0.5074	0.4934	0.4279	0.4199
0.4236	0.5731	0.5797	0.4994	0.4989	0.3487	0.5074	0.4934	0.4279	0.4199
0.4236	0.5731	0.5797	0.4994	0.4989	0.3487	0.5074	0.4934	0.4279	0.4199
0.4236	0.5731	0.5797	0.4994	0.4989	0.3487	0.5074	0.4934	0.4279	0.4199
0.4236	0.5731	0.5797	0.4994	0.4989	0.3487	0.5074	0.4934	0.4279	0.4199
0.4236	0.5731	0.5797	0.4994	0.4989	0.3487	0.5074	0.4934	0.4279	0.4199
0.4965	0.5731	0.5797	0.4994	0.4989	0.3487	0.5074	0.4934	0.4279	0.4199
0.4965	0.5731	0.5797	0.4994	0.4989	0.3487	0.5074	0.4934	0.4279	0.4199
0.4965	0.5731	0.5797	0.4994	0.4989	0.3487	0.5074	0.4934	0.4279	0.4199
0.4965	0.5731	0.5797	0.4994	0.4989	0.5025	0.5074	0.4934	0.4279	0.4199
0.4965	0.5731	0.5797	0.4994	0.4989	0.5025	0.5074	0.4934	0.4279	0.4199
0.4965	0.5731	0.5797	0.4994	0.4989	0.5025	0.5074	0.4934	0.4279	0.4199
0.4964	0.5731	0.5797	0.4994	0.4989	0.5025	0.5074	0.4934	0.4279	0.4199
0.4964	0.4224	0.5797	0.4994	0.4989	0.5025	0.5074	0.4934	0.4279	0.4199
0.4964	0.4224	0.5797	0.4994	0.4989	0.5025	0.5074	0.4934	0.4279	0.4199
0.4964	0.4224	0.5797	0.4994	0.4989	0.5025	0.5074	0.4934	0.4279	0.4199
0.4964	0.4224	0.5797	0.4994	0.4989	0.5025	0.5074	0.4934	0.4279	0.4199
0.4964	0.4224	0.5797	0.4994	0.4989	0.5025	0.5074	0.4934	0.4279	0.4199
0.4964	0.4224	0.5797	0.4994	0.5022	0.5025	0.5074	0.4934	0.4279	0.4990
0.4964	0.4224	0.5797	0.4994	0.5022	0.5025	0.5074	0.4934	0.4279	0.4990
0.4964	0.4224	0.5797	0.4994	0.5022	0.5025	0.5074	0.4934	0.4279	0.4990
0.4964	0.4224	0.5786	0.4994	0.5022	0.5025	0.4246	0.4934	0.4279	0.4990
0.4964	0.4224	0.5786	0.4994	0.5022	0.5025	0.4246	0.4934	0.4279	0.4990
0.4964	0.4224	0.5786	0.4994	0.5022	0.5025	0.4246	0.4934	0.4279	0.4262
0.4964	0.4224	0.5786	0.4994	0.5022	0.5025	0.4246	0.4934	0.4279	0.4262
