0.5049	0.1351	0.2123	0.2920	0.3555	0.5464	0.9599	0.8913	0.0148	0.1533	0.3729	0.7924	0.1665	0.4593	0.7448	0.1152	0.9887	0.2783	0.0771	0.1738
0.5226	0.0000	0.5024	0.7655	0.5996	0.6787	1.0000	0.8085	0.5849	1.0000	0.0000	0.1112	0.4256	0.3186	0.0000	0.4799	0.0998	0.2994	0.3243	0.0000
0.4363	0.9031	0.6006	0.0000	0.7223	0.6787	0.9581	0.7331	0.7626	0.5009	0.6058	0.0000	0.0000	0.4190	0.0757	1.0000	0.0000	0.4351	0.8689	0.2587
0.4978	0.0878	0.3217	0.4837	0.3298	0.5929	0.5166	0.5967	0.6640	0.5009	0.5876	0.7906	0.6626	0.2464	0.0321	0.8585	0.5193	0.9789	0.6051	0.5412
0.2338	0.4724	0.6039	0.0000	0.6549	0.2405	0.0000	0.1362	0.4248	0.5009	0.7806	0.3944	0.6140	1.0000	0.7765	0.3937	0.5011	0.8597	0.6779	0.0000
1.0000	0.0000	0.2945	0.9086	0.4754	0.6913	0.0000	0.3268	0.4248	0.5942	1.0000	0.5131	0.4170	0.2852	1.0000	0.3937	0.4049	0.3524	0.0000	0.5630
1.0000	0.5728	0.0000	0.3179	0.2109	0.0514	0.4921	0.7053	0.4248	0.9150	0.0000	0.5898	0.6105	0.3128	0.5875	0.3937	0.4982	0.8655	0.0770	0.6869
0.0000	0.7455	0.2596	0.5023	0.6095	0.4239	0.4921	0.5950	0.4248	0.5956	0.8044	0.5074	0.5953	0.5446	0.5875	0.4956	0.4982	1.0000	0.6008	0.5331
0.7691	0.5145	0.5648	0.5023	0.6095	0.5984	0.4921	0.0000	0.4248	0.5956	0.4089	0.4547	0.4043	0.3279	0.4813	0.4956	0.4982	0.5845	0.4978	0.5781
0.4837	0.5145	0.3126	0.5023	1.0000	0.1853	0.4921	0.4014	0.6875	0.5136	0.4089	0.5905	0.4844	0.3301	0.4790	0.4956	0.3096	1.0000	0.4978	0.4080
0.4837	0.4951	0.3960	0.5023	0.6395	0.6789	0.6677	0.0000	0.6875	0.5864	0.4089	0.4109	0.4844	0.2177	0.4031	0.4956	0.6799	0.4949	0.5796	0.4080
0.4837	0.4518	0.3960	0.4922	0.0000	0.6789	0.4568	0.7584	0.6875	0.5864	0.4089	0.5903	0.4844	0.5926	0.4031	0.4956	0.5010	0.4949	0.5796	0.4868
0.4942	0.3232	1.0000	0.5138	0.5904	0.4128	0.5817	0.7584	0.6746	0.4059	0.9384	0.5903	0.4844	0.3045	0.4031	0.4956	0.5010	0.4949	0.4170	0.4159
0.4942	0.4127	0.3993	1.0000	0.5904	0.4031	0.5899	0.5788	0.5063	0.4059	0.7900	0.5903	0.4019	0.5648	0.4031	0.4956	0.5010	0.4944	0.4170	0.7067
0.4942	0.1623	0.3993	0.9593	0.5904	0.6024	0.6777	0.5788	0.5063	0.6647	0.5871	0.5903	0.4019	0.9932	0.4031	0.4956	0.5010	0.4175	0.3774	0.5827
0.5052	0.5921	0.5117	0.6635	0.4927	0.3167	0.6777	0.5067	0.5063	0.4332	1.0000	0.5903	0.4019	0.5201	0.4031	0.4956	0.5010	0.4175	0.2868	0.3167
0.5052	0.2458	0.5117	0.5856	0.4968	0.7343	0.5040	0.7805	0.5063	0.7051	0.4248	0.5903	0.4019	0.6015	0.4031	0.4956	0.5010	0.4175	0.3234	0.3167
0.5052	0.7549	0.5717	0.5005	0.4968	0.2250	0.5040	0.7805	0.5063	0.0000	0.5134	0.5903	0.4019	0.6841	0.5835	0.4956	0.5010	0.4175	1.0000	0.3167
0.5052	0.6080	0.7730	0.7897	0.4968	0.5214	0.5040	1.0000	0.6742	0.0000	0.1521	0.5903	0.4019	0.4935	0.5835	0.4956	0.5010	0.4105	0.4753	0.3167
0.5052	0.5449	0.4330	0.6950	0.4968	1.0000	0.5040	0.5871	0.6742	0.4730	0.3202	0.5903	0.4019	1.0000	0.5835	0.4956	0.5010	0.4105	0.5985	0.3167
0.5052	1.0000	0.4995	0.6751	0.4968	0.0000	0.5040	0.5871	0.6742	0.5759	0.4823	0.5903	0.6764	0.4894	0.5835	0.4956	0.5010	0.4105	0.5623	0.3167
0.5052	0.6353	0.9467	0.6751	0.4968	0.9432	0.5040	0.5871	0.5881	0.5759	0.4823	0.5903	0.6764	0.4894	0.5835	0.4956	0.5010	0.4105	0.3953	0.4099
0.5052	0.3969	0.0000	0.5985	0.4968	1.0000	0.5040	0.5871	0.5132	0.5759	0.4062	0.5903	0.3087	1.0000	0.5835	0.4956	0.5010	0.4105	0.3953	0.4099
0.5052	0.4307	0.7581	0.4212	0.4968	0.5917	0.5040	0.5871	0.5058	0.4101	0.4062	0.4991	0.3087	0.3924	0.5835	0.4956	0.5010	0.4105	0.4231	0.4099
0.5052	0.3294	0.6128	0.4212	0.4968	1.0000	0.5040	0.5871	0.5058	0.4101	0.4062	0.4991	0.4827	0.3977	0.5835	0.4956	0.5010	0.4105	0.3162	0.4099
0.5052	0.8241	0.6767	0.4212	0.4968	0.5562	0.5040	0.5871	0.5058	0.4101	0.4062	0.4944	0.6970	0.3977	0.5835	0.4956	0.5010	0.4105	0.5039	0.5784
0.5052	0.2434	0.5834	0.4212	0.4968	0.3873	0.5040	0.5871	0.5058	0.4101	0.4062	0.5955	0.5979	0.3977	0.5835	0.4956	0.5010	0.4105	0.5039	0.5784
0.5052	0.1846	0.5834	0.4212	0.4968	0.5841	0.5040	0.5871	0.5852	0.4101	0.5052	0.5955	0.5912	0.1753	0.5835	0.4956	0.5010	0.4105	0.5039	0.4059
0.5052	0.6700	0.6069	0.4212	0.4968	0.4996	0.5040	0.5871	0.5852	0.4101	0.5052	0.4876	0.5912	0.6717	0.5835	0.4956	0.5010	0.4105	0.5039	0.4059
0.5052	0.5683	0.6010	0.3225	0.4968	0.3211	0.5040	0.5014	0.5852	0.6756	0.5034	0.4063	0.5912	0.6717	0.5835	0.4956	0.5010	0.4105	0.5039	0.5058
0.5052	0.4960	0.6010	0.6772	0.4968	0.3211	0.5040	0.5014	0.5852	0.6756	0.5034	0.4063	0.5912	0.6717	0.5835	0.4956	0.5010	0.4105	0.5039	0.5058
0.5052	0.4960	0.5162	0.6772	0.4968	0.3211	0.5040	0.5014	0.5852	0.6756	0.5034	0.4063	0.5912	0.5827	0.5835	0.4956	0.6787	0.4105	0.5039	0.5058
0.5052	0.3362	0.5162	0.6782	0.4968	0.3211	0.5040	0.5014	0.5852	0.6952	0.4960	0.3283	0.5912	0.5827	0.5835	0.4956	0.6787	0.4105	0.5039	0.5058
0.5052	0.4128	0.5162	0.6782	0.4968	0.3211	0.5040	0.3291	0.5852	0.4186	0.6046	0.8478	0.5002	0.5827	0.5835	0.4956	0.6787	0.5025	0.5039	0.5058
0.5052	0.5943	0.4933	0.6782	0.4968	0.5124	0.5040	0.5917	0.5852	0.4186	0.3328	0.3040	0.5002	0.5827	0.5835	0.4956	0.6787	0.5025	0.4991	0.5058
0.5052	0.5943	0.4933	0.6782	0.4968	0.5124	0.4984	0.5917	0.5852	0.4186	0.3328	0.3040	0.5002	0.4918	0.5835	0.5075	0.6787	0.5025	0.4991	0.5058
0.5052	0.5943	0.4933	0.4144	0.4968	0.5124	0.4984	0.4221	0.5852	0.4186	0.6632	0.3967	0.5002	0.4918	0.5835	0.5075	0.6787	0.5025	0.4991	0.5058
0.5052	0.5943	0.4933	0.5948	0.4968	0.5124	0.4984	0.4221	0.5852	0.4914	0.5819	0.3967	0.5002	0.4918	0.5835	0.5075	0.5831	0.5025	0.4991	0.5058
0.5052	0.5943	0.4933	0.5014	0.4968	0.5124	0.4071	0.4221	0.5852	0.4914	0.4101	0.6863	0.5002	0.4918	0.5835	0.5075	0.5831	0.5025	0.4991	0.5058
0.5052	0.5943	0.4933	0.5014	0.4968	0.5124	0.4071	0.4221	0.5852	0.4914	0.4101	0.6863	0.5002	0.4918	0.5835	0.5075	0.5831	0.5025	0.4991	0.5058
0.5052	0.5943	0.4933	0.5014	0.4968	0.3980	0.4071	0.4198	0.5852	0.4914	0.4101	0.4133	0.5002	0.4918	0.5835	0.5075	0.5831	0.5025	0.4991	0.5058
0.5052	0.5775	0.4933	0.5014	0.4968	0.3980	0.4071	0.4198	0.5852	0.4914	0.4101	0.4133	0.5002	0.4918	0.5883	0.5075	0.5071	0.5025	0.4991	0.5058
0.5052	0.5775	0.4933	0.5014	0.4968	0.3980	0.4071	0.4198	0.5852	0.4914	0.4101	0.4133	0.5002	0.4918	0.5883	0.5075	0.5071	0.5025	0.4991	0.5058
0.5052	0.5775	0.4933	0.5014	0.4968	0.3980	0.4071	0.4198	0.5852	0.4914	0.4101	0.4133	0.5002	0.4918	0.5883	0.5075	0.5071	0.5025	0.4991	0.5081
0.5052	0.5775	0.4933	0.5014	0.4968	0.3980	0.4071	0.4198	0.5852	0.4914	0.4101	0.4133	0.5002	0.4918	0.5883	0.5075	0.5071	0.5025	0.4991	0.5081
0.5052	0.5775	0.4933	0.5014	0.4968	0.3980	0.4071	0.4198	0.5852	0.4914	0.4101	0.4133	0.5002	0.4918	0.5883	0.5075	0.5071	0.5025	0.4991	0.5081
0.5052	0.5775	0.4933	0.5014	0.5005	0.3980	0.4926	0.5037	0.5852	0.4003	0.4101	0.4133	0.5002	0.4918	0.5013	0.5075	0.5071	0.5025	0.4991	0.5081
0.5052	0.5775	0.4933	0.5014	0.5005	0.3980	0.4926	0.5037	0.5852	0.4003	0.4101	0.4133	0.5002	0.4918	0.5013	0.5075	0.5071	0.5025	0.4991	0.5081
0.5052	0.5775	0.4933	0.5014	0.5005	0.3980	0.4926	0.4053	0.5852	0.4003	0.4101	0.4133	0.5002	0.4918	0.5013	0.5075	0.5071	0.5025	0.4991	0.5081
0.5052	0.4148	0.4933	0.5014	0.5005	0.6723	0.4926	0.4053	0.5852	0.4003	0.4101	0.4133	0.5002	0.4918	0.5013	0.5060	0.5071	0.5025	0.4991	0.5081
0.5052	0.4148	0.4933	0.5014	0.5005	0.6723	0.4926	0.4053	0.5852	0.4003	0.4101	0.4133	0.5002	0.4918	0.5013	0.5060	0.5071	0.5025	0.4991	0.5081
0.5052	0.4047	0.4933	0.5014	0.5005	0.6723	0.4926	0.4053	0.5852	0.4003	0.4101	0.4133	0.5002	0.4918	0.5013	0.5060	0.5071	0.5025	0.4991	0.5081
0.5052	0.4047	0.4933	0.5014	0.5005	0.6723	0.4926	0.4053	0.5852	0.4003	0.4101	0.4133	0.5002	0.4918	0.5013	0.5060	0.5071	0.5025	0.4991	0.5081
0.5052	0.4047	0.4933	0.4993	0.5005	0.6723	0.4926	0.4053	0.5852	0.4003	0.4101	0.4133	0.5002	0.4148	0.5013	0.5060	0.5071	0.5025	0.4991	0.5892
0.5052	0.4047	0.4933	0.4993	0.5005	0.6723	0.4926	0.4053	0.5852	0.4003	0.4101	0.4133	0.5002	0.4148	0.5013	0.5060	0.5071	0.5025	0.4991	0.5892
0.5052	0.4047	0.4933	0.4993	0.5005	0.6723	0.4926	0.4053	0.5852	0.4003	0.4101	0.4133	0.5002	0.4148	0.5013	0.5060	0.5071	0.5025	0.4991	0.5892
0.5052	0.4047	0.4933	0.4993	0.5005	0.3142	0.4926	0.4053	0.4981	0.4003	0.4101	0.4133	0.5002	0.4148	0.5013	0.5060	0.4979	0.5025	0.4991	0.5892
0.5052	0.5904	0.4933	0.4993	0.5005	0.3142	0.4926	0.4053	0.4981	0.5067	0.4101	0.4133	0.5002	0.4148	0.5013	0.5060	0.4979	0.5025	0.4991	0.5892
0.5052	0.5904	0.4933	0.4993	0.5005	0.3245	0.4926	0.4053	0.4981	0.5067	0.4101	0.4133	0.5002	0.4148	0.5013	0.5060	0.4979	0.5025	0.4991	0.5892
0.5052	0.5904	0.4933	0.4993	0.5005	0.3245	0.4926	0.4222	0.4981	0.5067	0.4101	0.4133	0.5002	0.4148	0.5013	0.5060	0.4979	0.5025	0.4991	0.5892
0.5052	0.5904	0.4933	0.4993	0.5005	0.3245	0.4926	0.4222	0.4981	0.5067	0.4101	0.4133	0.5002	0.4148	0.5013	0.5060	0.4979	0.5025	0.4991	0.5892
0.5052	0.5904	0.4933	0.4993	0.5005	0.3245	0.4959	0.4222	0.4981	0.5067	0.4101	0.4133	0.5002	0.4148	0.5013	0.5060	0.4979	0.5025	0.4991	0.5892
0.5052	0.5904	0.4933	0.4993	0.5005	0.3245	0.4959	0.4222	0.4981	0.5067	0.4101	0.4133	0.5002	0.4148	0.5013	0.5060	0.4979	0.5025	0.4991	0.5892
0.5052	0.5904	0.4933	0.4993	0.5005	0.3245	0.4959	0.4222	0.4981	0.4915	0.4101	0.4133	0.5002	0.4148	0.5013	0.5060	0.4979	0.5025	0.4991	0.5892
0.5052	0.5904	0.4933	0.4993	0.5005	0.3245	0.4959	0.4222	0.4981	0.4915	0.4101	0.4133	0.5002	0.4148	0.5013	0.5060	0.4979	0.5025	0.4991	0.5892
0.5052	0.4924	0.4933	0.4993	0.5005	0.3245	0.4959	0.4222	0.4981	0.4915	0.4101	0.4133	0.5002	0.4148	0.5013	0.5060	0.4979	0.5025	0.4991	0.5892
0.5052	0.4924	0.4933	0.4993	0.5005	0.3245	0.4959	0.4222	0.4981	0.4915	0.4101	0.4133	0.5002	0.4148	0.5013	0.5060	0.4979	0.5025	0.4991	0.5892
0.5052	0.4924	0.4933	0.4993	0.5005	0.3245	0.4959	0.4222	0.4981	0.4915	0.4101	0.4133	0.5002	0.4148	0.5013	0.5060	0.4979	0.5025	0.4991	0.5892
0.5052	0.4924	0.4933	0.4993	0.5005	0.5865	0.4959	0.4222	0.4981	0.4915	0.4101	0.4133	0.5002	0.4148	0.5013	0.5060	0.4979	0.5025	0.4991	0.5892
0.5052	0.4924	0.4933	0.4993	0.5005	0.5865	0.4959	0.4222	0.4981	0.4915	0.4101	0.4133	0.5002	0.4148	0.5013	0.5060	0.4979	0.5025	0.4991	0.5892
0.5052	0.4924	0.4933	0.4993	0.5005	0.5865	0.4959	0.4200	0.4981	0.4915	0.4101	0.4133	0.5002	0.4148	0.5013	0.5060	0.4979	0.5025	0.4991	0.5892
0.5052	0.4924	0.4933	0.4993	0.5005	0.5865	0.4959	0.4200	0.4981	0.4915	0.4101	0.4133	0.5002	0.4148	0.5013	0.5060	0.4979	0.5025	0.4991	0.5892
0.5052	0.4924	0.4933	0.4993	0.5005	0.5865	0.4959	0.4200	0.4981	0.4915	0.4101	0.4133	0.5002	0.4148	0.5013	0.5060	0.4979	0.5025	0.4991	0.5892
0.5052	0.4924	0.4933	0.4993	0.5005	0.5865	0.4959	0.4200	0.4981	0.4915	0.4101	0.4133	0.5002	0.4148	0.5013	0.5060	0.4979	0.5025	0.4991	0.5892
0.5052	0.4924	0.4933	0.4993	0.5005	0.5865	0.4959	0.4200	0.4981	0.4915	0.4101	0.4133	0.5002	0.4148	0.5013	0.5060	0.4979	0.5025	0.4991	0.5892
0.5052	0.4924	0.4933	0.4993	0.5005	0.5865	0.4959	0.4200	0.4981	0.4915	0.4101	0.4133	0.5002	0.4148	0.5013	0.5060	0.4979	0.5025	0.4991	0.4067
0.5052	0.4924	0.4933	0.4993	0.5005	0.5865	0.4959	0.4200	0.4981	0.4915	0.4101	0.4133	0.5002	0.4148	0.5013	0.5060	0.4979	0.5025	0.4991	0.4067
0.5052	0.4924	0.4933	0.4993	0.5005	0.5865	0.4959	0.4200	0.4981	0.4915	0.4101	0.4133	0.5002	0.4148	0.5013	0.5060	0.4979	0.5025	0.4991	0.4067
0.5052	0.4924	0.4933	0.4993	0.5005	0.5865	0.4959	0.4200	0.4981	0.4915	0.4101	0.4133	0.5002	0.4148	0.5013	0.5060	0.4979	0.5025	0.4991	0.4067
0.5052	0.4924	0.4933	0.4993	0.5005	0.5865	0.4959	0.4200	0.4981	0.4915	0.4101	0.4133	0.5002	0.4148	0.5013	0.5060	0.4979	0.5025	0.4991	0.5894
0.5052	0.4924	0.4933	0.4993	0.5005	0.5865	0.4959	0.4200	0.4981	0.4915	0.4101	0.4133	0.5002	0.4148	0.5013	0.5060	0.4979	0.5025	0.4991	0.5894
0.5052	0.4924	0.4933	0.4993	0.5005	0.5865	0.4959	0.4200	0.4981	0.4915	0.4101	0.4133	0.5002	0.4148	0.5013	0.5060	0.4979	0.5025	0.4991	0.5894
0.5052	0.4924	0.4933	0.4993	0.5005	0.5865	0.4959	0.4200	0.4981	0.4915	0.4101	0.4133	0.5002	0.4148	0.5013	0.5060	0.4979	0.5025	0.4991	0.5894
0.5052	0.4924	0.4933	0.4993	0.5005	0.5865	0.4959	0.4200	0.4981	0.4915	0.4101	0.4133	0.5002	0.4148	0.5013	0.5060	0.4979	0.5025	0.4979	0.5894
0.5052	0.4924	0.4933	0.4993	0.5005	0.5865	0.4959	0.4200	0.4981	0.4915	0.4101	0.4133	0.5002	0.4148	0.5013	0.5060	0.4979	0.5025	0.4979	0.5894
0.5052	0.4924	0.4933	0.4993	0.5005	0.5865	0.4959	0.4200	0.4981	0.5902	0.4101	0.4133	0.5002	0.4148	0.5013	0.5060	0.4979	0.5025	0.4979	0.5894
0.5052	0.4924	0.4933	0.4993	0.5005	0.5865	0.4959	0.4200	0.4981	0.5902	0.4131	0.4133	0.5002	0.4148	0.5013	0.5060	0.4979	0.5025	0.4979	0.5894
0.5052	0.4974	0.4933	0.4993	0.5005	0.5865	0.4959	0.4200	0.4981	0.5902	0.4131	0.4133	0.5002	0.4948	0.5013	0.5060	0.4979	0.5025	0.4979	0.5894
0.5052	0.4974	0.4933	0.4993	0.5005	0.5865	0.4959	0.4200	0.4981	0.5902	0.4131	0.4133	0.5002	0.4948	0.5013	0.5076	0.4979	0.4099	0.4979	0.5894
0.5052	0.4974	0.4933	0.4993	0.5005	0.5865	0.4959	0.4200	0.4981	0.5902	0.4131	0.4133	0.5002	0.4948	0.5013	0.5076	0.4979	0.4099	0.4979	0.5894
0.5052	0.4974	0.4933	0.4993	0.5005	0.5865	0.4959	0.4200	0.4981	0.5902	0.4131	0.4133	0.5002	0.4948	0.5013	0.5076	0.4979	0.4099	0.4979	0.5894
0.5052	0.4974	0.4933	0.4993	0.5005	0.5865	0.4959	0.4200	0.4981	0.5902	0.4131	0.4133	0.5904	0.4948	0.5013	0.5076	0.4979	0.4099	0.4979	0.5894
0.5052	0.4974	0.4933	0.4993	0.5005	0.5865	0.4959	0.4200	0.4981	0.5902	0.4131	0.4133	0.5904	0.4948	0.5013	0.5076	0.4979	0.4099	0.4979	0.5894
0.5052	0.4974	0.4933	0.4993	0.5005	0.5865	0.4959	0.4200	0.4981	0.5902	0.4131	0.4133	0.5904	0.4948	0.5013	0.5076	0.4979	0.4099	0.4979	0.5894
0.5052	0.4974	0.4933	0.4993	0.5005	0.5865	0.4959	0.4200	0.4981	0.5902	0.4131	0.4133	0.5904	0.4948	0.5013	0.5076	0.4979	0.4099	0.4979	0.5894
0.5052	0.4974	0.4933	0.5891	0.5005	0.5865	0.4959	0.5946	0.4981	0.5902	0.4131	0.4032	0.5904	0.4948	0.5013	0.5076	0.4979	0.4099	0.4979	0.5894
0.5052	0.4974	0.4933	0.5891	0.5005	0.5865	0.4959	0.4994	0.4981	0.5902	0.4131	0.4032	0.5904	0.4948	0.5013	0.5076	0.4979	0.4099	0.4979	0.5894
0.5052	0.4974	0.4933	0.5891	0.5005	0.5865	0.4959	0.4994	0.4981	0.5902	0.4131	0.4032	0.5904	0.4948	0.5013	0.5076	0.4979	0.4099	0.4979	0.5894
0.5052	0.4974	0.4933	0.5891	0.5005	0.5865	0.4959	0.4994	0.4981	0.5902	0.4131	0.4032	0.5904	0.4948	0.5013	0.5076	0.4979	0.4099	0.4979	0.5894
0.5052	0.4974	0.4933	0.5891	0.5005	0.5865	0.4959	0.4994	0.4981	0.5902	0.4131	0.4032	0.5904	0.4948	0.5013	0.5076	0.4979	0.4099	0.4979	0.5894
0.5052	0.4974	0.4933	0.5891	0.5005	0.5865	0.4959	0.4994	0.4981	0.5902	0.4131	0.4032	0.5904	0.4948	0.5013	0.5076	0.4979	0.4099	0.4979	0.5894
