0.0662	0.5400	0.2834	0.1948	0.7705	0.4358	0.8246	0.0802	0.8045	0.7981
0.0000	0.5182	0.8852	0.3530	0.5946	0.7211	0.3388	0.4965	0.8773	0.3404
0.2285	0.3514	0.7802	0.0000	1.0000	0.3200	0.9394	0.3452	0.5479	0.5008
0.5554	0.5900	0.7865	0.5973	0.2257	0.9897	0.0000	0.6163	0.0000	0.5008
0.0445	0.4050	0.2621	0.5031	1.0000	0.4354	0.5151	0.9295	0.6655	0.5008
0.9587	0.4539	0.0000	0.5483	1.0000	0.9098	0.5524	0.0165	0.6510	0.5008
0.7011	0.4943	0.6517	1.0000	0.6736	1.0000	0.5524	0.4386	0.6995	0.5008
0.7337	0.9425	0.5484	0.7149	1.0000	0.0000	0.5524	0.0140	0.6034	0.5008
0.4336	0.0000	0.4942	0.4063	0.5471	0.0000	0.4450	0.8590	0.4504	0.5008
0.0000	0.4000	0.4942	0.6546	0.0918	0.5673	1.0000	0.4598	0.4504	0.5008
0.1790	0.4526	0.4942	0.3999	0.0852	0.5544	0.2322	0.3776	1.0000	0.5008
0.3949	0.4526	0.6114	0.3999	0.2748	0.5544	1.0000	0.0000	0.2686	0.5008
0.3949	0.4526	0.6114	0.6753	0.6117	0.5544	0.6621	1.0000	0.6138	0.5008
0.3949	0.4526	0.6114	0.6236	0.5374	0.5544	0.3514	0.7129	0.9508	0.5008
0.5115	1.0000	0.7745	0.5596	0.5796	0.5545	0.3514	0.6568	0.6896	0.5008
0.5115	0.6657	0.2810	0.0000	0.8444	0.5545	0.3514	0.6568	0.5020	0.5008
0.4981	0.4529	0.8758	0.7188	0.5326	0.5545	0.4996	0.3524	0.4485	0.5008
1.0000	0.4054	0.3201	0.0000	0.1639	0.3954	0.6532	0.5039	1.0000	0.5008
1.0000	0.6078	0.3481	0.3895	0.4453	0.3954	0.4433	0.5039	0.5022	0.5008
0.2890	0.5602	0.0000	0.8661	0.4453	0.3954	0.5114	0.4409	0.5022	0.5008
0.2890	0.7602	0.4653	0.5644	0.6649	0.3954	0.5114	0.4409	0.5022	0.5008
0.3897	0.5623	0.5123	0.5644	0.2887	0.3954	0.4977	0.4409	0.5022	0.5008
0.3930	0.5623	0.1786	0.1472	0.0000	0.4448	0.4977	0.4409	0.5022	0.5008
0.4570	0.5623	0.5655	0.7129	0.3924	0.4448	0.5500	0.4409	0.5022	0.5535
0.3496	0.4456	0.5073	0.6135	1.0000	0.4448	0.5500	0.5963	0.5022	0.5535
0.2421	0.4456	0.6074	0.3377	0.3083	0.4448	0.5500	0.6443	0.5022	0.5535
0.6650	0.4456	0.6074	0.3377	0.0358	0.4448	0.5500	0.5474	0.5022	0.5535
0.6650	0.3426	0.6074	0.4501	0.6588	0.4448	0.5500	0.5474	0.5022	0.5535
0.6650	0.3426	0.6074	0.4501	0.3937	0.4448	0.5029	0.5474	0.5022	0.5535
0.5473	0.3426	0.6074	0.4501	0.3937	0.4448	0.5029	0.5474	0.5022	0.5535
0.5473	0.3951	0.6074	0.4501	0.7097	0.4448	0.6540	0.5474	0.5009	0.5535
0.5473	0.4443	0.6074	0.4467	0.0000	0.4448	0.3400	0.4978	0.5009	0.5535
0.5473	0.4443	0.6074	0.4467	0.0000	0.4448	0.3400	0.4978	0.5009	0.5535
0.5473	0.4443	0.6074	0.4467	0.7088	0.4448	0.3400	0.5047	0.5009	0.5535
0.5473	0.4443	0.6074	0.5542	0.7088	0.4448	0.3400	0.5047	0.5009	0.5535
0.5473	0.4443	0.3342	0.5542	0.3918	0.4448	0.3400	0.5047	0.5009	0.5535
0.5473	0.4443	0.5522	0.5542	0.6528	0.4448	0.3400	0.5047	0.5009	0.5535
0.5473	0.4443	0.6512	0.5542	0.5036	0.4448	0.3400	0.5047	0.5009	0.5535
0.5473	0.4443	0.3971	0.5542	0.5036	0.4448	0.3400	0.5047	0.5009	0.5535
0.5473	0.4443	0.6079	0.5542	0.5036	0.4448	0.3400	0.5047	0.4957	0.5535
0.4457	0.4443	0.6079	0.5542	0.7077	0.4448	0.3400	0.5047	0.4555	0.5535
0.4457	0.4443	0.6079	0.5542	0.3862	0.4448	0.3361	0.5047	0.4481	0.5535
0.4457	0.4443	0.6079	0.5542	0.3862	0.4448	0.3983	0.5047	0.4481	0.5535
0.4457	0.4443	0.6079	0.5542	0.2396	0.4448	0.3983	0.5047	0.4481	0.5535
0.4457	0.4443	0.6079	0.5542	0.3478	0.4448	0.3983	0.5047	0.4481	0.5535
0.4457	0.4443	0.6079	0.5542	0.4885	0.4448	0.5460	0.5047	0.4481	0.5535
0.4457	0.4443	0.6079	0.5542	0.4485	0.4448	0.5460	0.5047	0.4481	0.5535
0.4457	0.4443	0.6079	0.5542	0.5099	0.4448	0.5460	0.5047	0.4481	0.5535
0.4457	0.4443	0.6079	0.5542	0.5099	0.4448	0.5460	0.5047	0.4481	0.5535
0.4457	0.4443	0.6079	0.5542	0.7057	0.4448	0.5460	0.5047	0.4481	0.5535
0.4457	0.4443	0.6079	0.5542	0.3952	0.4448	0.5460	0.5047	0.4481	0.5535
0.4457	0.4443	0.6079	0.5542	0.3952	0.3946	0.5460	0.5047	0.4481	0.5535
0.4457	0.4443	0.6079	0.5542	0.3952	0.3946	0.5460	0.5047	0.4481	0.5535
0.4457	0.4443	0.6079	0.5542	0.3952	0.5075	0.5460	0.5047	0.4481	0.5535
0.4457	0.4443	0.6079	0.5542	0.3952	0.5075	0.5460	0.5047	0.4481	0.5535
0.4457	0.4443	0.6079	0.5542	0.3952	0.5075	0.5460	0.5047	0.4481	0.5535
0.4457	0.4443	0.6079	0.5542	0.3952	0.5075	0.5460	0.5047	0.4481	0.5535
0.4457	0.4443	0.6079	0.5542	0.2904	0.5075	0.5051	0.5047	0.4481	0.5535
0.4457	0.4443	0.6079	0.5542	0.2904	0.5075	0.5051	0.5047	0.4481	0.5535
0.4457	0.4443	0.6079	0.5542	0.5018	0.5519	0.5051	0.5047	0.4481	0.5535
0.4457	0.4443	0.6079	0.5542	0.5018	0.5519	0.5051	0.5047	0.4481	0.5535
0.4457	0.4443	0.6079	0.5542	0.3336	0.5519	0.5051	0.5047	0.4481	0.5535
0.4457	0.4443	0.6079	0.5542	0.3895	0.5519	0.5051	0.5047	0.5499	0.5535
0.4457	0.4443	0.6079	0.5542	0.3895	0.5519	0.5051	0.5047	0.5499	0.5535
0.4457	0.4443	0.6079	0.5542	0.3895	0.5519	0.5015	0.5047	0.5499	0.5535
0.4457	0.4443	0.6079	0.5542	0.3895	0.5519	0.5015	0.5047	0.5499	0.5535
0.4457	0.4443	0.6079	0.5542	0.3895	0.5519	0.5015	0.5047	0.5499	0.5535
0.4457	0.4443	0.6079	0.5542	0.3895	0.5519	0.5015	0.5047	0.5499	0.4496
0.4457	0.4443	0.6079	0.5542	0.3895	0.5519	0.5015	0.5047	0.5499	0.4496
0.4457	0.4443	0.6079	0.5542	0.3895	0.4454	0.5015	0.5047	0.5499	0.4496
0.4457	0.4443	0.6079	0.5542	0.3895	0.4454	0.5015	0.5047	0.5499	0.4496
0.4457	0.4443	0.6079	0.5542	0.3895	0.4454	0.5015	0.5047	0.5499	0.4496
0.4457	0.4443	0.6079	0.5542	0.3895	0.4454	0.5015	0.5047	0.5499	0.4496
0.4457	0.4443	0.6079	0.5542	0.3895	0.4454	0.5015	0.5047	0.5499	0.4496
0.4457	0.4443	0.6079	0.5542	0.3895	0.4454	0.5015	0.5047	0.5499	0.4496
0.4457	0.4443	0.6079	0.5542	0.3895	0.4454	0.5015	0.5047	0.5499	0.4496
0.4457	0.4443	0.6079	0.5542	0.3895	0.4454	0.5015	0.5047	0.5499	0.4496
0.4457	0.4443	0.6079	0.5542	0.3895	0.4454	0.5015	0.5047	0.5499	0.4496
0.4457	0.4443	0.6079	0.5542	0.3998	0.4454	0.5015	0.5047	0.5499	0.4496
0.4457	0.4443	0.6079	0.5542	0.3998	0.4454	0.5015	0.5047	0.5499	0.4496
0.4457	0.4443	0.6079	0.5542	0.3998	0.4454	0.5015	0.5047	0.5499	0.4496
0.4457	0.4443	0.6079	0.5542	0.5592	0.4454	0.5015	0.5047	0.5499	0.4496
0.4457	0.4443	0.6079	0.5542	0.5592	0.4454	0.5015	0.4985	0.5499	0.4496
0.4457	0.4443	0.6079	0.5542	0.5592	0.4454	0.5015	0.4985	0.5499	0.4496
0.4457	0.4443	0.4426	0.5542	0.5592	0.4454	0.5015	0.4985	0.5499	0.4496
0.4457	0.4443	0.4426	0.5542	0.5592	0.4454	0.5015	0.4985	0.5499	0.4496
0.4457	0.4443	0.4426	0.5542	0.5592	0.4454	0.5015	0.4985	0.5499	0.5552
0.4457	0.4443	0.4426	0.5542	0.5592	0.4454	0.5015	0.4985	0.5499	0.5552
0.4457	0.4443	0.4426	0.5542	0.5592	0.4454	0.5015	0.4985	0.5499	0.5552
0.4457	0.4443	0.4426	0.5542	0.5592	0.4454	0.5015	0.4985	0.5499	0.5552
0.4457	0.4443	0.4426	0.5542	0.5592	0.4454	0.5015	0.4985	0.5499	0.5552
0.4457	0.4443	0.4426	0.5542	0.5592	0.4454	0.5015	0.4985	0.5499	0.5552
0.4457	0.4443	0.4426	0.5542	0.4448	0.4454	0.5015	0.4985	0.5499	0.5552
0.4457	0.4443	0.4426	0.5542	0.4448	0.4454	0.5015	0.4985	0.5499	0.5552
0.4457	0.4443	0.4426	0.5542	0.4448	0.4454	0.5015	0.4985	0.5499	0.5552
0.4457	0.4443	0.4426	0.5542	0.4448	0.4454	0.5015	0.4985	0.5499	0.5552
0.4457	0.4443	0.4426	0.5542	0.4448	0.4454	0.5015	0.4985	0.5499	0.5552
0.4457	0.4443	0.4426	0.5542	0.4448	0.4454	0.5015	0.4985	0.5499	0.5552
0.4457	0.4443	0.4426	0.5542	0.4448	0.4454	0.5015	0.4985	0.5499	0.5552
0.4457	0.4443	0.4426	0.5542	0.4448	0.4454	0.5015	0.4985	0.5499	0.5552
0.4457	0.4443	0.4426	0.5542	0.4448	0.4454	0.5015	0.4985	0.5499	0.5552
