0.6915	0.6210	0.2902	0.9398	0.4211	0.4432	0.4240	0.3131	0.0809	0.3658	0.7950	0.9663	0.4229	0.4080	0.9640	0.8753	0.3102	0.6332	0.9961	0.4941
1.0000	0.7224	0.5211	0.0000	0.5752	1.0000	0.9551	1.0000	1.0000	0.8866	0.3699	0.6055	0.9618	0.7521	0.6271	0.0861	0.0699	0.4777	0.0000	0.4274
0.0000	0.0034	0.6140	0.1896	1.0000	0.2605	1.0000	0.4438	0.6923	0.5071	0.2492	0.6670	0.7000	0.5874	0.7831	0.1780	1.0000	0.0000	0.2995	0.2732
0.2736	0.6103	0.0000	0.5114	0.7480	0.7115	0.6241	0.3908	0.8440	0.5117	0.4460	0.0931	0.4981	0.3702	0.6138	0.5726	0.3231	0.4957	0.4965	1.0000
0.5178	0.3933	0.3444	0.5195	0.7979	0.6455	0.6133	0.3908	0.0000	0.2411	1.0000	1.0000	0.0941	0.5989	0.5795	0.8498	0.2853	0.3526	0.4965	0.4925
0.2553	0.3933	0.3962	1.0000	0.5258	0.3743	0.6064	1.0000	1.0000	0.9162	0.4127	0.1017	0.7219	1.0000	0.9897	0.5057	0.7372	0.0000	0.4965	0.3382
0.7551	0.3933	0.4243	0.1947	1.0000	0.7168	0.4888	0.2779	0.9782	0.6200	0.3800	1.0000	0.2802	0.4955	0.6678	0.5057	0.3880	0.0495	0.4965	0.5184
0.8248	0.3933	0.8229	0.9229	0.9845	1.0000	0.4888	0.5734	0.4913	0.6060	0.4958	1.0000	0.1857	0.7048	0.8676	0.5057	0.4310	1.0000	0.4965	0.2929
0.7168	0.4925	0.2329	0.6212	0.7060	0.6302	0.4888	0.1974	0.5030	0.8258	1.0000	0.4535	0.1806	0.4713	0.3880	0.5057	0.7125	0.5576	0.4965	0.8162
0.5655	0.4925	0.1711	0.0000	0.3867	0.6152	0.4888	1.0000	0.6887	0.9573	0.0000	0.3693	0.8537	0.8251	0.3880	0.5057	0.4002	0.6176	0.4965	0.6226
0.0000	0.4925	0.9909	0.8331	0.3867	0.5906	0.4942	0.2511	0.8412	0.7465	0.1941	0.6257	0.6213	0.8123	0.3880	0.5057	0.4912	0.5956	0.2796	0.6226
0.5763	0.4925	0.5065	0.6358	0.3867	0.2937	0.4942	0.5422	0.9262	0.0826	0.5864	0.4803	0.7360	0.2632	0.3880	0.5057	0.0000	0.3874	0.2796	0.5080
0.2655	0.4925	0.5065	0.6471	0.3867	0.2680	0.4942	0.5938	0.8313	0.7125	1.0000	0.4571	0.7208	0.8995	0.3880	0.3853	0.2808	0.3874	0.8332	0.1068
0.3765	0.4925	0.6032	0.0000	0.3867	0.3975	0.4942	0.4011	1.0000	0.6170	0.3758	0.7345	0.0000	0.4869	0.3880	0.6019	0.2798	0.2834	0.0000	0.8435
0.5012	0.4925	0.7301	0.8232	0.3867	0.3975	0.4942	0.0288	0.6201	0.3195	0.4052	0.1455	0.7668	0.2336	0.3880	0.6019	0.4168	0.1984	0.5070	0.3630
0.5085	0.4925	0.2668	0.5866	0.3867	0.3975	0.4942	0.1684	0.6091	0.4696	0.0000	0.4743	0.5140	0.6097	0.3880	0.0000	0.6192	0.5315	0.6105	0.3977
0.4938	0.4925	0.4965	0.4524	0.3867	0.5070	0.4942	0.5040	0.6091	0.3953	0.1771	0.6103	0.2557	0.3957	0.5039	0.3894	0.5247	0.3044	0.4914	0.2925
0.2609	0.4925	0.2973	0.5156	0.3867	0.5070	0.4942	0.5040	0.6091	0.4057	0.2303	0.6303	1.0000	0.3957	0.5039	0.6058	0.4068	0.6362	0.2568	0.2925
0.2609	0.4925	0.4023	0.5156	0.3867	0.5070	0.4942	0.5040	0.3674	0.7183	0.3900	0.5005	0.1619	0.3957	0.5039	0.6058	0.4068	0.4718	0.4960	0.6159
0.6239	0.4925	0.4023	0.2188	0.3867	0.5070	0.4942	0.5040	0.5195	0.4804	0.3900	0.5005	0.3763	0.3957	0.5039	0.5078	0.3987	0.3741	1.0000	0.6159
0.6239	0.4925	0.4023	0.5200	0.4897	0.5070	0.4942	0.2707	0.0000	0.2887	0.3900	0.5005	0.6051	0.3957	0.5039	0.4967	0.3987	0.3741	0.5058	0.3933
1.0000	0.4925	0.4023	0.6234	0.4897	0.5070	0.3913	0.2707	0.4301	0.2866	0.3900	0.5005	0.5901	0.3957	0.5039	0.4967	0.5056	0.3741	0.6213	0.9202
0.9120	0.6077	0.4023	0.6234	0.4897	0.5070	0.4981	0.2707	0.8263	0.4898	0.5226	0.5005	0.6393	0.3957	0.5039	0.4967	0.5056	0.3741	0.6124	0.6214
0.5092	0.6077	0.4023	0.6234	0.4897	0.5070	0.4981	0.6812	0.6668	0.4898	0.4718	0.5005	0.0000	0.3957	0.5039	1.0000	0.5056	0.3741	0.6124	0.5142
0.5092	0.6077	0.4023	0.6234	0.4897	0.5070	0.4981	0.3936	0.4863	0.4984	0.2644	0.4961	0.5040	0.3957	0.5039	0.5943	0.5056	0.3741	0.6124	0.5142
0.5092	0.6077	0.4023	0.6108	0.4897	0.5070	0.3924	0.6283	0.4863	0.4984	0.0000	0.4937	0.5040	0.3957	0.5039	0.7249	0.5056	0.6243	0.6124	0.7302
0.5092	0.6077	0.4023	0.6108	0.4897	0.5070	0.3924	0.6607	0.4863	0.4984	0.0525	0.4937	0.5040	0.3957	0.5039	0.7249	0.5056	0.6243	0.6124	0.4766
0.5092	0.6077	0.5023	0.0000	0.4897	0.5070	0.3924	0.3003	0.4863	0.7059	0.5804	0.4937	0.5861	0.3957	0.5039	0.7249	0.5056	0.6243	0.6124	0.2669
0.6001	0.4976	0.5023	0.4994	0.4993	0.5070	0.3924	0.3003	0.4863	0.2317	0.6282	0.4937	0.4768	0.3957	0.5039	0.7249	0.4948	0.6243	0.6124	0.7159
0.6001	0.4976	0.5023	0.0059	0.4993	0.5070	0.3924	0.3921	0.4863	0.4100	0.4878	0.4937	0.6138	0.3957	0.5102	0.7249	0.4948	0.6243	0.6124	0.7159
0.6001	0.4976	0.5023	0.7412	0.4993	0.5070	0.3924	0.4943	0.4863	0.2623	0.4878	0.4937	0.5198	0.6054	0.5102	0.5036	0.4948	0.5994	0.6124	0.4206
0.6001	0.4976	0.5023	0.5245	0.4993	0.5070	0.3924	0.4943	0.4012	0.2623	0.4878	0.4937	0.5090	0.6054	0.5102	0.5036	0.4948	0.5994	0.4762	0.6133
0.6001	0.4976	0.5023	0.5245	0.4993	0.5070	0.3924	0.4943	0.4012	0.2623	0.6215	0.4937	0.5090	0.6054	0.5102	0.5036	0.4948	0.5994	0.4920	0.4833
0.6001	0.4976	0.5023	0.5245	0.4993	0.5070	0.3924	0.4943	0.4012	0.2895	0.6215	0.4937	0.3916	0.5040	0.5102	0.5036	0.4948	0.5994	0.4920	0.4833
0.6001	0.4976	0.4864	0.5245	0.4993	0.5070	0.3924	0.4943	0.4012	0.4994	0.6215	0.7323	0.3916	0.5997	0.5102	0.5036	0.4948	0.5994	0.3934	0.5092
0.6001	0.4976	0.4864	0.3829	0.4993	0.5070	0.3924	0.4943	0.4012	0.4994	0.6215	0.2679	0.3916	0.5997	0.5102	0.5036	0.4948	0.5994	0.3934	0.5134
0.6001	0.4976	0.4864	0.4819	0.4993	0.5070	0.3924	0.4943	0.4012	0.4994	0.4809	0.2679	0.5052	0.5997	0.5102	0.5036	0.4948	0.5994	0.3934	0.6235
0.6001	0.4976	0.4864	0.4819	0.4993	0.5070	0.3924	0.4943	0.4012	0.4994	0.4809	0.7227	0.5052	0.5997	0.5102	0.5036	0.4948	0.4780	0.3934	0.4951
0.5005	0.4976	0.5173	0.4174	0.4993	0.5070	0.3924	0.4943	0.4012	0.4994	0.4809	0.7227	0.5240	0.5997	0.5102	0.5036	0.4948	0.4780	0.3934	0.4951
0.5005	0.4976	0.5173	0.5902	0.4993	0.5070	0.4863	0.4943	0.4012	0.4984	0.4809	0.4847	0.5240	0.3790	0.5102	0.5036	0.4948	0.5087	0.3934	0.4951
0.5005	0.4976	0.5173	0.4806	0.4993	0.5070	0.3856	0.4943	0.4012	0.4984	0.5014	0.4847	0.4955	0.6065	0.5102	0.5036	0.4948	0.5087	0.5014	0.4951
0.5005	0.4976	0.5173	0.4806	0.4993	0.5070	0.3856	0.4943	0.4012	0.4984	0.5014	0.4847	0.4955	0.6065	0.5102	0.5036	0.4948	0.5087	0.5014	0.4951
0.6217	0.4976	0.5173	0.4945	0.4993	0.5070	0.3856	0.4943	0.4012	0.4984	0.5014	0.4847	0.4955	0.3931	0.5102	0.5036	0.4948	0.5087	0.5014	0.6097
0.6217	0.4976	0.5173	0.4945	0.4993	0.5070	0.3856	0.4943	0.4012	0.4984	0.5014	0.5183	0.5935	0.3931	0.5102	0.5036	0.4948	0.5087	0.5014	0.5958
0.6217	0.4976	0.5173	0.6093	0.4993	0.5070	0.3856	0.4943	0.4012	0.4984	0.5014	0.5944	0.5935	0.3931	0.5102	0.6082	0.4948	0.5087	0.5014	0.5958
0.3732	0.4976	0.5173	0.6093	0.4993	0.5070	0.3856	0.4943	0.4012	0.4984	0.3991	0.5944	0.4890	0.3931	0.5102	0.6082	0.4948	0.5087	0.5014	0.5958
0.3732	0.4976	0.5173	0.6133	0.4993	0.5070	0.3856	0.4943	0.4012	0.4984	0.3991	0.5944	0.4890	0.3931	0.5102	0.6082	0.4948	0.5087	0.5014	0.5958
0.3732	0.3969	0.3936	0.6133	0.4993	0.5070	0.3856	0.4943	0.4012	0.4984	0.3991	0.5944	0.4890	0.3931	0.5102	0.6082	0.4948	0.5087	0.5014	0.4785
0.3732	0.3969	0.3936	0.3751	0.4993	0.5070	0.3856	0.4943	0.4012	0.4984	0.3991	0.3777	0.4890	0.3931	0.5102	0.6168	0.4948	0.5087	0.5014	0.4785
0.3732	0.3969	0.3936	0.3751	0.4993	0.5070	0.3856	0.4943	0.4012	0.4984	0.3991	0.3777	0.5035	0.4864	0.5102	0.6168	0.4948	0.5087	0.5014	0.4017
0.3732	0.3969	0.3936	0.7075	0.4993	0.5070	0.3856	0.4943	0.4012	0.4984	0.3991	0.3900	0.5035	0.4864	0.5102	0.6168	0.4948	0.5087	0.5014	0.4017
0.4888	0.3969	0.3936	0.4793	0.4993	0.5070	0.3856	0.4943	0.3918	0.4984	0.3991	0.3900	0.5035	0.4864	0.5102	0.5027	0.4948	0.5087	0.5014	0.4017
0.4888	0.3969	0.3936	0.4793	0.4993	0.5070	0.3856	0.4943	0.3918	0.4984	0.3991	0.3900	0.5035	0.4864	0.5102	0.5027	0.4948	0.4973	0.5014	0.4017
0.4888	0.4953	0.3936	0.4793	0.4993	0.5070	0.3856	0.4943	0.3918	0.4984	0.6197	0.3900	0.5035	0.4864	0.5102	0.5027	0.4948	0.4973	0.5014	0.2741
0.4888	0.4953	0.3936	0.4007	0.4993	0.5070	0.3856	0.4943	0.3918	0.6046	0.6197	0.3900	0.5035	0.4864	0.5102	0.5027	0.4948	0.4973	0.5014	0.2741
0.4888	0.4953	0.3936	0.4007	0.4993	0.5070	0.3856	0.4943	0.3918	0.6046	0.6197	0.3900	0.5035	0.4864	0.5102	0.5027	0.4948	0.4973	0.5014	0.3912
0.4888	0.4953	0.3936	0.4007	0.4993	0.5070	0.3856	0.4943	0.3918	0.6046	0.6197	0.3900	0.5035	0.4864	0.5102	0.5027	0.4948	0.4973	0.5014	0.3912
0.4888	0.4953	0.3936	0.4007	0.4993	0.5070	0.3856	0.4943	0.5035	0.6046	0.6197	0.3900	0.5035	0.4864	0.5102	0.5027	0.4948	0.4973	0.3812	0.4919
0.4888	0.4953	0.3936	0.5197	0.4993	0.5070	0.3856	0.4943	0.5035	0.6046	0.6197	0.3900	0.5035	0.4864	0.3986	0.5027	0.4948	0.4973	0.3996	0.4919
0.4888	0.4953	0.3798	0.5197	0.4993	0.5070	0.3856	0.4943	0.5035	0.6046	0.6197	0.3900	0.5035	0.4864	0.3986	0.5027	0.4948	0.4973	0.3996	0.4919
0.4888	0.4953	0.3798	0.5197	0.4993	0.5070	0.3856	0.4943	0.5035	0.6046	0.6197	0.3900	0.5035	0.4864	0.3986	0.5027	0.4948	0.4973	0.4076	0.4919
0.6109	0.4953	0.3798	0.5197	0.4993	0.5070	0.3856	0.4943	0.5035	0.6046	0.6197	0.3900	0.5035	0.4864	0.3986	0.5027	0.4948	0.4973	0.7231	0.4919
0.6109	0.4953	0.3798	0.5197	0.4993	0.5070	0.3856	0.4943	0.5035	0.6046	0.6197	0.3900	0.5035	0.4864	0.3986	0.5027	0.4948	0.4973	0.7231	0.4919
0.6109	0.4953	0.3798	0.5197	0.4993	0.5070	0.6207	0.4943	0.5035	0.6046	0.6197	0.3900	0.5035	0.4864	0.3986	0.5027	0.4948	0.4973	0.7231	0.4919
0.6109	0.4953	0.3798	0.5197	0.4993	0.5070	0.6207	0.4943	0.5035	0.6046	0.6197	0.3921	0.5035	0.4896	0.3986	0.5027	0.4948	0.4973	0.7231	0.4919
0.6109	0.4953	0.3798	0.5197	0.4993	0.5070	0.6207	0.4943	0.5035	0.6046	0.6197	0.3921	0.5035	0.4896	0.3986	0.5027	0.4948	0.4973	0.7231	0.4919
0.6109	0.4953	0.3798	0.4840	0.4993	0.5070	0.6207	0.4943	0.5035	0.6046	0.6197	0.3921	0.5035	0.4896	0.3986	0.5027	0.4948	0.4973	0.7231	0.4919
0.6109	0.4953	0.3798	0.4840	0.4993	0.5070	0.3961	0.4943	0.5035	0.6046	0.6197	0.3921	0.5035	0.4896	0.3986	0.5027	0.4948	0.4973	0.7231	0.4919
0.6109	0.4953	0.3798	0.4840	0.4993	0.5070	0.3961	0.4943	0.5035	0.6046	0.3851	0.3921	0.5035	0.4896	0.3986	0.5027	0.4948	0.4973	0.7231	0.4919
0.6109	0.4953	0.5020	0.4840	0.4993	0.5070	0.3961	0.4943	0.5035	0.6046	0.3851	0.3921	0.6072	0.4896	0.3986	0.5027	0.4948	0.4973	0.7231	0.4919
0.4001	0.4953	0.4848	0.4840	0.4993	0.5070	0.3961	0.4943	0.5035	0.6046	0.3851	0.3921	0.6072	0.4896	0.3986	0.5027	0.4948	0.4973	0.7231	0.4919
0.4001	0.4953	0.4848	0.4840	0.4993	0.5070	0.3961	0.4943	0.5035	0.4982	0.3851	0.3921	0.6072	0.4896	0.3938	0.5027	0.4948	0.4973	0.7231	0.4919
0.4001	0.4953	0.4848	0.4840	0.4993	0.5070	0.3961	0.4943	0.5035	0.4982	0.3851	0.3921	0.6072	0.4896	0.3938	0.5027	0.4948	0.4973	0.7231	0.4919
0.4001	0.4953	0.3953	0.4840	0.4993	0.5070	0.3961	0.4943	0.5035	0.4982	0.3851	0.3921	0.6072	0.4896	0.3938	0.5027	0.4948	0.4973	0.7231	0.4919
0.4001	0.4953	0.3953	0.4840	0.4993	0.5070	0.3961	0.4943	0.5035	0.4982	0.3851	0.3921	0.6072	0.4896	0.3938	0.5027	0.4948	0.4973	0.6090	0.4919
0.4001	0.4953	0.3953	0.4840	0.4993	0.5070	0.3961	0.4943	0.5035	0.4982	0.3851	0.3921	0.6072	0.4896	0.3938	0.5027	0.4948	0.4973	0.6090	0.4919
0.4001	0.4953	0.3953	0.3915	0.4993	0.5070	0.3961	0.4943	0.5035	0.4982	0.3851	0.3921	0.6072	0.4896	0.3938	0.5027	0.4948	0.4973	0.6090	0.4919
0.4001	0.4953	0.3953	0.3915	0.4993	0.5070	0.3961	0.4943	0.5035	0.4982	0.3851	0.3921	0.6072	0.4896	0.3938	0.5027	0.4948	0.4973	0.6090	0.4919
0.4001	0.4953	0.3953	0.3915	0.4993	0.5070	0.3961	0.4943	0.5035	0.4982	0.3851	0.3921	0.6072	0.4896	0.3938	0.5027	0.4948	0.4973	0.6090	0.4919
0.4001	0.4953	0.3953	0.3915	0.4993	0.5070	0.3961	0.4943	0.5035	0.4982	0.5132	0.3921	0.6072	0.3932	0.3938	0.5027	0.4948	0.4973	0.6090	0.4919
0.4001	0.4953	0.3953	0.3915	0.4993	0.5070	0.3961	0.4943	0.5035	0.4982	0.5132	0.3921	0.6072	0.3932	0.3938	0.5027	0.5078	0.4973	0.6090	0.5013
0.4001	0.4953	0.4960	0.3915	0.4993	0.5070	0.3961	0.4943	0.5035	0.4982	0.5132	0.3921	0.6072	0.3932	0.3938	0.5027	0.5078	0.4973	0.6090	0.5013
0.4001	0.4953	0.4960	0.3915	0.4993	0.5070	0.3961	0.4943	0.5035	0.4982	0.5132	0.3921	0.6072	0.3932	0.3938	0.5027	0.5078	0.4887	0.6090	0.5013
0.4001	0.4953	0.4960	0.3915	0.4993	0.5070	0.3961	0.4943	0.5035	0.4982	0.5132	0.3921	0.6072	0.3932	0.3938	0.5027	0.5078	0.4887	0.6090	0.5013
0.4001	0.4953	0.4960	0.3915	0.4993	0.5070	0.3961	0.4943	0.5035	0.4982	0.5132	0.3921	0.5016	0.3932	0.3938	0.5027	0.5078	0.4887	0.6090	0.5013
0.4001	0.4953	0.4960	0.3915	0.4993	0.5070	0.3961	0.4943	0.5035	0.4982	0.5132	0.3921	0.5016	0.3932	0.3938	0.5027	0.5078	0.4887	0.6090	0.5013
0.4001	0.4953	0.5033	0.4919	0.4993	0.5070	0.3961	0.4943	0.5035	0.4982	0.5132	0.3921	0.5016	0.3932	0.3938	0.5027	0.5078	0.4887	0.6090	0.5013
0.4001	0.4953	0.5033	0.3813	0.4993	0.5070	0.3961	0.4943	0.5035	0.4982	0.5132	0.3921	0.5016	0.6038	0.3938	0.5027	0.5078	0.4887	0.6090	0.5013
0.4001	0.4953	0.5033	0.3813	0.4993	0.5070	0.3961	0.4943	0.5035	0.4982	0.5132	0.3921	0.5016	0.6038	0.3938	0.5027	0.5078	0.4887	0.6090	0.5013
0.4001	0.4953	0.5033	0.3813	0.4993	0.5070	0.3961	0.4943	0.5035	0.4982	0.5132	0.3921	0.5016	0.6038	0.3938	0.6117	0.5078	0.4887	0.6090	0.5013
0.4001	0.4953	0.5033	0.3813	0.4993	0.5070	0.3961	0.4943	0.5035	0.4982	0.5132	0.3921	0.5016	0.6038	0.3938	0.6117	0.5078	0.4887	0.6090	0.5013
0.4001	0.4953	0.5033	0.3813	0.4993	0.5070	0.3961	0.4943	0.5035	0.4982	0.5132	0.3921	0.5016	0.6038	0.3938	0.6117	0.5078	0.4887	0.6090	0.5013
0.4001	0.4953	0.5033	0.3813	0.4993	0.5070	0.3961	0.4943	0.5035	0.4982	0.5132	0.3921	0.5016	0.6038	0.3938	0.6117	0.5078	0.4887	0.6090	0.5013
0.4001	0.4953	0.5033	0.3813	0.4993	0.5070	0.3961	0.4943	0.5035	0.4982	0.5132	0.3921	0.5016	0.6038	0.3938	0.6117	0.5078	0.4887	0.6090	0.5013
0.4001	0.4953	0.5033	0.3813	0.4993	0.5070	0.3961	0.4943	0.5035	0.4982	0.5132	0.3921	0.5016	0.6038	0.3938	0.6117	0.5078	0.4887	0.6090	0.5013
0.4001	0.4953	0.5033	0.3813	0.4993	0.5070	0.3961	0.4943	0.5035	0.4982	0.5132	0.3921	0.5016	0.6038	0.3938	0.6117	0.5078	0.4887	0.6090	0.5013
0.5039	0.4953	0.5033	0.3813	0.4993	0.5070	0.3961	0.4943	0.5035	0.4982	0.5076	0.3921	0.5016	0.6038	0.3938	0.6117	0.5078	0.4887	0.6090	0.5013
0.5039	0.4953	0.5033	0.3813	0.4993	0.5070	0.3961	0.4943	0.5035	0.4982	0.5076	0.3921	0.5016	0.6038	0.3938	0.6117	0.5078	0.4887	0.6090	0.5013
0.5039	0.4953	0.5033	0.3813	0.4993	0.5070	0.3961	0.4943	0.5035	0.4982	0.5076	0.3921	0.5016	0.6038	0.3938	0.6117	0.5078	0.4887	0.6090	0.5013
0.5039	0.4953	0.5033	0.3813	0.4993	0.5070	0.3961	0.4943	0.5035	0.4982	0.5076	0.3921	0.5016	0.6038	0.3938	0.6117	0.5078	0.4887	0.6090	0.5013
0.5039	0.4953	0.5033	0.3813	0.4993	0.5070	0.3961	0.4943	0.5035	0.4982	0.5076	0.3921	0.5016	0.6038	0.3938	0.6117	0.5078	0.4887	0.6090	0.5013
