0.9957	0.8326	0.5526	0.9705	0.7236	0.6818	0.6385	0.7976	0.5924	0.9637	0.6209	0.3292	0.8347	0.7402	0.6698	0.8424	0.0747	0.3498	0.8908	0.7998
0.0000	0.4260	0.1929	0.5613	0.5101	0.5264	1.0000	0.6865	0.5208	0.2407	0.5738	0.6581	0.5307	0.1007	0.0479	0.5444	0.7279	0.2195	0.1987	1.0000
0.2480	0.4309	0.8141	0.4818	0.5256	0.8332	0.3375	0.2702	0.7449	0.2149	0.5229	0.2639	0.8245	0.0000	0.2692	0.7233	0.3866	0.6052	0.4149	0.4752
1.0000	0.5764	0.0000	1.0000	1.0000	0.3006	0.8375	0.6462	0.5896	0.6409	0.8469	0.3730	0.4253	1.0000	1.0000	0.7239	0.3989	0.6313	0.6312	0.4412
0.5393	0.5222	0.3054	0.3840	0.3603	0.3709	0.0000	0.0557	0.6765	0.2626	0.1392	1.0000	0.5585	0.9002	0.5952	1.0000	1.0000	0.3364	0.6052	0.3548
0.5552	0.4451	0.5422	0.3996	0.7600	0.5897	0.0000	0.4528	0.6961	0.6670	0.3673	0.1403	0.6824	0.0798	0.3867	1.0000	0.0000	0.5042	0.0000	0.1700
0.0560	0.7545	0.7259	0.3664	0.1910	0.5473	0.6345	0.5021	0.9436	0.9831	0.4486	0.4121	0.6492	1.0000	0.0000	0.7031	1.0000	0.4419	0.5995	0.3928
0.2154	0.7610	0.4039	0.6894	0.2993	0.8448	0.3557	0.1155	0.1823	0.5710	0.4731	0.9079	0.0000	0.8550	1.0000	0.8036	0.1661	0.4653	0.4269	1.0000
0.5153	0.8500	0.2480	0.5628	1.0000	0.5861	1.0000	0.7135	0.8700	0.2878	0.4534	0.9033	0.4332	0.6397	0.3528	0.0000	1.0000	0.4076	0.5019	0.0000
0.0157	0.5934	0.5582	1.0000	0.9475	0.1609	0.8101	0.0000	0.5756	0.4664	0.9609	1.0000	0.5776	0.5530	0.5989	0.3986	0.8603	0.5004	1.0000	0.3111
0.4221	0.6337	0.4789	0.4997	1.0000	0.4316	0.1372	0.4136	0.4176	0.5467	0.4260	0.7601	0.2138	1.0000	0.5585	0.5068	0.0000	0.3801	0.5536	0.5416
0.5220	0.6407	0.4994	0.4866	1.0000	0.4316	0.0000	0.6609	0.5307	1.0000	0.5148	0.9786	0.9943	0.4914	0.5040	0.4131	1.0000	0.5040	0.4227	0.4583
0.4914	0.0742	0.6664	0.9771	0.4497	0.4316	0.2567	0.0000	0.3778	0.5777	0.0000	0.0000	0.2639	0.4196	0.6950	1.0000	0.2492	0.7619	0.5893	0.7797
0.8288	0.4576	0.4182	0.4988	0.0501	0.5986	0.3664	0.2917	0.4583	0.1586	0.7603	0.4034	0.0742	0.5726	0.5404	0.4713	0.6941	0.5175	0.6574	0.5106
0.3835	0.5114	0.5645	0.5450	0.0000	1.0000	0.4333	1.0000	0.5029	0.5655	0.5649	0.3526	0.5479	0.6109	0.0504	0.5085	0.3466	0.1507	0.5248	0.6664
0.2109	0.4203	0.4817	0.7805	1.0000	0.4697	0.4333	0.0000	0.0000	0.6024	0.4804	0.3240	0.1889	0.5454	0.0458	0.4825	0.5601	0.8141	0.5945	0.2424
0.0000	0.6623	0.4456	0.3796	0.2253	0.5465	0.3375	0.0000	0.6368	1.0000	0.0941	0.5663	0.5375	0.4391	0.0000	0.0000	0.4425	0.5576	0.4596	0.3957
0.5884	0.3184	0.5857	0.1286	0.7787	0.4406	0.4319	0.0750	0.5378	0.4313	0.4728	0.4468	0.7694	0.4691	0.4244	0.8791	0.1047	0.4746	0.5476	0.6209
1.0000	0.5452	0.4036	0.4822	0.4375	0.6426	0.1224	0.3077	0.4760	0.5424	0.5660	0.5428	0.6313	0.0000	0.3325	0.4093	0.4546	1.0000	0.2973	0.5036
0.3343	0.9063	0.1021	0.5901	0.7111	0.4124	0.4147	0.7415	0.5671	0.6517	0.0000	0.4158	1.0000	1.0000	0.5229	0.5661	0.5786	0.0000	0.4731	0.5296
1.0000	0.3622	0.5551	0.4552	0.0000	1.0000	0.3530	0.4904	0.6023	0.0000	0.6284	0.6089	0.5216	0.5962	0.4650	0.4904	0.4437	0.5284	0.4731	0.5595
0.4977	0.4402	0.4872	0.0000	0.6051	0.5495	0.4528	0.4520	1.0000	0.3354	0.5746	0.5095	0.6611	0.5045	0.4925	0.5599	0.4437	0.4842	0.4731	0.6400
0.5151	0.4396	0.4872	0.6664	0.7247	0.5997	0.5703	0.6525	0.0000	0.8832	0.4496	0.6692	0.6745	0.4285	0.4089	0.5786	0.4437	1.0000	0.2579	0.3249
0.6470	0.4370	0.8441	0.8508	0.5661	0.5348	0.7012	0.4414	0.3983	0.5192	0.6832	0.6169	0.5303	0.4238	0.4894	0.5786	0.4226	0.3588	0.4257	0.5609
0.4811	0.4371	0.2836	0.4870	0.5661	0.6241	1.0000	0.5855	0.4906	0.5303	0.4334	0.5119	0.4044	0.4173	0.6326	0.9007	0.4956	0.4718	0.5289	0.5609
0.0000	0.5175	0.3698	0.7953	0.2523	0.6136	0.4284	0.4267	0.4906	0.5331	0.3675	0.5119	0.3734	0.5175	0.6076	0.2348	0.4073	0.5787	0.5289	0.5044
0.4700	0.5076	0.3106	0.5422	0.5139	0.6699	0.5521	0.9016	0.5734	0.5021	0.7527	0.5395	0.4567	0.7296	0.5617	0.0000	1.0000	0.5787	0.6222	0.5044
0.3982	0.5076	0.4383	0.5868	0.9710	0.4834	0.5900	0.5892	0.4295	1.0000	0.4120	0.4967	0.6328	0.5479	0.4738	0.6207	0.0000	0.5787	0.5529	0.5044
0.4561	0.4467	0.5248	0.5760	0.5640	0.4834	0.6334	0.4357	0.4511	0.5441	0.4654	0.7176	0.1408	0.5170	1.0000	0.4879	0.5671	0.5479	0.4919	0.5044
0.1551	0.4345	0.4991	0.0000	0.5640	0.5038	0.9235	0.4786	0.4511	1.0000	0.5777	0.3828	0.4475	0.5519	0.0752	0.4879	0.6573	0.3226	0.5693	0.5044
0.3233	0.4579	0.5169	0.5745	0.5640	0.3746	0.4112	0.5491	0.0000	0.7960	0.5777	0.4843	0.6353	0.7223	0.5713	0.5760	0.3984	0.5557	0.5028	0.5466
0.5451	0.4687	0.5169	0.4224	0.6534	0.5055	0.4642	0.6103	0.5326	0.5893	0.4030	0.6965	0.0000	0.4241	0.5713	1.0000	0.2541	0.5013	0.5028	1.0000
0.5166	0.4687	0.5600	0.5428	0.4742	0.4613	0.4642	0.5770	0.4944	0.4873	0.4811	0.4676	0.4786	0.4241	0.5713	1.0000	0.4956	0.6092	0.5050	0.2010
0.5136	0.4807	0.5600	0.6378	0.4742	0.4821	0.4642	0.4545	0.4780	0.4698	0.5265	0.4676	0.4989	0.4494	0.4501	0.2135	0.6064	0.1498	0.5050	0.7607
0.5462	0.4807	0.4268	0.6487	0.4742	0.9698	0.4642	0.4420	0.4780	0.4698	0.5265	0.4676	0.4989	0.4494	0.5841	0.6826	0.5210	0.4149	0.4450	0.4432
0.5810	0.4807	0.6977	0.2869	0.4742	0.4099	0.5547	0.4420	0.4036	0.4698	0.5265	0.4676	0.5889	0.5227	0.5841	0.5286	0.2178	0.5728	0.4591	0.5489
0.4845	0.4807	0.4958	0.3662	0.4742	0.5724	0.6274	0.5101	0.4807	0.4698	0.5265	0.4789	0.4854	0.5227	0.5841	0.5286	0.5080	0.5273	0.5420	0.4377
0.4845	0.4807	0.5010	0.3662	0.4742	0.3530	0.4709	0.4366	0.4807	0.6000	0.5265	0.4405	0.5554	0.5511	0.5841	0.5286	0.6291	0.5273	0.5941	0.4377
0.5703	0.5446	0.5010	0.3662	0.5068	0.5295	0.4709	0.4854	0.4807	0.4214	0.5265	0.3882	0.5626	0.7895	0.5841	0.4771	0.4915	0.5273	0.5505	0.4377
0.4551	0.5446	0.5010	0.5787	0.5692	0.5029	0.5810	0.5797	0.4807	0.5214	0.5265	0.5493	0.4588	0.4719	0.5841	0.4771	0.5472	0.5304	0.5505	0.4377
0.4551	0.3499	0.4474	0.3751	0.0000	0.5029	0.5810	0.6392	0.4852	0.4856	0.5744	0.5493	0.5237	0.4719	0.4666	0.5159	0.4889	0.2493	0.5505	0.4377
0.5573	0.5721	0.4648	0.5275	0.4871	0.5029	0.6324	0.5382	0.5530	0.4408	0.4741	0.4683	0.3268	0.5037	0.4666	0.4678	0.4889	0.4824	0.5505	0.4377
0.5802	0.5774	0.6283	0.5142	0.4871	0.5180	0.4881	0.5382	0.5530	0.6319	0.5433	0.4683	0.3071	0.4703	0.3292	0.4905	0.4889	0.4519	0.5562	0.5271
0.5802	0.5766	0.4157	0.5142	0.4871	0.5180	0.4881	0.5382	0.5005	0.6314	0.6077	0.4683	0.5878	0.4703	0.4935	0.3548	0.4889	0.5383	0.5562	0.5824
0.4258	0.4256	0.4882	0.6789	0.5934	0.7067	0.4567	0.5617	0.5005	0.5874	0.4414	0.4181	0.3611	0.4885	0.4784	0.5810	0.4889	0.5383	0.5562	0.3538
0.4258	0.4657	0.4882	0.4958	0.4425	0.3987	0.4567	0.5617	0.5005	0.6158	0.0000	0.5453	0.3521	0.4885	0.4146	0.4078	0.6742	0.5338	0.5562	0.3540
0.4258	0.4678	0.5298	0.6079	0.4425	0.6701	0.4716	0.5854	0.5005	0.5631	0.9040	0.5453	0.5070	0.4885	0.4146	0.3960	0.5246	0.5338	0.4395	0.3540
0.5683	0.5597	0.5298	0.4150	0.4989	0.6285	0.4789	0.4305	0.4850	0.5631	0.5571	0.5103	0.5157	0.5747	0.4146	0.3960	0.5246	0.5338	0.4395	0.6565
0.4047	0.5597	0.5298	0.4150	0.4989	0.4436	0.5434	0.4305	0.4850	0.5631	0.5571	0.4579	0.5627	0.5009	0.4146	0.3960	0.5246	0.4785	0.4395	0.5532
0.4449	0.5597	0.5298	0.5109	0.3868	0.4910	0.5434	0.4305	0.4850	0.6193	0.4969	0.4748	0.4022	0.5009	0.4146	0.4657	0.5246	0.5669	0.4395	0.5102
0.4987	0.4871	0.5298	0.4991	0.5461	0.4910	0.4603	0.4305	0.3984	0.6157	0.4874	0.4744	0.4022	0.5009	0.4455	0.4826	0.5246	0.5669	0.4395	0.5517
0.5852	0.5265	0.5579	0.6137	0.5687	0.4910	0.4364	0.4305	0.3984	0.4617	0.5815	0.4373	0.4022	0.5009	0.4455	0.4933	0.4848	0.5669	0.4395	0.5517
0.5852	0.5265	0.5579	0.4210	0.5687	0.5777	0.3897	0.6343	0.5928	0.4617	0.5815	0.4174	0.4269	0.4882	0.4455	0.4680	0.5162	0.5669	0.5075	0.5156
0.5614	0.5265	0.5579	0.4513	0.3907	0.5777	0.3897	0.3426	0.5928	0.4617	0.5815	0.4794	0.6779	0.5973	0.4455	0.4917	0.5162	0.5669	0.4990	0.5156
0.5614	0.5265	0.5579	0.4513	0.4884	0.5777	0.5095	0.3978	0.5085	0.4841	0.5815	0.4794	0.3895	0.5967	0.4530	0.4917	0.5162	0.5669	0.5647	0.4944
0.5614	0.5265	0.4713	0.4513	0.5041	0.4362	0.5095	0.5235	0.5085	0.4841	0.4803	0.5172	0.4441	0.3998	0.4530	0.4917	0.5162	0.5669	0.4140	0.3962
0.4961	0.5265	0.4713	0.4513	0.5041	0.4362	0.4414	0.5235	0.5436	0.5248	0.4803	0.5172	0.4323	0.3584	0.4530	0.4917	0.5162	0.4021	0.4140	0.3958
0.4961	0.5265	0.4713	0.5371	0.5041	0.4315	0.4167	0.5235	0.4631	0.5248	0.4803	0.5172	0.4861	0.4398	0.4530	0.4917	0.5162	0.3604	0.5895	0.4736
0.4961	0.5984	0.4753	0.5371	0.5041	0.4229	0.4900	0.5235	0.4631	0.5735	0.5301	0.5172	0.4861	0.3750	0.4214	0.4917	0.5162	0.4822	0.5465	0.4736
0.4961	0.5136	0.4753	0.5371	0.5058	0.4229	0.4900	0.5235	0.4631	0.5735	0.5301	0.5172	0.4468	0.4327	0.4102	0.4917	0.3232	0.4822	0.5465	0.4736
0.4614	0.5136	0.4748	0.5371	0.5058	0.5907	0.4762	0.5235	0.4631	0.5536	0.5445	0.5172	0.4468	0.4327	0.5403	0.4917	0.6018	0.4450	0.5290	0.4736
0.5239	0.5136	0.4748	0.5660	0.5058	0.4379	0.5657	0.3945	0.4631	0.5536	0.5445	0.5172	0.4403	0.5673	0.5403	0.4917	0.6018	0.4450	0.5290	0.4625
0.5239	0.5136	0.4748	0.4496	0.5058	0.4379	0.5633	0.4250	0.5343	0.5536	0.5445	0.5172	0.4403	0.4190	0.5403	0.4917	0.6018	0.4845	0.5290	0.4625
0.4696	0.5136	0.4609	0.6042	0.5058	0.4935	0.6047	0.4250	0.5343	0.5536	0.5445	0.6052	0.4403	0.4190	0.4676	0.4917	0.6018	0.3794	0.5290	0.5565
0.4696	0.5136	0.4609	0.5959	0.5058	0.4935	0.4667	0.4250	0.5343	0.4481	0.5001	0.6128	0.4403	0.5129	0.4676	0.4917	0.4404	0.5814	0.5290	0.5565
0.5200	0.5136	0.4609	0.5234	0.5058	0.4675	0.5126	0.4250	0.5343	0.4481	0.4295	0.4385	0.5227	0.5129	0.4975	0.4917	0.4404	0.5511	0.5290	0.4914
0.5347	0.5136	0.4609	0.5234	0.5058	0.4675	0.5348	0.4250	0.5343	0.4481	0.4295	0.4385	0.5227	0.5129	0.4975	0.4917	0.5084	0.5320	0.5290	0.4957
0.5347	0.5136	0.5681	0.4975	0.5058	0.4675	0.4300	0.4628	0.4837	0.4371	0.4295	0.4822	0.6371	0.5129	0.4975	0.4917	0.5084	0.4500	0.5206	0.4957
0.5514	0.5136	0.5681	0.4975	0.5058	0.4675	0.4300	0.4273	0.4837	0.4371	0.5030	0.4822	0.6129	0.5129	0.4577	0.4917	0.5084	0.4500	0.5458	0.4957
0.5514	0.5136	0.5681	0.4975	0.4991	0.4675	0.4300	0.4273	0.4837	0.4312	0.5030	0.4822	0.4194	0.5129	0.4577	0.4917	0.5392	0.5584	0.5458	0.4957
0.5514	0.5437	0.5681	0.4975	0.4991	0.4675	0.4137	0.4273	0.4837	0.4498	0.5030	0.4822	0.4158	0.5129	0.4577	0.4917	0.4654	0.5584	0.4790	0.4957
0.4483	0.5437	0.5681	0.4283	0.4991	0.4675	0.4137	0.4915	0.5141	0.4950	0.5030	0.4822	0.5405	0.4950	0.4577	0.4917	0.4654	0.5989	0.4790	0.5270
0.4040	0.5437	0.5681	0.4663	0.4901	0.4675	0.4912	0.4915	0.5141	0.4950	0.5549	0.4822	0.5580	0.4950	0.4914	0.4917	0.4654	0.6142	0.4790	0.5270
0.4659	0.5437	0.5681	0.5463	0.4306	0.4932	0.4912	0.4915	0.5141	0.4950	0.5549	0.4822	0.5580	0.4950	0.4914	0.4917	0.4654	0.4623	0.4790	0.5270
0.4659	0.4280	0.4802	0.5463	0.5324	0.5590	0.4843	0.4915	0.5141	0.4950	0.4157	0.4822	0.5580	0.4950	0.4914	0.4917	0.4654	0.4623	0.4790	0.4532
0.4659	0.4280	0.4234	0.5463	0.5324	0.4353	0.4843	0.4915	0.5141	0.4950	0.4157	0.4822	0.5580	0.4950	0.4829	0.4917	0.4654	0.5004	0.4790	0.4532
0.4659	0.4280	0.4234	0.5463	0.5324	0.4768	0.4843	0.4915	0.5141	0.4950	0.4157	0.4687	0.5580	0.4950	0.4829	0.4917	0.4654	0.5004	0.4790	0.5599
0.4659	0.4280	0.5483	0.5463	0.4813	0.4768	0.4843	0.4915	0.5161	0.4950	0.4945	0.4687	0.5602	0.5420	0.4829	0.4917	0.4654	0.5004	0.4790	0.5599
0.4676	0.5027	0.5483	0.5463	0.4813	0.5192	0.4843	0.4915	0.5161	0.4950	0.4945	0.4687	0.5602	0.5420	0.4829	0.4548	0.4654	0.5004	0.4790	0.5599
0.4676	0.5027	0.5264	0.5463	0.4813	0.5192	0.4817	0.5257	0.5125	0.4950	0.4945	0.4799	0.5602	0.5420	0.4456	0.4548	0.4654	0.4719	0.5291	0.5599
0.4676	0.5027	0.5264	0.5463	0.4813	0.4778	0.4817	0.5257	0.5125	0.4950	0.4945	0.4799	0.5602	0.5420	0.4456	0.5386	0.4654	0.4719	0.5291	0.5599
0.4676	0.5027	0.5264	0.5463	0.4813	0.4778	0.4817	0.5257	0.5125	0.4950	0.4945	0.5173	0.5602	0.5420	0.4456	0.5673	0.5446	0.4719	0.5291	0.5599
0.4676	0.5027	0.5264	0.4937	0.4813	0.4778	0.4817	0.5257	0.5125	0.4950	0.4945	0.5173	0.5144	0.5420	0.4456	0.5673	0.4877	0.4719	0.5412	0.5035
0.5345	0.5027	0.5057	0.4792	0.4707	0.4778	0.4817	0.5257	0.5125	0.4950	0.4945	0.5173	0.5144	0.5420	0.4456	0.5673	0.4877	0.4719	0.5412	0.5035
0.5345	0.5027	0.5057	0.4792	0.4707	0.4778	0.4817	0.5405	0.5125	0.4950	0.4838	0.4700	0.5144	0.4633	0.5667	0.5336	0.4877	0.4719	0.4873	0.5206
0.5345	0.5027	0.5057	0.4792	0.4707	0.5191	0.4965	0.5405	0.5125	0.4950	0.4838	0.4700	0.5144	0.4633	0.4602	0.5336	0.4877	0.4719	0.4873	0.5206
0.4476	0.5027	0.5057	0.4792	0.4707	0.5191	0.4965	0.5405	0.5125	0.4950	0.4838	0.4700	0.5461	0.5099	0.5121	0.5336	0.4877	0.4719	0.4873	0.5206
0.4476	0.4829	0.5141	0.4792	0.4707	0.5191	0.4965	0.4283	0.5125	0.4950	0.4838	0.4700	0.5461	0.5099	0.5121	0.5336	0.4877	0.4719	0.4873	0.4980
0.4476	0.4829	0.5063	0.4799	0.4597	0.5191	0.4965	0.4283	0.4935	0.4950	0.4838	0.4700	0.5365	0.5099	0.5121	0.5336	0.5441	0.4719	0.4873	0.4980
0.5533	0.4829	0.5063	0.4799	0.4597	0.5191	0.4965	0.4283	0.4935	0.4950	0.4838	0.4700	0.5365	0.4353	0.5121	0.4669	0.5441	0.4719	0.4601	0.4980
0.5533	0.4829	0.5063	0.4799	0.4597	0.5191	0.4965	0.4361	0.4935	0.4950	0.4838	0.4700	0.4624	0.4353	0.5121	0.4669	0.4770	0.4719	0.4601	0.4980
0.5533	0.4829	0.5063	0.4799	0.5302	0.5191	0.4965	0.4361	0.4565	0.4950	0.4838	0.4700	0.5006	0.4947	0.5121	0.4669	0.4770	0.4719	0.4601	0.4510
0.5533	0.4829	0.5263	0.4799	0.5302	0.5191	0.4965	0.4862	0.4565	0.4950	0.4838	0.4700	0.5006	0.5070	0.5121	0.4669	0.4771	0.4719	0.4747	0.4510
0.5533	0.4829	0.4992	0.4799	0.5302	0.5191	0.4965	0.4856	0.4565	0.4950	0.4838	0.5134	0.5006	0.5070	0.5653	0.4669	0.4771	0.4719	0.4747	0.4962
0.5533	0.4829	0.4992	0.4958	0.5207	0.5191	0.4965	0.4856	0.4565	0.4950	0.5304	0.4703	0.5006	0.5070	0.5653	0.4669	0.4771	0.4601	0.4971	0.4962
0.5533	0.4829	0.4992	0.5516	0.5207	0.5191	0.4965	0.4856	0.4565	0.4950	0.5304	0.4703	0.5006	0.5070	0.5653	0.5404	0.4771	0.4601	0.4971	0.4962
0.5533	0.4829	0.4959	0.5516	0.5207	0.5191	0.4965	0.4856	0.4565	0.4950	0.5304	0.5163	0.5006	0.5070	0.4441	0.5404	0.4771	0.4601	0.4971	0.4962
0.5533	0.4829	0.4959	0.5516	0.5207	0.5191	0.4965	0.4856	0.4565	0.4950	0.5304	0.5163	0.5006	0.4947	0.4441	0.5404	0.4771	0.4601	0.4971	0.4962
0.5533	0.4829	0.4959	0.5516	0.5207	0.5191	0.4965	0.4856	0.4565	0.4950	0.5304	0.5163	0.5006	0.4947	0.4441	0.5404	0.4771	0.4601	0.4971	0.4962
0.5533	0.4829	0.4995	0.5516	0.5207	0.5191	0.4965	0.4856	0.4565	0.4950	0.5304	0.5163	0.5006	0.4947	0.5038	0.5404	0.4771	0.4601	0.4971	0.4962
0.5533	0.4829	0.4995	0.5516	0.5207	0.5191	0.4965	0.4856	0.4565	0.4950	0.5304	0.5163	0.5006	0.4947	0.5038	0.5404	0.4479	0.4601	0.4971	0.4962
