0.5432	0.5604	0.3467	0.4445	0.3101	0.4667	0.0848	0.8073	0.2721	0.1727	0.4759	0.9733	0.0282	0.6452	0.6102	0.3692	0.5610	0.9380	0.1024	0.1797
0.5626	0.6556	0.4259	0.4328	0.1087	0.9300	0.7339	0.4605	0.2765	0.3924	1.0000	1.0000	1.0000	0.3052	0.7933	1.0000	1.0000	0.4966	0.9727	0.5938
0.6833	0.7233	0.6929	0.7945	0.0758	0.2624	0.0550	0.6990	0.4940	0.0000	0.5356	0.5473	0.3997	1.0000	0.5456	0.6484	0.4505	0.4966	0.4436	0.6874
1.0000	0.2348	0.6929	0.3344	0.4930	0.4846	0.0000	0.0000	0.5031	0.6077	0.5356	0.5473	0.3997	0.6093	0.5442	0.7456	0.2212	0.4966	0.4488	0.5115
0.1654	1.0000	0.6929	0.1906	1.0000	0.1763	0.9493	0.0000	0.5031	0.0000	0.5459	0.0000	0.2531	1.0000	0.9124	0.4210	1.0000	0.6376	0.6833	1.0000
0.3931	0.3714	0.6929	0.5045	0.3008	0.2888	0.4874	0.4930	0.5464	0.5879	0.5459	0.6461	0.6076	0.4328	0.5521	0.9191	0.0909	0.5605	0.5466	0.0000
0.5544	0.4975	0.6929	0.7216	0.2989	0.0000	0.4601	0.6859	0.4129	0.7475	0.5459	0.5929	0.8937	0.2420	0.3988	0.2570	0.4094	0.0000	0.0000	0.5967
0.4010	0.4977	0.5524	0.4141	1.0000	0.1460	0.4472	0.7117	0.4129	0.5958	0.5459	0.5929	0.7870	0.0000	0.4734	0.4979	0.4094	0.7830	0.8108	0.5967
0.6930	0.4977	0.5524	1.0000	0.0000	0.4166	0.5408	0.7977	0.1891	0.2189	0.5459	0.5929	0.7870	0.5299	0.7173	0.6873	0.4094	0.1024	0.6342	0.5967
0.0000	0.4977	0.5524	0.1756	0.0876	0.0000	0.5408	0.5510	0.7638	0.5152	0.5459	0.5929	0.0000	0.5858	0.8383	0.3541	0.4094	0.7687	0.0000	0.5967
1.0000	0.2054	0.4053	0.8276	0.2722	0.3866	0.4170	0.7944	0.6337	0.0216	0.5459	0.5929	0.4161	1.0000	1.0000	0.3541	0.5482	0.8924	1.0000	0.6383
1.0000	0.6891	0.3123	0.3578	1.0000	0.5970	0.3697	0.6412	0.5420	0.5474	0.5459	0.5929	0.4425	0.0000	0.5532	0.3541	0.5482	0.0000	0.0000	0.1457
1.0000	0.6372	0.8065	0.5939	0.7326	0.7245	0.7269	0.6412	0.5420	0.5474	0.5459	0.5929	0.4654	0.7575	0.5528	0.3978	0.2633	0.2982	0.4452	0.5856
0.0000	0.6372	0.2066	0.5939	1.0000	0.4599	0.3886	0.5973	0.6000	0.5474	0.5459	0.5929	0.4603	0.4929	0.5528	0.3978	0.3704	1.0000	0.5808	0.6914
0.6022	0.3555	0.5187	0.4469	1.0000	0.3602	1.0000	0.0000	0.6000	0.5474	0.5459	0.5929	0.7008	0.4929	0.6374	0.3978	0.4498	1.0000	0.5155	1.0000
0.6017	0.3555	0.2603	0.4469	0.3555	0.3602	0.5583	0.7521	0.1761	0.5023	0.5459	0.5929	0.4113	0.4457	0.6374	0.3978	0.4498	1.0000	0.5777	0.2469
0.5500	0.3555	0.3070	0.5518	0.5530	0.0000	0.0000	0.6841	0.3498	0.5023	0.5459	0.5929	0.7426	0.5218	0.6374	0.3978	0.4498	0.2589	0.5926	0.5802
0.5500	0.3555	0.3070	0.5518	0.5530	0.5160	0.6698	0.6912	0.3498	0.5023	0.5459	0.5573	0.6903	0.0000	0.8832	0.3978	0.4498	0.5580	0.5926	0.3741
0.5500	0.3555	0.3070	0.5518	0.5530	0.5825	0.7023	0.6912	0.3498	0.5023	0.5459	0.5462	0.8450	0.6727	0.8033	0.3596	0.0195	0.6486	0.4953	0.5341
0.5500	0.3555	0.0000	0.5518	0.5530	0.3570	0.4001	0.6007	0.3498	0.5023	0.5459	0.5461	0.4855	0.1504	1.0000	0.3596	0.6030	0.4604	0.4532	0.3544
0.5500	0.3555	1.0000	0.5518	0.5530	0.5052	0.8720	0.0000	0.3498	0.5023	0.5459	0.5461	0.3150	0.2178	0.3572	0.3596	0.5520	0.4592	0.4532	0.5115
0.5500	0.3555	0.4504	0.5518	0.5530	0.5052	0.2644	0.5261	0.3498	0.5023	0.5459	0.5461	0.6440	0.3625	0.5868	0.3596	0.5520	0.0000	0.4532	1.0000
0.5500	0.3595	0.6348	0.5518	0.5530	0.5052	0.6450	0.5929	0.3498	0.5023	0.5459	0.5461	0.4537	0.3625	0.4564	0.3596	0.5520	0.5127	0.5885	0.5464
0.5500	0.3595	0.6930	0.5518	0.5530	0.5422	0.6450	0.5929	0.3498	0.5023	0.5459	0.5461	0.4537	0.6112	0.6417	0.3596	0.5520	0.8355	0.4634	0.4061
0.4996	0.5001	0.6930	0.5518	0.5530	0.2252	0.6450	0.5929	0.3498	0.5023	0.5459	0.5461	0.4537	0.7384	0.6417	0.3596	0.5520	0.0507	0.6450	0.4061
0.4996	0.5001	0.6930	0.5518	0.5823	0.4469	0.6450	0.5929	0.4449	0.5023	0.5459	0.5461	0.4537	0.3512	0.6417	0.3596	0.5520	0.2079	0.2583	0.0487
0.4549	0.5001	0.6330	0.5518	0.5568	0.4469	0.3568	0.5929	0.4449	0.5023	0.5459	0.5461	0.4537	0.3512	0.6417	0.3596	0.5520	0.6323	0.3995	0.7441
0.4549	0.5001	0.6900	0.5518	0.6384	0.5522	0.4527	0.5929	0.4984	0.5023	0.5459	0.5461	0.4537	0.3512	0.6417	0.3596	0.5520	0.0000	0.4004	0.3058
0.4549	0.5001	0.6900	0.5518	0.6384	0.5522	0.4527	0.5929	0.4984	0.5023	0.5459	0.5461	0.4537	0.3512	0.6417	0.3596	0.5520	0.1483	0.4004	0.2315
0.4549	0.5001	0.6900	0.5518	0.6384	0.5522	0.4527	0.5929	0.4984	0.5023	0.5459	0.5461	0.4537	0.3512	0.6417	0.3596	0.5520	0.4888	0.4004	0.3637
0.5523	0.5001	0.5093	0.5518	0.6384	0.5522	0.3546	0.5929	0.4984	0.5023	0.5459	0.5461	0.4537	0.4599	0.3035	0.3596	0.5520	0.3652	0.4004	1.0000
0.4123	0.5001	0.4075	0.5518	0.1755	0.5879	0.3546	0.5929	0.4984	0.5023	0.5459	0.5461	0.4537	0.6910	0.3042	0.6431	0.5520	0.3655	0.4004	1.0000
0.4006	0.5483	0.6888	0.5518	0.7842	0.6419	0.6007	0.5929	0.4984	0.5023	0.5459	0.5461	0.4537	0.6910	0.3625	0.4009	0.5520	0.4562	0.4004	0.3687
0.6830	0.5483	0.4595	0.5518	0.3964	0.6419	0.6007	0.5929	0.4545	0.5023	0.5459	0.5461	0.4537	0.4995	0.4998	0.3554	0.4994	0.4562	0.4022	0.6387
0.3112	0.5483	0.5969	0.5518	0.3964	0.6419	0.6007	0.5929	0.3562	0.5023	0.5459	0.4559	0.4537	0.2649	0.4998	0.7389	0.4994	0.5482	0.3615	0.5573
0.6012	0.5483	0.5969	0.5518	0.6518	0.5022	0.6007	0.5929	0.3562	0.5023	0.5459	0.6420	0.4537	0.2649	0.4998	0.7389	0.4994	0.5482	0.3615	0.5573
0.6012	0.5483	0.5969	0.5518	0.8183	0.5022	0.6007	0.5929	0.3562	0.5023	0.5459	0.6420	0.4537	0.3551	0.4998	0.4578	0.4994	0.5482	0.3615	0.4144
0.6012	0.5483	0.5969	0.5518	0.6377	0.5022	0.6007	0.5929	0.3562	0.5023	0.5459	0.6420	0.4537	0.4982	0.4998	0.4578	0.4994	0.5482	0.3615	0.5022
0.6012	0.5483	0.5969	0.5518	0.6377	0.5431	0.5534	0.5929	0.3562	0.5023	0.5459	0.6420	0.4537	0.4982	0.4998	0.4578	0.4994	0.5482	0.4974	0.5022
0.6012	0.5483	0.5969	0.5518	0.4545	0.4923	0.5534	0.5929	0.3562	0.5023	0.5459	0.6420	0.4537	0.4982	0.4998	0.4578	0.4994	0.5482	0.4974	0.5022
0.6012	0.5483	0.5969	0.5518	0.4545	0.4923	0.5534	0.5929	0.3562	0.5023	0.5459	0.6420	0.4537	0.4982	0.4998	0.4578	0.4468	0.5482	0.4974	0.5022
0.4525	0.5483	0.5969	0.5518	0.4545	0.4923	0.5534	0.5929	0.3562	0.5023	0.5459	0.6420	0.4537	0.4982	0.4998	0.4578	0.3550	0.5482	0.4974	0.5022
0.4525	0.5483	0.5969	0.5518	0.4545	0.4923	0.5534	0.5929	0.3562	0.5023	0.5459	0.6420	0.4537	0.4982	0.4998	0.4578	0.4984	0.5482	0.4974	0.5022
0.4525	0.5483	0.5969	0.5518	0.4545	0.4923	0.5534	0.5929	0.3562	0.5023	0.5459	0.6420	0.4537	0.5021	0.4998	0.4954	0.4984	0.5482	0.4974	0.4104
0.4525	0.5483	0.5969	0.5518	0.4545	0.6474	0.5534	0.5929	0.3562	0.5023	0.5459	0.6420	0.4537	0.6946	0.4998	0.4954	0.4984	0.5482	0.4974	0.4435
0.4984	0.5483	0.5969	0.5518	0.4545	0.6474	0.5390	0.5929	0.3562	0.5023	0.5459	0.6420	0.4537	0.4181	0.4998	0.4954	0.4984	0.5482	0.4974	0.4435
0.4984	0.5483	0.5969	0.5518	0.4545	0.6474	0.5390	0.5929	0.3562	0.5023	0.5459	0.6420	0.4537	0.4466	0.4998	0.6404	0.4984	0.5482	0.4974	0.4435
0.4984	0.5483	0.5969	0.5518	0.4545	0.6474	0.6012	0.5929	0.3562	0.5023	0.5459	0.6420	0.4537	0.4466	0.4998	0.6404	0.4984	0.5482	0.4974	0.4435
0.4475	0.5483	0.5969	0.5518	0.4545	0.6474	0.6012	0.5929	0.3562	0.5023	0.5459	0.4022	0.4537	0.4466	0.4998	0.6404	0.5022	0.5482	0.4974	0.4435
0.2229	0.5483	0.5969	0.5518	0.4545	0.6474	0.6012	0.5929	0.3562	0.5023	0.5459	0.4022	0.4537	0.4466	0.4998	0.6404	0.5022	0.5482	0.4974	0.4435
0.3139	0.5483	0.5969	0.5965	0.4545	0.6474	0.6012	0.5929	0.3562	0.5023	0.5459	0.4022	0.4537	0.4466	0.4998	0.6404	0.5022	0.5482	0.4974	0.5993
0.3139	0.5483	0.5969	0.5965	0.4545	0.6474	0.6012	0.5929	0.3562	0.5023	0.5459	0.4022	0.4537	0.4466	0.4998	0.6404	0.5022	0.5482	0.4974	0.5890
0.4427	0.5483	0.5969	0.5965	0.4545	0.6474	0.6012	0.5929	0.3562	0.5023	0.5459	0.4022	0.4537	0.4466	0.4998	0.6404	0.5022	0.5482	0.4974	0.5890
0.4457	0.5483	0.5969	0.5965	0.4545	0.6474	0.6012	0.5929	0.3562	0.5023	0.5459	0.4022	0.4537	0.4466	0.4998	0.6404	0.4542	0.5482	0.4974	0.5912
0.4039	0.5483	0.5969	0.5965	0.4545	0.6474	0.6012	0.5929	0.3562	0.5023	0.5459	0.4022	0.4537	0.4466	0.4998	0.6404	0.4542	0.5482	0.4974	0.5453
0.4039	0.5483	0.5969	0.5965	0.4545	0.6474	0.5912	0.5929	0.3562	0.5023	0.5459	0.5897	0.4537	0.4559	0.4998	0.6404	0.4542	0.5482	0.4974	0.5453
0.4039	0.5483	0.5969	0.5965	0.4545	0.6474	0.5912	0.5929	0.3562	0.5023	0.4993	0.5897	0.4537	0.4559	0.4998	0.6404	0.4542	0.5482	0.4974	0.5453
0.4039	0.5483	0.5969	0.5965	0.4545	0.6474	0.5912	0.5929	0.3562	0.5023	0.4993	0.5897	0.4537	0.4559	0.4998	0.6404	0.4542	0.5482	0.4974	0.5453
0.4039	0.5483	0.5969	0.5965	0.4545	0.6474	0.5912	0.5929	0.3566	0.5023	0.4993	0.5897	0.4537	0.4559	0.4998	0.4944	0.4542	0.5482	0.4974	0.5453
0.4039	0.5483	0.5969	0.5965	0.4545	0.5498	0.5912	0.5929	0.3566	0.5023	0.4993	0.4953	0.4537	0.4559	0.4998	0.4944	0.4542	0.5482	0.4974	0.5453
0.4039	0.5483	0.5969	0.5965	0.4545	0.5498	0.5912	0.5929	0.3566	0.5023	0.4993	0.4953	0.3994	0.4559	0.4998	0.4944	0.4542	0.5482	0.4974	0.5453
0.4039	0.5483	0.5969	0.5965	0.4545	0.5498	0.5912	0.5929	0.3566	0.5023	0.4993	0.4953	0.6437	0.4559	0.4998	0.4944	0.4542	0.5482	0.4974	0.5453
0.4039	0.5483	0.5969	0.5965	0.4545	0.5498	0.5912	0.5929	0.3566	0.5023	0.4993	0.4953	0.6437	0.4559	0.4998	0.4944	0.4542	0.5482	0.4974	0.5453
0.4039	0.5483	0.5969	0.5965	0.4545	0.5481	0.5912	0.5929	0.3566	0.5023	0.4993	0.4953	0.6437	0.4950	0.4998	0.4944	0.4542	0.5482	0.4974	0.5453
0.4039	0.5483	0.5969	0.5965	0.4545	0.5481	0.5912	0.5929	0.3566	0.5023	0.4993	0.4953	0.6437	0.4950	0.4998	0.4944	0.4542	0.5482	0.4974	0.5453
0.4039	0.5483	0.5969	0.5965	0.4545	0.5481	0.5912	0.5929	0.3566	0.5023	0.4993	0.4953	0.6437	0.4950	0.4998	0.4944	0.4542	0.5482	0.4974	0.5453
0.5021	0.5483	0.5969	0.5965	0.4545	0.5481	0.5912	0.5929	0.3566	0.5023	0.4993	0.4953	0.6437	0.4950	0.4998	0.4944	0.4542	0.5482	0.4974	0.5453
0.5021	0.5483	0.5969	0.5965	0.4545	0.5481	0.5912	0.5929	0.3566	0.5023	0.4993	0.4953	0.6437	0.4950	0.4998	0.4944	0.4542	0.5482	0.4974	0.5030
0.5021	0.5483	0.5969	0.5965	0.4545	0.5020	0.5912	0.5929	0.3566	0.5023	0.4993	0.3997	0.6437	0.4950	0.4998	0.4944	0.4542	0.5482	0.4974	0.5030
0.5021	0.5483	0.5969	0.5965	0.4545	0.5020	0.5912	0.5929	0.3566	0.5023	0.4993	0.3997	0.6437	0.4950	0.4998	0.4944	0.4542	0.5482	0.4974	0.5030
0.5021	0.5483	0.5969	0.5965	0.4545	0.5020	0.5912	0.5929	0.3566	0.5023	0.4993	0.3997	0.6437	0.4950	0.4998	0.4944	0.4542	0.5482	0.4974	0.5030
0.5021	0.5483	0.5969	0.5965	0.4545	0.5020	0.5018	0.5929	0.3566	0.5023	0.4993	0.3997	0.5969	0.4950	0.4998	0.4944	0.4542	0.5482	0.4974	0.5030
0.5021	0.5483	0.5969	0.5965	0.4545	0.5020	0.5018	0.5929	0.3566	0.5023	0.4993	0.3997	0.5969	0.4950	0.4998	0.4944	0.4542	0.5482	0.4974	0.5030
0.5021	0.5483	0.5969	0.5965	0.4545	0.5020	0.5018	0.4059	0.3566	0.5023	0.4993	0.3997	0.5969	0.4950	0.4998	0.4944	0.4542	0.5482	0.4974	0.5030
0.5021	0.5483	0.5969	0.5965	0.4545	0.5020	0.5018	0.4059	0.3566	0.5023	0.4993	0.3997	0.5969	0.4070	0.4998	0.4944	0.4542	0.5482	0.4974	0.5030
0.5021	0.5483	0.5969	0.5965	0.4545	0.5020	0.5018	0.4059	0.3566	0.5023	0.4993	0.3997	0.5969	0.4070	0.4998	0.4944	0.4542	0.5482	0.4974	0.5030
0.5021	0.5483	0.5969	0.5965	0.4545	0.5020	0.5018	0.4059	0.3566	0.5023	0.4993	0.3997	0.5969	0.4070	0.4998	0.4944	0.4542	0.5482	0.4974	0.5030
0.5021	0.5483	0.5969	0.5965	0.4545	0.5020	0.5018	0.4059	0.3566	0.5023	0.4993	0.3997	0.5969	0.4070	0.4998	0.4944	0.4542	0.5482	0.4974	0.5030
0.5021	0.5483	0.5969	0.5962	0.4545	0.5020	0.5018	0.4059	0.3566	0.5023	0.4993	0.3997	0.5969	0.4070	0.4998	0.4944	0.4542	0.5482	0.4974	0.5030
0.5021	0.5483	0.5969	0.5962	0.4545	0.5020	0.5018	0.4059	0.4577	0.5023	0.4993	0.3997	0.5969	0.4070	0.4998	0.4944	0.4542	0.5482	0.4974	0.5030
0.5021	0.5483	0.5969	0.5962	0.4545	0.4072	0.5018	0.4059	0.4577	0.5023	0.4993	0.3997	0.4543	0.4070	0.4998	0.4944	0.4542	0.5482	0.4974	0.5030
0.5021	0.5483	0.5969	0.5962	0.4545	0.4072	0.5018	0.4059	0.4577	0.5023	0.4993	0.3997	0.4543	0.4070	0.4998	0.4944	0.4542	0.5482	0.4974	0.5030
0.5021	0.5483	0.5969	0.5962	0.4545	0.4072	0.4038	0.4531	0.4577	0.5023	0.4993	0.3997	0.4543	0.4070	0.4998	0.4944	0.4542	0.5482	0.4974	0.5030
0.5021	0.5483	0.5969	0.4566	0.4545	0.4072	0.4038	0.4531	0.4577	0.5023	0.4993	0.3997	0.4543	0.4070	0.4998	0.4517	0.4542	0.5482	0.4974	0.5030
0.5021	0.5483	0.5969	0.4566	0.4545	0.4072	0.4038	0.4531	0.4577	0.5023	0.4993	0.3997	0.4543	0.4070	0.4998	0.4517	0.4542	0.5482	0.4974	0.5030
0.5021	0.5483	0.5969	0.4566	0.4545	0.4072	0.5012	0.4531	0.4577	0.5023	0.4993	0.3997	0.4543	0.4070	0.4998	0.4517	0.4542	0.4486	0.4974	0.5030
0.5021	0.5483	0.5969	0.4566	0.4545	0.4072	0.5012	0.4531	0.4577	0.5023	0.4993	0.3997	0.4543	0.4070	0.4998	0.4517	0.4542	0.4486	0.4974	0.5030
0.5021	0.5483	0.5969	0.4566	0.4545	0.5955	0.5012	0.4531	0.4577	0.5023	0.4993	0.3997	0.4543	0.4070	0.4998	0.4517	0.4542	0.4486	0.4974	0.5030
0.5021	0.5483	0.5969	0.4566	0.4545	0.5955	0.5012	0.4531	0.4577	0.5023	0.4993	0.3997	0.4543	0.4070	0.4998	0.4517	0.4542	0.4486	0.4974	0.5030
0.5021	0.5483	0.5969	0.4566	0.4545	0.5955	0.5012	0.4531	0.4577	0.5023	0.4993	0.3997	0.4543	0.4070	0.4998	0.4517	0.4542	0.4486	0.4974	0.5030
0.5021	0.5483	0.5969	0.4566	0.4545	0.5955	0.5012	0.4531	0.4577	0.5023	0.4993	0.4016	0.4543	0.4070	0.4998	0.4517	0.4542	0.4486	0.4974	0.5030
0.5021	0.5483	0.5969	0.4566	0.4545	0.5955	0.5012	0.4531	0.4577	0.5023	0.4993	0.4016	0.4543	0.4070	0.4998	0.4517	0.4542	0.4486	0.4974	0.5030
0.5021	0.5483	0.5969	0.4566	0.4545	0.5955	0.5012	0.4531	0.4577	0.5023	0.4993	0.4958	0.4543	0.4070	0.4998	0.4517	0.4542	0.4486	0.4974	0.5030
0.5021	0.5483	0.5969	0.4566	0.4545	0.5955	0.5012	0.4531	0.4577	0.5023	0.4993	0.4958	0.4543	0.4070	0.4998	0.4517	0.4542	0.4486	0.4974	0.5030
0.5021	0.5483	0.5969	0.4566	0.4545	0.5955	0.5012	0.4531	0.4577	0.5023	0.4993	0.4958	0.4543	0.4070	0.4998	0.4517	0.4542	0.4486	0.4974	0.5030
0.5021	0.5483	0.5969	0.4566	0.4545	0.5955	0.5012	0.4531	0.4577	0.5023	0.4993	0.4958	0.4543	0.4070	0.4998	0.4517	0.4542	0.4486	0.4974	0.5030
0.5021	0.5483	0.5969	0.4566	0.4545	0.5955	0.5012	0.4531	0.4577	0.5023	0.4993	0.4958	0.4543	0.4070	0.4998	0.4517	0.4542	0.4486	0.4974	0.5030
0.5021	0.5483	0.5969	0.4566	0.4545	0.5955	0.5012	0.4531	0.4577	0.5023	0.4993	0.4958	0.4543	0.4070	0.4998	0.4517	0.4542	0.4486	0.4974	0.5030
0.5021	0.5483	0.5969	0.4566	0.4545	0.5955	0.5012	0.4531	0.5422	0.5023	0.4993	0.4958	0.4543	0.4070	0.4998	0.4517	0.4542	0.4486	0.4974	0.5030
0.5021	0.5483	0.5969	0.4566	0.4545	0.5955	0.5012	0.4531	0.5422	0.5023	0.4993	0.4958	0.4543	0.4070	0.4998	0.4517	0.4542	0.4486	0.4974	0.5030
0.5021	0.5483	0.5969	0.4566	0.4545	0.5955	0.5012	0.4531	0.5422	0.5023	0.4993	0.4958	0.4543	0.5908	0.4998	0.4517	0.4542	0.4486	0.4974	0.5030
