0.0866	0.4698	0.0497	0.5206	0.4149	0.0188	0.3216	0.4614	0.4028	0.3908
0.4003	0.4914	0.5586	0.4366	0.0000	0.4159	0.6479	0.5062	0.5778	0.4547
0.3496	1.0000	0.4769	0.6712	0.9910	0.6494	0.5155	0.6703	0.5778	0.5848
0.4108	0.3580	0.0000	0.0000	0.6272	0.5554	0.1136	0.6806	0.6433	0.9986
1.0000	0.4885	0.5793	0.7384	0.3404	0.5398	1.0000	0.0000	0.9676	0.6660
0.3532	0.4885	0.5823	0.0000	0.4159	0.5793	0.5982	1.0000	0.2146	0.4776
1.0000	0.4885	0.4423	0.3760	0.4717	0.5007	0.6503	0.1831	0.5078	0.6171
1.0000	0.4885	0.5616	0.0286	0.4179	0.2720	0.3588	0.5034	0.7236	0.4219
0.5074	0.4885	0.7391	1.0000	0.3498	0.6115	0.4042	0.5034	0.4555	0.9415
0.5864	0.2679	1.0000	0.3669	0.8126	0.7507	0.4942	0.2156	0.9563	0.8803
0.5864	0.4995	0.9732	0.1558	0.7657	0.2625	0.4942	0.0000	0.3786	0.5828
0.5864	0.4995	0.6617	0.0463	0.3059	0.1069	0.4942	0.1817	0.4682	0.5020
0.5864	0.0818	0.0000	0.0000	0.6402	0.7167	0.4942	0.3416	0.8796	0.5020
0.5864	0.6087	0.4427	1.0000	1.0000	0.3570	0.4982	0.5875	0.7552	0.4275
0.5864	0.6623	0.6698	0.4399	0.5072	0.5629	0.4982	1.0000	0.6784	0.4275
0.5864	0.6447	1.0000	1.0000	0.7381	0.3317	0.4982	0.0000	0.5589	0.4275
0.5864	0.5538	0.3481	0.4200	0.4226	0.6495	0.4982	0.7370	1.0000	0.4275
0.5864	0.0000	0.3481	0.3404	0.5860	0.6495	0.4982	0.7370	0.0000	0.4275
0.5864	0.1238	0.3481	0.5103	0.5860	0.6495	0.4982	0.5093	0.0000	0.4275
0.6192	1.0000	0.3481	0.5103	0.4172	0.6495	0.4982	0.5763	0.7971	0.4275
0.5158	0.2638	0.3481	0.5103	0.4172	0.6495	0.4982	0.5763	0.3412	0.4275
0.7173	0.4283	0.3406	0.5103	0.4172	0.6495	0.4982	0.5892	0.3412	0.4275
0.4260	0.5160	0.3406	0.5103	0.4172	0.4201	0.4982	0.4979	0.6774	0.4275
0.0000	0.8636	0.3406	0.5103	0.4172	0.4201	0.4982	0.4979	0.6746	0.4275
0.6040	0.3262	0.3406	0.5103	0.4172	0.6451	0.4982	0.4979	0.6604	0.4275
0.3324	0.0000	0.5002	0.5103	0.4172	0.6451	0.4982	0.4979	0.5681	0.4275
0.3365	0.5102	0.5002	0.5103	0.4172	0.6451	0.4982	0.4979	0.5681	0.4275
0.3365	0.6518	0.5002	0.5103	0.4839	0.6451	0.4982	0.4979	0.6540	0.4275
0.3365	1.0000	0.5776	0.5103	0.4236	0.6451	0.4982	0.4979	0.5728	0.4275
0.3619	0.1914	0.5776	0.5103	0.6491	0.6451	0.4982	0.4979	0.5728	0.4275
0.3619	0.3380	0.5776	0.5103	0.6491	0.5722	0.4982	0.4979	0.5070	0.4275
0.6447	0.5632	0.5776	0.5103	0.6498	0.5722	0.4982	0.4979	0.5070	0.4953
0.6447	0.5231	0.5119	0.5103	0.6498	0.5722	0.4982	0.4979	0.5070	0.4953
0.5923	0.4859	0.4953	0.5103	0.6498	0.4077	0.4982	0.4979	0.5821	0.4953
0.5923	0.4859	0.4953	0.5103	0.6498	0.3611	0.4982	0.4979	0.5821	0.4953
0.6716	0.4265	0.5761	0.5103	0.6498	0.4988	0.4982	0.4979	0.3423	0.6633
0.2787	0.2789	0.5761	0.5103	0.6498	0.4988	0.4982	0.4979	0.3423	0.4264
0.4821	0.5705	0.5761	0.5078	0.4844	0.4188	0.4982	0.4979	0.3423	0.4264
0.6400	0.5705	0.5761	0.5078	0.5171	0.4188	0.4982	0.4979	0.3423	0.4264
0.5717	0.5832	0.5761	0.5078	0.5028	0.4188	0.4982	0.4896	0.3423	0.4303
0.4225	0.5832	0.5761	0.5078	0.5028	0.4188	0.4982	0.4896	0.5678	0.4303
0.4225	0.5832	0.5761	0.5078	0.5028	0.4188	0.4982	0.4896	0.5678	0.4303
0.4225	0.5832	0.5761	0.5078	0.5028	0.4188	0.4982	0.5737	0.5678	0.4303
0.4225	0.5832	0.5761	0.5078	0.5028	0.4188	0.4982	0.5737	0.5678	0.4303
0.4225	0.5832	0.5761	0.5078	0.4976	0.4188	0.4982	0.5737	0.5678	0.4860
0.4225	0.5832	0.5761	0.5078	0.4976	0.4188	0.4982	0.5737	0.5678	0.4860
0.4225	0.5832	0.5720	0.5078	0.4976	0.4188	0.4982	0.5737	0.5678	0.4860
0.4225	0.5832	0.5720	0.5078	0.4976	0.4188	0.4982	0.4963	0.3535	0.4860
0.3438	0.5832	0.5720	0.5078	0.4976	0.5691	0.4982	0.4963	0.4315	0.4860
0.3438	0.5832	0.5720	0.5078	0.4947	0.5691	0.4982	0.4963	0.4125	0.4860
0.5061	0.5832	0.5720	0.5078	0.4947	0.5691	0.4982	0.4963	0.5077	0.4860
0.5061	0.5832	0.5720	0.5078	0.4947	0.5736	0.4982	0.4963	0.5077	0.4860
0.5061	0.5832	0.5720	0.5078	0.4947	0.5736	0.4982	0.4963	0.5077	0.4860
0.5061	0.5832	0.5720	0.5078	0.4947	0.5736	0.4982	0.4963	0.5077	0.4860
0.5061	0.5832	0.5720	0.5078	0.4947	0.5736	0.4982	0.4963	0.5077	0.4860
0.5061	0.4201	0.5720	0.5078	0.4947	0.5736	0.4982	0.4963	0.5077	0.4860
0.5061	0.4259	0.5720	0.5078	0.4947	0.5736	0.4982	0.4963	0.5077	0.4860
0.5061	0.4259	0.5720	0.5078	0.4947	0.5736	0.4982	0.4963	0.5077	0.4860
0.5061	0.4259	0.5720	0.5078	0.4223	0.5090	0.4982	0.4963	0.5099	0.4860
0.5061	0.4259	0.5720	0.5078	0.4223	0.5090	0.4982	0.4963	0.5099	0.4860
0.5061	0.4259	0.5720	0.5078	0.4223	0.5090	0.4982	0.4963	0.5099	0.4860
0.5061	0.4926	0.5720	0.5078	0.4223	0.5090	0.4982	0.4963	0.4978	0.4860
0.5061	0.4926	0.5720	0.5078	0.4223	0.5090	0.4982	0.4963	0.4978	0.4860
0.5061	0.4926	0.5720	0.5078	0.4223	0.5090	0.4982	0.4963	0.4978	0.4860
0.5061	0.4926	0.5720	0.5078	0.4223	0.5090	0.4982	0.4963	0.4978	0.4860
0.5061	0.4926	0.5720	0.5078	0.4223	0.5090	0.4982	0.4963	0.4978	0.4860
0.5061	0.4926	0.4228	0.5078	0.4223	0.5090	0.4982	0.4963	0.4978	0.4149
0.5061	0.4926	0.4228	0.5078	0.4223	0.5090	0.4982	0.4963	0.4978	0.4149
0.5061	0.4926	0.4228	0.5078	0.4223	0.5090	0.4982	0.4963	0.4978	0.4149
0.5061	0.4926	0.4228	0.4133	0.4223	0.5090	0.4982	0.4963	0.4978	0.4149
0.5061	0.4926	0.4228	0.4133	0.4223	0.5090	0.4982	0.4963	0.4978	0.5101
0.5061	0.4926	0.4228	0.4133	0.4223	0.5090	0.4982	0.4963	0.4978	0.5101
0.5061	0.4926	0.4228	0.4133	0.4223	0.5090	0.4982	0.4963	0.4978	0.5101
0.5061	0.4926	0.4228	0.4133	0.4223	0.5090	0.4982	0.4963	0.4978	0.5101
0.5061	0.4926	0.4228	0.4133	0.4223	0.5090	0.4982	0.4963	0.4978	0.5101
0.5061	0.4926	0.4228	0.4133	0.4223	0.5090	0.4982	0.4963	0.4978	0.5101
0.5061	0.4926	0.4228	0.4133	0.4223	0.5090	0.4982	0.4963	0.4978	0.5101
0.5061	0.4926	0.4228	0.4133	0.5020	0.5090	0.4982	0.4963	0.4978	0.5101
0.5061	0.4926	0.4228	0.4133	0.5020	0.5090	0.4982	0.4963	0.4978	0.5101
0.5061	0.4926	0.4228	0.4133	0.5020	0.5090	0.4982	0.4963	0.4978	0.5101
0.5061	0.4926	0.4228	0.4133	0.5020	0.4232	0.4982	0.4963	0.4978	0.5101
0.5061	0.4926	0.4228	0.4133	0.5020	0.4232	0.4982	0.4963	0.4978	0.5101
0.5061	0.4926	0.4228	0.4133	0.5020	0.4232	0.4982	0.4963	0.4978	0.5101
0.5061	0.4926	0.4228	0.4133	0.5020	0.4232	0.4982	0.4963	0.4978	0.5101
0.5061	0.4926	0.4228	0.4133	0.5020	0.4232	0.4982	0.4963	0.4978	0.5101
0.5061	0.4926	0.4228	0.4133	0.5020	0.4232	0.4982	0.4963	0.4978	0.5101
0.5061	0.4926	0.4228	0.4133	0.5020	0.4232	0.4982	0.4963	0.4978	0.5101
0.5061	0.4926	0.4228	0.4133	0.5020	0.4232	0.4982	0.4963	0.4978	0.5101
0.5061	0.4926	0.4228	0.4133	0.5020	0.4232	0.4982	0.4963	0.4978	0.5101
0.5061	0.4926	0.4228	0.4133	0.5020	0.4232	0.4982	0.4963	0.4978	0.5101
0.5061	0.4926	0.4249	0.4133	0.5020	0.4232	0.4982	0.4963	0.4978	0.5101
0.5061	0.4926	0.4249	0.4133	0.5020	0.4232	0.4982	0.4963	0.4978	0.5101
0.5061	0.4926	0.4249	0.4133	0.5020	0.4232	0.4982	0.4963	0.4978	0.5101
0.5061	0.4926	0.4249	0.4133	0.5020	0.4232	0.4982	0.4963	0.4978	0.5101
0.5061	0.4926	0.4249	0.4133	0.5020	0.4232	0.4982	0.4963	0.4978	0.5101
0.5061	0.4926	0.4249	0.4133	0.5020	0.4232	0.4982	0.4963	0.4978	0.5101
0.5061	0.4926	0.4249	0.4133	0.5020	0.4232	0.4982	0.4963	0.4978	0.5101
0.5061	0.4926	0.4249	0.4133	0.5020	0.4232	0.4982	0.4963	0.4978	0.5101
0.5061	0.4926	0.4249	0.4133	0.5020	0.4232	0.4982	0.4963	0.4978	0.5101
0.5061	0.4926	0.4249	0.4133	0.5020	0.4232	0.4982	0.4963	0.4978	0.5101
0.5061	0.4926	0.4249	0.4133	0.5020	0.4232	0.4982	0.4963	0.4978	0.5101
