0.2564	0.4230	0.2919	0.1000	0.6914	0.3175	0.8314	0.0001	0.1994	0.5962
0.3638	0.0000	0.9781	0.3585	0.3040	0.6248	1.0000	0.5726	0.7490	0.2357
1.0000	0.6986	0.2611	0.3355	0.0000	0.5879	0.7876	0.6681	0.2619	0.1936
0.7564	0.5124	0.2977	0.5409	0.4413	0.0000	0.4674	0.3747	0.5512	0.5686
0.4923	0.5102	1.0000	0.7989	0.4413	0.6199	0.0000	0.8951	0.0000	1.0000
0.4923	0.4998	0.5426	1.0000	0.4413	0.4704	0.4669	0.5472	0.2416	0.8097
0.5116	0.4998	0.9766	0.5052	0.1606	0.5121	0.5038	0.0000	0.4962	1.0000
0.8521	0.4998	0.2479	0.5052	0.4633	0.5121	0.5038	0.2185	0.5036	0.7662
0.2365	0.4998	0.1102	0.4776	0.4257	0.5121	0.5038	0.5004	0.5036	0.4516
0.7847	0.4998	0.9778	0.8012	0.4427	0.5121	0.5038	0.6300	0.5036	0.3764
0.7659	0.4998	0.5161	0.5060	0.4444	0.5121	0.5022	0.4912	0.5036	0.4875
0.4351	0.4687	0.5161	1.0000	0.7811	0.4890	0.5022	0.1768	0.5036	0.4875
0.4244	0.4919	0.5161	0.6477	1.0000	0.4890	0.5022	0.5746	0.5036	0.4875
0.6647	0.5265	0.5161	0.5919	0.5870	0.5025	0.5022	0.0000	0.5036	0.4875
0.4722	0.3142	0.7670	1.0000	0.5478	0.5025	0.5022	0.5339	0.5036	0.4875
0.4722	0.9106	0.0000	0.3167	0.5478	0.5617	0.5022	0.5339	0.5036	0.4875
0.4722	0.5574	0.5382	0.4339	0.5478	0.4609	0.5022	0.5339	0.4954	0.4875
0.4596	0.4274	0.4867	0.6689	0.5478	0.0000	0.5022	0.5339	0.4954	0.4875
0.4476	1.0000	0.4867	0.5446	0.5618	1.0000	0.5022	0.5408	0.4954	0.4875
0.4476	0.9632	0.4867	0.4527	0.5618	0.8699	0.5022	0.5040	0.4954	0.4875
0.5403	0.5979	0.4867	0.4527	0.4839	0.5651	0.5022	0.5040	0.4954	0.4875
0.5053	0.5491	0.5264	0.4909	0.4839	0.5651	0.5022	0.5040	0.4954	0.4875
0.5053	0.5491	0.5264	0.4909	0.4839	0.5651	0.5022	0.4902	0.4954	0.4875
0.5053	0.5226	0.5259	0.4909	0.4839	0.5022	0.5022	0.4902	0.4954	0.4875
0.5053	0.5107	0.5259	0.4909	0.4839	0.5022	0.5022	0.4902	0.4954	0.4875
0.4725	0.5107	0.5259	0.4909	0.4839	0.5022	0.5022	0.4902	0.4954	0.4875
0.4725	0.5107	0.5259	0.4909	0.4839	0.4966	0.5022	0.5070	0.4954	0.4875
0.4725	0.5107	0.5259	0.4909	0.4839	0.4966	0.5022	0.5070	0.4954	0.4875
0.4725	0.5107	0.5122	0.4909	0.4839	0.4966	0.5022	0.5070	0.4954	0.4875
0.4725	0.5107	0.5122	0.4909	0.5002	0.4966	0.5022	0.5070	0.4954	0.4875
0.4725	0.5107	0.5122	0.4909	0.5002	0.4966	0.5022	0.5070	0.4954	0.4875
0.4725	0.4656	0.5122	0.4909	0.5002	0.4966	0.5022	0.5070	0.4954	0.4875
0.4725	0.4656	0.5122	0.4909	0.4365	0.4966	0.5022	0.4906	0.4954	0.4875
0.4725	0.4656	0.5122	0.4841	0.5129	0.4966	0.5022	0.4906	0.4863	0.4875
0.4725	0.4656	0.5122	0.4841	0.5129	0.4966	0.5022	0.4906	0.4863	0.4875
0.4725	0.4656	0.5122	0.4841	0.4426	0.4966	0.5022	0.4906	0.4863	0.4875
0.4725	0.4656	0.5122	0.4841	0.4763	0.4966	0.5022	0.4906	0.4972	0.4875
0.4725	0.4656	0.5122	0.4841	0.4740	0.4966	0.5022	0.4906	0.5032	0.4875
0.4725	0.4656	0.5122	0.4841	0.4740	0.5032	0.5022	0.4906	0.5032	0.4875
0.4725	0.4656	0.5122	0.4594	0.4740	0.5032	0.5022	0.4906	0.5032	0.4875
0.4725	0.4634	0.5122	0.4594	0.4740	0.5032	0.5022	0.4906	0.5032	0.4875
0.4725	0.4634	0.5122	0.4594	0.4740	0.5032	0.5022	0.4906	0.5032	0.4875
0.4725	0.4634	0.5122	0.4594	0.4740	0.5032	0.5022	0.4906	0.5032	0.4875
0.4725	0.4634	0.5122	0.4625	0.4740	0.5032	0.5022	0.4906	0.5032	0.4875
0.4725	0.4634	0.5122	0.4625	0.4740	0.5032	0.5022	0.4906	0.5032	0.4875
0.4725	0.4634	0.5122	0.5411	0.4740	0.5032	0.5022	0.4968	0.5032	0.4875
0.4725	0.5421	0.5122	0.5411	0.4740	0.5032	0.5022	0.4968	0.5032	0.4875
0.4725	0.4556	0.5122	0.5411	0.4926	0.5032	0.5022	0.4968	0.5032	0.4875
0.4725	0.4556	0.5122	0.5429	0.4926	0.5032	0.5022	0.4968	0.5032	0.4875
0.4725	0.5163	0.5122	0.5429	0.4926	0.5032	0.5022	0.4968	0.5032	0.4875
0.4725	0.5163	0.5122	0.5429	0.4891	0.5032	0.5022	0.4968	0.5032	0.4875
0.4725	0.5163	0.5122	0.5429	0.4891	0.5032	0.5022	0.4968	0.5032	0.4875
0.4725	0.5163	0.5122	0.5429	0.4891	0.5032	0.5022	0.4968	0.5032	0.4875
0.4725	0.5163	0.5122	0.5429	0.4891	0.5032	0.5022	0.4968	0.5032	0.4875
0.4725	0.5163	0.5122	0.5429	0.5001	0.5032	0.5022	0.4968	0.5032	0.4875
0.4725	0.5163	0.5122	0.5429	0.5001	0.5032	0.5022	0.4968	0.5032	0.4875
0.5040	0.4887	0.5122	0.5429	0.5001	0.5032	0.5022	0.4968	0.5032	0.4875
0.5017	0.4887	0.5122	0.5429	0.5001	0.5032	0.5022	0.4968	0.5032	0.4875
0.5017	0.4887	0.5122	0.5429	0.5001	0.5032	0.5022	0.4968	0.5032	0.4875
0.5017	0.5398	0.5122	0.5429	0.5001	0.5032	0.5022	0.4968	0.5032	0.4875
0.5017	0.5398	0.5122	0.5429	0.5001	0.5032	0.5022	0.4968	0.5032	0.4875
0.5017	0.5398	0.4862	0.5429	0.5001	0.5032	0.5022	0.4968	0.5032	0.4875
0.5017	0.5398	0.4862	0.5095	0.5001	0.5032	0.5022	0.4968	0.5032	0.4832
0.4992	0.5398	0.4862	0.5095	0.5099	0.5032	0.5022	0.5065	0.5032	0.4832
0.5321	0.5398	0.4862	0.5095	0.5099	0.5032	0.5022	0.5065	0.5032	0.4832
0.5321	0.5398	0.4862	0.5095	0.5099	0.5032	0.5022	0.5065	0.5032	0.4832
0.5273	0.5398	0.4862	0.5053	0.5099	0.5032	0.5022	0.5065	0.5032	0.4832
0.5273	0.4783	0.4862	0.5053	0.5099	0.5032	0.5022	0.5065	0.5032	0.4832
0.5188	0.4783	0.4862	0.5053	0.5099	0.5032	0.5022	0.5065	0.5032	0.4832
0.5188	0.5092	0.4862	0.5053	0.5099	0.5032	0.5022	0.5065	0.5032	0.4832
0.5188	0.5092	0.4862	0.5053	0.5099	0.5032	0.5022	0.5065	0.5032	0.4832
0.5188	0.5092	0.4862	0.5053	0.5099	0.5032	0.5022	0.5232	0.5032	0.4832
0.5188	0.5092	0.4862	0.5053	0.5099	0.5032	0.5022	0.5232	0.5032	0.4832
0.5188	0.5092	0.4862	0.5053	0.5099	0.5032	0.5022	0.5232	0.5032	0.4832
0.5188	0.5092	0.4862	0.5053	0.5099	0.5032	0.5022	0.5232	0.5032	0.4832
0.5188	0.5092	0.4862	0.5053	0.5099	0.5032	0.5022	0.4956	0.5032	0.5113
0.5188	0.5092	0.4862	0.5053	0.5099	0.5032	0.5022	0.4956	0.5032	0.5113
0.5188	0.5092	0.4862	0.5053	0.5099	0.5032	0.5022	0.5081	0.5032	0.5113
0.5188	0.5092	0.4862	0.5053	0.5099	0.5032	0.5022	0.5081	0.5032	0.5113
0.5188	0.5092	0.4862	0.5053	0.5099	0.5032	0.5022	0.5081	0.5032	0.5113
0.5188	0.5092	0.4862	0.5053	0.5099	0.5032	0.5022	0.5081	0.5032	0.5113
0.5188	0.5092	0.4862	0.5053	0.5099	0.5032	0.5022	0.5081	0.5032	0.5113
0.5174	0.5092	0.4862	0.5053	0.5099	0.5032	0.5022	0.5081	0.5032	0.5113
0.5174	0.5092	0.4862	0.5053	0.5099	0.5032	0.5022	0.5081	0.5032	0.5113
0.5174	0.5092	0.4862	0.5053	0.5099	0.5032	0.4933	0.5081	0.5032	0.5113
0.5174	0.5092	0.4862	0.4697	0.5099	0.5032	0.4933	0.4945	0.5032	0.5113
0.5174	0.5092	0.4862	0.4697	0.5099	0.5032	0.4933	0.4945	0.5032	0.5113
0.5174	0.5092	0.4862	0.4697	0.5099	0.5032	0.4933	0.4945	0.5032	0.5113
0.5174	0.5092	0.4862	0.4697	0.5099	0.5032	0.4933	0.4945	0.5032	0.5113
0.5174	0.5092	0.4862	0.4697	0.5099	0.5032	0.4933	0.4945	0.5032	0.5113
0.5174	0.5092	0.4862	0.4697	0.5099	0.5032	0.4933	0.4945	0.5032	0.5113
0.5174	0.5092	0.4862	0.4697	0.5099	0.5032	0.4933	0.4945	0.5032	0.5113
0.5174	0.5130	0.4862	0.4697	0.5099	0.5032	0.4933	0.4945	0.5032	0.5113
0.5174	0.5130	0.4862	0.4697	0.5099	0.5032	0.4933	0.4945	0.5032	0.5113
0.5174	0.5130	0.4862	0.4697	0.5099	0.5032	0.4933	0.4945	0.5032	0.5113
0.5174	0.5130	0.4862	0.4697	0.5099	0.5032	0.4933	0.4945	0.5032	0.5113
0.5174	0.5130	0.4862	0.4697	0.5099	0.5032	0.4933	0.4945	0.5032	0.5113
0.5174	0.5130	0.4862	0.4697	0.5099	0.5032	0.4933	0.4945	0.5032	0.5113
0.5174	0.5130	0.4862	0.4697	0.5099	0.5032	0.4933	0.4945	0.5032	0.5113
0.5174	0.5130	0.4862	0.4697	0.5099	0.5032	0.4933	0.4945	0.5032	0.5113
0.5174	0.5130	0.4862	0.4697	0.5099	0.5032	0.4933	0.4945	0.5032	0.5113
