0.5659	0.0606	0.1871	0.3406	0.5700	0.1045	0.2736	0.1797	0.3804	0.1022
0.8829	0.0000	0.6664	0.5366	0.5311	0.4721	0.0000	1.0000	0.2857	1.0000
0.4545	0.6489	0.2737	0.4679	0.0973	0.1231	0.0000	1.0000	0.8945	0.6970
0.6400	0.7230	0.5277	1.0000	0.3433	0.3342	0.0000	0.4920	0.9668	0.5077
0.4714	0.3875	0.5277	0.6001	0.3328	0.7475	0.3226	0.7016	0.4910	1.0000
0.4740	0.3711	0.5277	0.6543	0.2969	0.1204	0.4942	0.4955	0.2441	1.0000
0.9026	0.7778	0.5277	0.5114	0.2969	0.9221	0.4942	0.0000	0.6355	0.0362
0.0958	0.6981	0.0000	0.1496	0.2969	0.0378	0.3098	0.0943	0.2474	0.8999
0.2269	0.5190	0.3216	0.5104	0.7804	0.4766	0.6894	0.3078	0.0764	0.8785
0.9351	0.5190	0.4734	0.5121	0.0070	0.5995	0.6894	0.4305	0.4283	0.7503
1.0000	0.5190	0.5221	0.5121	0.9311	1.0000	0.6910	0.0000	0.6710	0.6756
0.6773	0.5190	0.1033	0.7246	0.4198	0.7465	0.6910	0.7632	1.0000	0.6756
0.4076	0.8817	0.6825	0.4859	1.0000	0.7607	0.6910	0.7853	0.8782	0.4561
0.5974	0.0366	0.3663	0.3499	0.2814	0.3750	0.6910	0.6956	0.7292	0.4584
0.3051	0.0000	0.2992	0.3065	0.0000	0.0000	0.6910	0.7058	0.6798	0.7913
0.7238	0.4646	0.3128	0.7258	0.6645	0.3340	0.6910	0.4983	0.6798	0.4861
0.4987	0.2823	0.2853	0.1492	0.7297	0.3222	0.6910	0.2357	0.4761	0.4861
1.0000	0.6985	1.0000	0.5033	0.3243	0.3222	0.6910	0.5173	0.0000	0.4874
0.4415	0.6985	0.5276	0.4378	0.6672	0.3222	0.6958	0.4767	0.2668	0.6821
0.4010	0.6985	0.1692	0.6940	0.2807	0.3325	0.6958	0.3315	0.0000	0.4860
0.7938	0.6858	0.2183	0.6202	0.4457	0.5208	0.6958	0.7157	0.3013	0.4860
0.4565	0.6858	0.4394	0.2569	0.3906	1.0000	0.6958	1.0000	0.6161	0.6565
0.7158	0.6858	0.5172	1.0000	0.6389	0.0000	0.6958	0.5018	0.0000	0.5328
0.4733	0.4884	0.5172	0.5370	0.2957	0.3172	0.6958	0.6775	0.1531	0.3029
0.4733	0.6936	0.5172	0.5370	0.3028	0.6292	0.6958	0.6775	0.4675	0.6091
0.4628	0.6936	0.5172	0.5370	0.3028	0.5133	0.6958	0.5125	0.4675	0.6898
0.4628	0.6936	0.5172	0.3053	0.3028	0.7347	0.5176	0.6631	0.5226	0.3117
0.4631	0.6936	0.5172	0.3053	0.3028	0.7347	0.5176	0.6631	0.5226	0.3117
0.4631	0.6936	0.5172	0.3053	0.3028	0.0000	0.5176	0.6631	0.5226	0.3117
0.7127	0.6936	0.5172	0.3053	0.3028	0.7337	0.5176	0.6631	0.4851	0.3117
0.7127	0.6936	0.5172	0.3053	0.3028	1.0000	0.5176	0.4987	0.4851	0.3117
0.4990	0.6946	0.5172	0.3053	0.3028	0.2734	0.5176	0.4987	0.4851	0.3117
0.4990	0.5104	0.5172	0.3053	0.3028	0.2986	0.4953	0.4987	0.4851	0.3117
0.4990	0.5104	0.5172	0.3053	0.3028	1.0000	0.4953	0.4987	0.5006	0.4994
0.4990	0.5104	0.5172	0.3053	0.5129	0.4684	0.4953	0.4987	0.5006	0.1552
1.0000	0.5104	0.5172	0.3053	0.4837	0.6931	0.4953	0.4987	0.5006	0.3238
0.6817	0.5104	0.5172	0.3053	0.4837	0.4935	0.4953	0.4987	0.5006	0.3183
0.6817	0.5104	0.5172	0.3053	0.4837	0.4935	0.4953	0.4987	0.5006	0.3183
0.6817	0.5104	0.5172	0.3053	0.4837	0.6938	0.4953	0.4987	0.5006	0.3183
0.4897	0.5104	0.5001	0.3053	0.4837	0.3364	0.4953	0.4987	0.5006	0.3183
0.4897	0.5104	0.5001	0.3053	0.4837	0.4754	0.4953	0.4987	0.5006	0.5023
0.4897	0.5104	0.5001	0.3053	0.4837	0.4754	0.4953	0.4987	0.5006	0.5023
0.4897	0.5104	0.5001	0.5297	0.4837	0.4754	0.4953	0.4987	0.5006	0.5023
0.4897	0.5104	0.5208	0.5297	0.4837	0.4754	0.4953	0.4987	0.5006	0.4993
0.4920	0.5104	0.5208	0.5297	0.4837	0.4821	0.4953	0.4987	0.5006	0.4993
0.4920	0.5104	0.5107	0.5297	0.4837	0.4821	0.4953	0.4987	0.5006	0.4993
0.4920	0.5104	0.5107	0.5297	0.4837	0.4821	0.4953	0.4987	0.5006	0.4993
0.4920	0.5104	0.5107	0.5168	0.4837	0.4821	0.4953	0.5053	0.5006	0.4993
0.4920	0.5104	0.5107	0.5168	0.4837	0.4821	0.6985	0.5053	0.5006	0.4993
0.4920	0.5104	0.5107	0.5168	0.4837	0.4821	0.6985	0.5053	0.5006	0.4993
0.4920	0.5104	0.5107	0.5168	0.4837	0.7007	0.6985	0.5053	0.5006	0.4993
0.4920	0.5104	0.5107	0.5168	0.4837	0.7007	0.6985	0.5053	0.5006	0.4993
0.4920	0.5104	0.5107	0.5168	0.4837	0.7007	0.6985	0.5053	0.5006	0.4993
0.4920	0.5104	0.5107	0.5168	0.4837	0.5317	0.6985	0.5053	0.5006	0.4993
0.4920	0.5104	0.5107	0.5168	0.4837	0.5317	0.6985	0.5053	0.5006	0.4993
0.4920	0.5104	0.5107	0.5168	0.4837	0.5317	0.6985	0.5053	0.5006	0.4993
0.4920	0.5104	0.5107	0.5168	0.4837	0.5317	0.6985	0.5053	0.5006	0.4993
0.4920	0.5104	0.5107	0.5168	0.4837	0.5317	0.6985	0.5053	0.5006	0.4993
0.4920	0.5104	0.5107	0.5168	0.4837	0.5317	0.6985	0.5053	0.5006	0.4993
0.4920	0.5104	0.5107	0.5168	0.4837	0.5317	0.6985	0.5053	0.5006	0.4993
0.4920	0.5104	0.5107	0.5168	0.4837	0.5317	0.5271	0.5089	0.5006	0.4993
0.4920	0.4957	0.5107	0.5168	0.4837	0.4894	0.5271	0.5089	0.5006	0.4993
0.4920	0.4957	0.5107	0.5168	0.4837	0.4894	0.5271	0.5089	0.5006	0.4993
0.4920	0.4957	0.5107	0.5168	0.4837	0.4894	0.5271	0.5089	0.5006	0.4993
0.4920	0.4957	0.5107	0.5168	0.4837	0.4894	0.5271	0.5089	0.5006	0.4993
0.4920	0.4957	0.5107	0.5168	0.4837	0.4894	0.5271	0.5089	0.5006	0.4993
0.4920	0.4957	0.5107	0.5168	0.4841	0.4894	0.5271	0.5089	0.5006	0.4993
0.4920	0.4957	0.5107	0.5168	0.4841	0.4894	0.5271	0.5089	0.5006	0.4993
0.4920	0.4957	0.5107	0.5168	0.4841	0.4894	0.5271	0.5089	0.5006	0.4993
0.4920	0.4957	0.5107	0.5168	0.4841	0.4894	0.5271	0.5089	0.5006	0.4993
0.4920	0.4957	0.5107	0.5168	0.4841	0.4894	0.5271	0.5089	0.5006	0.4993
0.4920	0.4957	0.5107	0.5168	0.4841	0.4894	0.5271	0.5089	0.5006	0.4993
0.4920	0.4957	0.5107	0.5168	0.4841	0.4894	0.5271	0.5089	0.5006	0.4993
0.4920	0.4957	0.5107	0.5168	0.4841	0.4894	0.5271	0.5089	0.5006	0.4993
0.4920	0.4957	0.5107	0.5168	0.4841	0.4894	0.5271	0.5089	0.5006	0.4993
0.4920	0.4957	0.5107	0.5168	0.4841	0.4894	0.5271	0.5035	0.5006	0.4993
0.4920	0.4957	0.5107	0.5168	0.4841	0.4894	0.5271	0.5035	0.5006	0.4993
0.4920	0.4957	0.5107	0.5168	0.4841	0.4894	0.5271	0.5035	0.5006	0.4993
0.4920	0.4957	0.5107	0.5168	0.4841	0.4894	0.5271	0.5035	0.5006	0.4993
0.4920	0.4957	0.5107	0.5168	0.4841	0.4894	0.5271	0.5035	0.5006	0.4993
0.4920	0.4957	0.5107	0.5168	0.4841	0.4894	0.5271	0.5035	0.5006	0.4993
0.4920	0.4957	0.5107	0.5168	0.4841	0.4894	0.5271	0.5035	0.4877	0.4993
0.5026	0.4957	0.5107	0.5168	0.4841	0.4894	0.5271	0.5035	0.4877	0.4993
0.5026	0.4957	0.5107	0.5168	0.4841	0.4894	0.5271	0.5035	0.4877	0.4993
0.5026	0.4957	0.5107	0.5168	0.4841	0.4894	0.5271	0.5035	0.4877	0.4993
0.5026	0.4957	0.5107	0.5088	0.4841	0.4894	0.5271	0.5035	0.4877	0.4993
0.5026	0.4957	0.5107	0.5088	0.4841	0.4894	0.5271	0.5035	0.4877	0.4993
0.5026	0.4957	0.5107	0.5088	0.4841	0.4894	0.5271	0.5035	0.4877	0.4993
0.5026	0.4957	0.5107	0.5088	0.4841	0.4894	0.5271	0.5035	0.4877	0.4993
0.5026	0.4957	0.5107	0.5088	0.4841	0.4894	0.5271	0.5035	0.4877	0.4993
0.5026	0.4957	0.5107	0.5088	0.4841	0.4894	0.5271	0.5035	0.4877	0.4993
0.5026	0.4957	0.5107	0.5088	0.4841	0.4894	0.5271	0.5035	0.4877	0.4993
0.5026	0.4957	0.5107	0.5088	0.4841	0.4894	0.5271	0.5035	0.4877	0.4993
0.5026	0.4957	0.5107	0.5088	0.4841	0.4894	0.5271	0.5035	0.4877	0.4993
0.5026	0.4957	0.5107	0.5088	0.4841	0.4894	0.5271	0.5035	0.4877	0.4993
0.5026	0.4957	0.5107	0.5088	0.4841	0.4894	0.5271	0.5035	0.4877	0.4993
0.5026	0.4957	0.5107	0.5088	0.4902	0.4894	0.5271	0.5035	0.4877	0.4993
0.5026	0.4957	0.4886	0.5088	0.4902	0.4894	0.5271	0.5035	0.4877	0.4993
0.5026	0.4957	0.4886	0.5088	0.4902	0.4894	0.5271	0.5035	0.4877	0.4993
0.5026	0.4957	0.4886	0.5088	0.4902	0.4894	0.5271	0.5035	0.4877	0.4993
0.5026	0.4957	0.4886	0.5088	0.5005	0.4894	0.5271	0.5035	0.4877	0.4993
