0.3244	0.8027	0.5527	0.7675	0.1530	0.4295	0.2300	0.4968	0.7169	0.3340
0.3067	1.0000	0.4915	0.1605	0.9907	0.7693	0.6890	1.0000	0.0000	0.8983
0.3067	0.0000	0.4991	0.6558	0.4334	0.0752	0.0000	0.7262	0.6859	0.5529
0.3067	0.5601	0.2260	0.1643	0.3156	0.0235	0.9817	0.7768	0.1037	0.4898
0.3067	0.8338	0.7517	0.0000	0.0000	0.7097	0.0000	0.5765	1.0000	0.5626
0.5067	0.5386	0.2952	0.5794	1.0000	0.6318	0.5576	0.6380	0.3950	0.7560
0.6224	0.5700	0.4103	0.5886	1.0000	0.6318	0.0000	0.0000	0.5510	0.3059
0.2635	0.8740	1.0000	0.4492	0.5672	0.6318	0.0000	0.0558	0.3679	0.0038
0.2434	1.0000	0.7649	0.0000	0.5672	0.5632	0.6359	1.0000	0.4945	1.0000
0.8258	0.6236	0.6500	0.6870	0.5672	0.5632	0.4258	0.8272	0.4945	0.3377
0.8258	0.7593	0.0000	0.4327	0.5672	1.0000	0.9097	0.6335	0.4945	0.6140
1.0000	0.4913	0.0000	0.4977	0.6286	0.5705	0.5477	0.6335	0.4945	0.5093
0.4979	0.6133	0.5613	0.4977	0.5119	0.5705	1.0000	0.3778	0.4945	0.5681
0.1595	0.7987	0.6910	0.4977	0.5119	0.5705	0.5556	0.3492	0.4945	0.5681
0.7003	1.0000	0.6910	0.4977	0.3607	0.5705	0.3746	0.5320	0.4945	0.5681
0.4399	0.4238	0.9316	0.4977	0.6243	0.2287	0.4330	0.3696	0.5730	0.5681
0.4399	0.7146	0.3031	0.4977	1.0000	0.5765	0.4330	0.3696	0.5730	0.5681
0.4922	0.7627	0.6967	0.4977	0.0000	0.0110	0.5727	0.5023	0.5730	0.5681
0.4922	0.4347	0.6967	0.4977	0.7747	0.5120	0.5727	0.5023	0.5730	0.5681
0.4922	0.4293	0.6967	0.4977	0.4415	0.5120	0.5727	0.5023	0.5730	0.3729
0.4922	0.4293	0.4289	0.4977	0.4415	0.4992	0.5727	0.5023	0.5730	0.3729
0.5014	0.4293	0.4289	0.6310	0.5772	0.4992	0.5727	0.3694	0.5730	0.3729
0.5014	0.0000	0.4289	0.6310	0.4259	0.4992	0.5727	0.3694	0.5801	0.3729
0.5014	0.5660	0.4289	0.6310	0.4259	0.4992	0.6440	0.3694	0.4268	0.3729
0.5014	0.8985	0.4289	0.6310	0.4259	0.4992	0.6440	0.5677	0.4268	0.3729
0.5014	1.0000	0.5010	0.6346	0.4259	0.4992	0.6440	0.5677	0.4268	0.3729
0.5014	0.2565	0.5010	0.6346	0.4259	0.5736	0.4516	0.5677	0.4268	0.3030
0.5014	0.5591	0.5010	0.6346	0.4259	0.4911	0.5103	0.5677	0.4268	0.2937
0.5014	0.5591	0.4346	0.6346	0.4259	0.4911	0.3647	0.5677	0.4268	0.2937
0.5014	0.9147	0.3062	0.6346	0.4259	0.4982	0.3647	0.5677	0.4268	0.5609
0.5014	0.3359	0.4272	0.6346	0.4259	0.6332	0.3647	0.5677	0.4268	0.5609
0.5014	0.0000	0.4294	0.6346	0.4259	0.6332	0.3647	0.5677	0.4268	0.4963
0.5014	0.0000	0.4294	0.6346	0.4259	0.6332	0.3647	0.5677	0.6374	0.4963
0.5014	0.3009	0.4402	0.6346	0.4877	0.6332	0.3647	0.5677	0.6374	0.4963
0.5014	0.3690	0.4402	0.6346	0.4877	0.6332	0.3647	0.5677	0.4995	0.4963
0.5014	0.0000	0.4402	0.6346	0.4877	0.6332	0.5051	0.5677	0.4995	0.4227
0.5014	0.5059	0.4402	0.6346	0.5054	0.6332	0.5051	0.5677	0.4995	0.4935
0.5014	0.5059	0.5020	0.6346	0.5054	0.6332	0.5051	0.5677	0.4995	0.4935
0.5014	0.5059	0.5020	0.6346	0.5054	0.6332	0.5051	0.5677	0.4995	0.4935
0.5014	0.5059	0.5020	0.4324	0.7578	0.6332	0.5051	0.5677	0.4995	0.4935
0.5014	0.5059	0.5020	0.4324	0.7578	0.6332	0.5051	0.5677	0.4995	0.4935
0.5014	0.5059	0.5020	0.4324	0.7578	0.6332	0.5051	0.5677	0.4995	0.4935
0.5014	0.5059	0.5020	0.4324	0.7578	0.6332	0.5051	0.5677	0.4995	0.4935
0.5014	0.5059	0.5020	0.4324	0.4964	0.6332	0.5051	0.5677	0.4995	0.5646
0.5014	0.5059	0.5020	0.4324	0.4964	0.5024	0.5051	0.5677	0.4995	0.5646
0.5014	0.5059	0.5020	0.4324	0.4351	0.5024	0.5051	0.4373	0.5075	0.5646
0.5014	0.5059	0.5020	0.4324	0.6362	0.5024	0.5051	0.4373	0.5075	0.5646
0.5014	0.5059	0.5020	0.4324	0.6362	0.4352	0.5051	0.4373	0.5075	0.5646
0.5014	0.5059	0.5020	0.4324	0.3576	0.4352	0.5051	0.4373	0.5075	0.6224
0.5014	0.5059	0.5020	0.4324	0.3576	0.4352	0.5051	0.4373	0.5075	0.6224
0.5014	0.5059	0.5020	0.4324	0.3576	0.4352	0.5051	0.4373	0.5075	0.6224
0.5014	0.5059	0.5020	0.4324	0.3576	0.4352	0.5051	0.4373	0.5075	0.6224
0.5014	0.5059	0.5020	0.4324	0.3576	0.4352	0.5051	0.4373	0.5075	0.2977
0.5014	0.5059	0.5020	0.4324	0.3576	0.4352	0.5051	0.4286	0.5075	0.5073
0.5014	0.5059	0.5020	0.4324	0.3576	0.4352	0.5051	0.4286	0.5075	0.3748
0.5014	0.5059	0.5020	0.4324	0.3576	0.4352	0.5051	0.4286	0.5075	0.3748
0.5014	0.5059	0.5020	0.4324	0.4325	0.4352	0.5051	0.4286	0.5075	0.3748
0.5014	0.5059	0.5020	0.4324	0.4325	0.4352	0.5051	0.4286	0.5075	0.5001
0.5014	0.5059	0.5020	0.4324	0.4325	0.4352	0.5051	0.4286	0.5075	0.5001
0.5014	0.5059	0.5020	0.4324	0.4325	0.4352	0.5051	0.4286	0.5020	0.5001
0.5014	0.5059	0.5020	0.4324	0.4325	0.4352	0.5051	0.4286	0.5020	0.5001
0.5014	0.5059	0.5020	0.4324	0.4325	0.4352	0.5051	0.4286	0.5020	0.5001
0.5014	0.5059	0.5020	0.4324	0.4325	0.4352	0.5051	0.4286	0.5020	0.5001
0.5014	0.5059	0.5020	0.4324	0.4360	0.4352	0.5051	0.4286	0.5020	0.5001
0.5014	0.5059	0.5020	0.4324	0.4360	0.4352	0.5051	0.4286	0.5020	0.4297
0.5014	0.5059	0.5020	0.4324	0.4360	0.4352	0.5051	0.4286	0.5020	0.5013
0.5014	0.5059	0.5020	0.4324	0.4360	0.4352	0.5051	0.4286	0.5020	0.5013
0.5014	0.5059	0.5020	0.4324	0.4360	0.4352	0.5051	0.4286	0.5020	0.5013
0.5014	0.5059	0.5020	0.4324	0.4360	0.4352	0.5051	0.4286	0.5020	0.5013
0.5014	0.5059	0.5020	0.4324	0.4360	0.4352	0.5051	0.4286	0.5020	0.5013
0.5014	0.5059	0.5020	0.4324	0.4360	0.4352	0.5051	0.4286	0.5020	0.5013
0.5014	0.5059	0.5020	0.4324	0.4360	0.4352	0.5051	0.4286	0.5020	0.5013
0.5014	0.5059	0.5020	0.4324	0.4360	0.4352	0.5051	0.4286	0.5020	0.5013
0.5014	0.5059	0.5020	0.4324	0.4360	0.4352	0.5051	0.4286	0.5020	0.5013
0.5014	0.5059	0.5020	0.4324	0.4360	0.5668	0.5051	0.5027	0.5020	0.5013
0.5014	0.5059	0.5020	0.4324	0.4360	0.5668	0.5051	0.5027	0.5020	0.5013
0.5014	0.5059	0.5020	0.4324	0.4360	0.5668	0.5051	0.5027	0.5020	0.5013
0.5014	0.5059	0.5020	0.4324	0.4360	0.5668	0.5051	0.5027	0.5020	0.5013
0.5014	0.5059	0.5020	0.4324	0.4360	0.5668	0.5051	0.5027	0.4982	0.5013
0.5014	0.5059	0.5020	0.4324	0.4360	0.5668	0.5051	0.5027	0.4982	0.5013
0.5014	0.4949	0.5020	0.4324	0.4360	0.5668	0.5051	0.5027	0.4982	0.5013
0.5014	0.4949	0.5020	0.4324	0.4360	0.5668	0.5051	0.5027	0.4982	0.5013
0.5014	0.4949	0.5020	0.4324	0.4360	0.5668	0.5051	0.5027	0.4982	0.5013
0.5014	0.4949	0.5020	0.4324	0.4360	0.5668	0.5051	0.5027	0.4982	0.5013
0.5014	0.4949	0.5020	0.4324	0.4360	0.5668	0.5051	0.5027	0.4982	0.5013
0.5014	0.4949	0.5020	0.4324	0.4360	0.5668	0.5051	0.5027	0.4982	0.5013
0.5014	0.4949	0.5020	0.4324	0.4360	0.5668	0.5051	0.5027	0.4982	0.5013
0.5014	0.4949	0.5020	0.4324	0.4360	0.5668	0.5051	0.5027	0.4982	0.5013
0.5014	0.4949	0.5020	0.4324	0.4360	0.5668	0.5051	0.5027	0.4982	0.5013
0.5014	0.4949	0.5020	0.4324	0.4360	0.5668	0.5051	0.5027	0.4982	0.5013
0.5014	0.4949	0.5020	0.4324	0.4360	0.5668	0.5051	0.5027	0.4982	0.5013
0.5014	0.4949	0.5026	0.4324	0.4360	0.5668	0.5051	0.5027	0.4982	0.5013
0.5014	0.4949	0.5026	0.4324	0.4360	0.5668	0.5051	0.5027	0.4982	0.5013
0.5014	0.4949	0.5026	0.4324	0.4360	0.5668	0.5051	0.5027	0.4982	0.5013
0.5014	0.4949	0.5026	0.4324	0.4360	0.5668	0.5051	0.5027	0.4982	0.5013
0.5014	0.4949	0.5026	0.4324	0.4360	0.5668	0.5051	0.5027	0.4982	0.5013
0.5014	0.4949	0.5026	0.4324	0.4360	0.5668	0.5051	0.5027	0.4982	0.5013
0.5014	0.4949	0.5026	0.4324	0.4360	0.5668	0.4318	0.5027	0.4982	0.5013
0.5014	0.4949	0.5026	0.4324	0.4360	0.5668	0.4318	0.5027	0.4982	0.5013
0.5014	0.4990	0.5026	0.4324	0.4360	0.5668	0.4318	0.5027	0.4982	0.5013
0.5014	0.4990	0.5026	0.4324	0.4360	0.5668	0.4318	0.5027	0.4982	0.5013
