0.3958	0.4029	0.5130	0.9491	0.5649	0.7344	0.5197	0.9967	0.2265	0.0929
0.7010	0.0000	0.4904	0.3651	0.8803	0.5527	1.0000	0.7605	0.5294	0.5341
0.5427	0.9565	0.4765	0.4129	0.9607	0.3127	0.3497	0.3505	0.4428	0.5760
0.4775	0.3900	0.1139	0.1900	0.3699	0.8195	0.0000	0.0000	0.3652	0.0000
0.6826	0.5952	0.3980	0.4407	0.0857	0.2077	0.0775	1.0000	0.4179	0.5169
0.4644	0.2903	0.8322	0.1096	0.3648	0.2101	0.3122	0.4365	0.3968	0.8998
0.5561	1.0000	0.5481	0.7324	0.2957	1.0000	0.4865	0.9171	0.6178	0.4826
0.5630	0.8715	0.8042	0.5744	0.3803	1.0000	0.7961	0.5190	0.3100	0.4766
0.4259	0.0000	0.0000	0.5910	0.5494	0.4662	0.5952	0.4943	0.7018	0.4134
0.4847	1.0000	0.1953	0.6070	1.0000	0.4848	0.5732	0.5834	1.0000	0.4434
0.0000	0.5676	0.4518	1.0000	0.0000	0.3419	0.6262	0.5062	0.4919	1.0000
0.1191	0.4915	0.0000	0.6326	0.9260	1.0000	0.4614	1.0000	0.3809	0.3785
0.3544	0.3963	0.4634	0.3704	0.7328	0.6486	0.3457	0.5487	0.9231	0.5985
0.9869	0.5154	0.7518	0.4281	0.4767	0.4906	0.7842	0.3507	0.0000	0.4258
0.4562	0.5879	0.0000	0.4816	0.6414	0.4836	0.4461	0.4767	0.0000	0.8181
0.6473	0.4400	1.0000	0.3855	0.4164	0.4836	0.4461	0.4276	0.5960	0.4271
0.2737	0.8624	0.7704	0.9737	0.3348	0.2527	0.4913	0.5184	0.5397	0.4092
0.4334	0.5507	0.4659	0.4546	0.8117	0.3122	0.4252	0.7025	0.6080	0.4032
0.6081	0.5559	0.4558	0.0000	0.4708	0.4329	0.5104	0.2773	0.5207	0.4575
0.6361	0.5392	0.4558	0.6408	0.5362	0.0000	0.5104	0.8193	0.5582	1.0000
0.5208	0.4448	0.5645	0.6176	0.7324	0.6404	0.5104	0.5010	0.5028	0.5191
0.5078	0.5117	0.5108	0.4029	1.0000	0.6322	0.4495	0.2088	0.5028	0.5091
0.4586	0.4565	0.1682	0.5636	0.5734	0.5794	0.4661	0.7720	0.0000	0.3669
0.4586	0.4565	0.4053	0.6545	0.1919	1.0000	0.4749	0.6920	0.5074	0.4427
0.1010	0.5605	0.5379	0.5218	0.4299	0.8479	0.5227	0.6949	0.4392	0.4427
0.4629	0.8858	0.5195	0.4556	0.2845	0.5451	0.5523	0.5846	0.4392	0.3802
0.4629	1.0000	0.5087	0.4599	0.4453	0.6643	0.4499	0.4709	0.4392	0.6149
0.0388	0.4855	0.8770	0.4599	0.6252	0.5253	0.3598	0.4564	0.4392	0.5318
0.5726	0.4780	0.5570	0.3809	0.0306	0.5166	0.5506	0.3952	0.6613	0.7171
0.5652	0.4690	0.6124	0.3816	0.4469	0.5166	0.4003	0.5324	0.7739	0.6548
0.5652	0.2538	0.5148	0.4944	0.7153	0.4451	0.5071	0.5324	0.4911	0.5118
0.3095	0.2522	0.5087	0.4944	0.5709	0.4977	0.5103	0.5102	0.6262	0.4734
0.3292	0.0000	0.4407	0.4944	0.5709	0.4395	0.5103	0.4426	0.6455	0.6697
0.4967	0.6295	0.4407	0.5716	0.5709	0.5522	0.5528	0.3761	1.0000	0.5459
0.8446	0.6033	0.8261	0.4014	0.5709	0.5522	0.5528	0.5436	0.4752	0.5459
0.5000	0.4077	0.6647	0.4014	0.5985	0.3752	0.5528	0.5160	0.4892	0.5996
0.4633	0.3767	0.5335	0.5109	0.4526	0.5510	0.5528	0.5160	0.4548	0.5492
0.4633	0.6225	0.4879	0.5388	0.4482	0.5060	0.5528	0.5160	0.4201	0.5747
0.5076	0.4527	0.6223	0.5388	0.4482	0.5060	0.5528	0.6050	0.4786	0.5747
0.5076	0.4527	0.5692	0.5895	0.4482	0.5060	0.5528	0.6050	0.4786	0.4425
0.5076	0.5514	0.5386	0.5929	0.4482	0.5060	0.5742	0.6111	0.4470	0.6010
0.4049	0.5004	0.4295	0.4579	0.4482	0.5060	0.4877	0.3947	0.4470	0.4685
0.4049	0.6115	0.6426	0.6007	0.3886	0.5060	0.5323	0.4705	0.4906	0.3096
0.4049	0.6115	0.3878	0.4142	0.4044	0.5453	0.5323	0.4899	0.4906	0.4667
0.4819	0.5204	0.6112	0.5214	0.3986	0.5453	0.5323	0.4899	0.4118	0.4232
0.4819	0.5204	0.6112	0.5341	0.3816	0.5016	0.5323	0.4899	0.4610	0.4013
0.4213	0.4416	0.4684	0.4519	0.6449	0.4549	0.5323	0.5838	0.4807	0.5187
0.4491	0.5274	0.4684	0.5081	0.4435	0.4549	0.5259	0.5473	0.4807	0.5620
0.4491	0.4673	0.5850	0.5081	0.4435	0.4549	0.5259	0.5522	0.4807	0.5634
0.4491	0.5874	0.4436	0.6553	0.4248	0.4549	0.5259	0.4792	0.4807	0.5634
0.4139	0.5874	0.4436	0.2578	0.4420	0.4549	0.4199	0.5332	0.5889	0.4513
0.5087	0.5874	0.4752	0.8456	0.4420	0.4549	0.4199	0.4704	0.5889	0.5999
0.5087	0.5874	0.4752	0.4255	0.4420	0.5283	0.4199	0.5949	0.5889	0.4795
0.5388	0.5874	0.4752	0.6086	0.5477	0.5283	0.6269	0.5210	0.4634	0.5826
0.5388	0.5874	0.4752	0.4803	0.4452	0.5037	0.6269	0.4758	0.4934	0.4626
0.5388	0.4314	0.4752	0.4803	0.4981	0.5037	0.5815	0.5307	0.4934	0.5571
0.5388	0.4314	0.4752	0.5021	0.5467	0.5037	0.4090	0.5307	0.5217	0.5571
0.5388	0.4314	0.4972	0.6316	0.5467	0.4425	0.4090	0.4642	0.5217	0.5875
0.5388	0.4318	0.4499	0.6316	0.4539	0.4772	0.5557	0.4281	0.5217	0.5841
0.5388	0.6278	0.4499	0.6316	0.4539	0.5353	0.5057	0.4416	0.4476	0.5841
0.4739	0.6278	0.4499	0.5500	0.4539	0.4090	0.5057	0.4229	0.4476	0.5292
0.4971	0.6684	0.5519	0.5500	0.3976	0.4090	0.4443	0.5100	0.4574	0.5898
0.4971	0.4643	0.5519	0.5368	0.5288	0.4090	0.4824	0.4310	0.4574	0.4668
0.4971	0.4643	0.4214	0.5776	0.5288	0.4306	0.4824	0.4310	0.4982	0.4668
0.4971	0.4643	0.4214	0.5776	0.3945	0.4306	0.4824	0.4663	0.4982	0.4978
0.4971	0.4697	0.5511	0.5776	0.5762	0.4306	0.4824	0.4663	0.4982	0.4978
0.5423	0.4697	0.4960	0.5776	0.5762	0.4620	0.4824	0.4663	0.4982	0.5549
0.5423	0.4697	0.4960	0.4468	0.5762	0.4620	0.4824	0.4090	0.4954	0.5549
0.5423	0.4697	0.4856	0.4468	0.3627	0.4620	0.4614	0.5258	0.4954	0.5005
0.5423	0.4697	0.4856	0.5602	0.3627	0.5641	0.4614	0.5258	0.4954	0.5005
0.5423	0.4697	0.4956	0.5602	0.4516	0.5334	0.4056	0.5258	0.4954	0.5005
0.5423	0.5201	0.4956	0.5602	0.4516	0.5334	0.4056	0.5258	0.4954	0.5005
0.5423	0.4763	0.4688	0.5602	0.4516	0.5334	0.4525	0.4777	0.4542	0.5005
0.5423	0.4763	0.4688	0.5602	0.5500	0.5334	0.4525	0.3804	0.4590	0.4691
0.5423	0.4763	0.4169	0.5602	0.5500	0.5334	0.5448	0.4157	0.4590	0.5395
0.5139	0.4763	0.4169	0.5602	0.5500	0.5334	0.5448	0.6161	0.4918	0.4474
0.5139	0.4763	0.4028	0.5083	0.4476	0.5537	0.5448	0.6161	0.4918	0.5526
0.5139	0.4763	0.5580	0.5083	0.5084	0.5537	0.5448	0.5353	0.4918	0.5526
0.5139	0.4763	0.5580	0.6000	0.4885	0.5537	0.5448	0.5353	0.4918	0.5526
0.5811	0.4763	0.5580	0.6000	0.4885	0.5537	0.5448	0.5353	0.4918	0.5526
0.5642	0.4763	0.5580	0.6000	0.4885	0.5537	0.5448	0.5353	0.4918	0.5912
0.5642	0.4763	0.5784	0.4689	0.4807	0.5537	0.5448	0.5353	0.4918	0.4226
0.5167	0.5218	0.5784	0.4689	0.4807	0.5537	0.5448	0.5353	0.4918	0.4720
0.5167	0.5218	0.5784	0.4689	0.4807	0.5537	0.5448	0.5353	0.4918	0.5552
0.4707	0.5218	0.5877	0.4689	0.4925	0.5537	0.5448	0.5353	0.4918	0.5191
0.4707	0.5218	0.5877	0.5243	0.4925	0.4558	0.5448	0.5353	0.4918	0.5191
0.4707	0.5218	0.4851	0.5243	0.4925	0.5041	0.5448	0.5353	0.4918	0.4758
0.4707	0.5218	0.4851	0.5243	0.4408	0.4933	0.5450	0.5353	0.4918	0.5552
0.4707	0.5218	0.4851	0.5243	0.4408	0.4933	0.5450	0.5353	0.4918	0.5552
0.4707	0.5218	0.5360	0.5243	0.5399	0.4933	0.4901	0.5353	0.4918	0.5552
0.4707	0.5218	0.5360	0.4845	0.5399	0.4624	0.5096	0.5353	0.4918	0.5552
0.4707	0.5218	0.5360	0.4845	0.5399	0.4624	0.5300	0.5353	0.4918	0.5552
0.4707	0.5218	0.4464	0.4847	0.5399	0.4624	0.5300	0.5353	0.4918	0.5552
0.4707	0.5218	0.4464	0.5085	0.5399	0.4624	0.5300	0.5353	0.5580	0.5552
0.5047	0.5218	0.4464	0.5159	0.4822	0.4624	0.5300	0.5353	0.5236	0.5552
0.5149	0.5218	0.4464	0.5159	0.4822	0.4624	0.5300	0.5583	0.5118	0.5552
0.5149	0.5218	0.4464	0.5159	0.4822	0.4624	0.5300	0.5583	0.5118	0.5552
0.5149	0.5218	0.4464	0.5159	0.4991	0.4624	0.5300	0.4625	0.5118	0.5552
0.5149	0.5218	0.4464	0.5159	0.4991	0.4624	0.5300	0.4625	0.5118	0.5552
0.5149	0.5218	0.4464	0.5159	0.4991	0.4624	0.5300	0.5094	0.4775	0.5848
0.5149	0.5218	0.4464	0.5159	0.4991	0.4624	0.5300	0.5094	0.4775	0.5848
