0.2037	0.5565	0.1758	0.1939	0.8653	0.1827	0.7537	0.2730	0.3682	0.2243	0.2063	0.3768	0.9964	0.7606	0.5195	0.3368	0.6374	0.3212	0.9890	0.2494
0.2672	0.0000	0.6042	0.7295	1.0000	0.4550	1.0000	1.0000	0.3116	0.3789	1.0000	0.6176	0.6992	0.0000	0.5079	0.5148	0.7291	0.2345	0.4893	0.0000
0.7624	0.0000	0.0000	0.3733	0.3358	0.2879	0.4972	0.7514	0.6654	0.5087	0.5064	1.0000	0.0000	0.2668	0.0000	0.5210	1.0000	0.3758	0.5748	0.7380
0.7551	0.0000	0.6045	0.3770	0.4979	0.3686	0.5089	0.0583	0.4915	0.5625	0.1002	0.2101	0.4931	0.4589	1.0000	0.3895	0.0000	0.1571	0.4852	0.0744
0.0978	0.8050	0.4974	0.1430	1.0000	0.0000	0.6121	0.7272	0.4915	0.3993	0.5933	0.7913	0.4931	0.4763	0.5629	0.3113	0.1075	0.7104	0.4183	1.0000
0.2584	0.3176	0.3208	0.3372	0.4575	0.5684	0.6301	1.0000	0.4915	0.7735	0.4845	0.5724	0.4931	0.9735	0.5629	0.0000	0.8316	1.0000	0.9493	0.6344
1.0000	0.2756	0.6810	0.2069	0.4956	1.0000	0.7476	0.0621	0.3245	0.7261	0.0000	0.6666	0.4931	0.4207	0.0521	0.4854	0.0000	0.6728	0.6194	0.6040
0.6476	0.5563	0.6697	0.6249	0.7626	0.2633	0.4877	0.0000	0.3245	0.6097	0.5922	0.5051	0.3311	0.3096	0.2488	1.0000	0.5476	0.5279	0.2644	1.0000
0.7106	0.5563	0.6697	0.4322	0.0496	0.2633	0.3835	0.4954	0.4432	0.6708	0.4853	0.5051	0.3311	0.7966	0.3918	0.6525	0.5476	0.4484	0.0000	0.9626
0.5370	0.4975	0.4941	0.5571	0.4266	0.4699	0.1084	0.3735	0.4432	0.6708	0.4853	0.5051	0.6834	0.6883	0.4397	0.5821	0.5476	0.5005	0.6240	0.7439
0.0000	0.4975	0.6175	1.0000	0.3878	0.5624	0.6277	0.3809	0.4432	0.6083	0.4446	0.5051	0.6834	0.3822	0.4397	0.3868	0.3191	0.6125	0.9365	0.1056
0.0592	0.9175	0.4939	1.0000	0.7528	0.5624	0.6277	0.3544	0.4432	0.1658	0.4446	0.3823	0.6834	0.6826	0.4397	0.3868	0.3191	0.0000	1.0000	0.9779
0.2531	0.1503	0.4939	0.3351	0.8694	1.0000	0.7999	0.3194	0.4432	0.4440	0.4446	0.6753	0.6834	0.0000	0.4397	0.7956	0.7277	0.4507	0.5047	0.7420
0.0670	0.0000	0.4939	0.4584	0.8454	0.4464	0.6147	1.0000	0.4432	0.4433	0.4446	0.5261	0.3890	0.3241	0.4397	0.5133	0.3846	0.3191	0.2463	0.0000
0.0000	0.4436	0.4939	0.0000	0.9397	0.4464	0.6126	0.6978	0.4432	0.4433	0.3841	0.8339	0.3890	0.3241	0.4397	0.3304	0.0000	1.0000	0.4812	0.7233
0.5061	0.4436	0.4313	0.6691	0.8051	0.4464	0.6126	0.3780	0.4432	0.3777	0.3841	0.0000	0.3890	0.3232	0.4397	0.6710	0.5131	0.7005	0.5168	0.6076
0.5061	0.5096	0.4313	0.4987	0.6162	0.4464	0.5040	1.0000	0.4432	1.0000	0.3841	0.3861	0.3890	0.7232	0.4397	0.5094	0.6762	0.6429	0.0000	0.8415
0.5061	0.5096	0.4313	0.6156	0.6162	0.4464	0.5040	0.9222	0.5024	0.5634	0.3841	0.4327	0.3890	0.4295	0.4397	0.4483	0.6762	0.0000	0.6757	0.5581
0.5061	0.5629	0.4313	0.4371	0.3951	0.4464	0.5533	0.5615	0.5024	0.6767	0.3841	0.6249	0.3890	1.0000	0.4397	0.5558	0.6762	1.0000	0.6757	0.5581
0.4418	0.5665	0.3850	0.4371	0.6753	0.4464	0.7907	0.6711	0.5024	0.6087	0.6784	0.3986	0.3890	0.0000	0.4397	0.5558	0.6762	0.3990	0.6757	0.5581
0.4418	0.7270	0.3899	0.4496	0.6753	0.6214	0.6392	0.9963	0.5024	0.6711	0.6784	0.7682	0.3890	0.6074	0.4397	0.5558	0.6762	1.0000	0.6757	0.5581
0.4418	0.5604	0.3899	0.4496	0.5005	0.7252	0.4362	0.5139	0.5024	0.2087	0.6784	0.4549	0.3890	0.6074	0.4397	0.5558	0.6762	0.6646	0.6757	0.5581
0.4418	0.6069	0.4538	0.6812	0.5005	0.3744	0.3245	0.5139	0.5024	0.4996	0.6784	0.7576	0.6114	0.6074	0.4397	0.5558	0.6762	1.0000	0.6757	0.5581
0.4418	0.5544	0.4485	0.6812	0.5005	0.0857	0.4377	0.7957	0.5024	0.6181	0.4165	0.3454	0.6114	0.6074	0.4397	0.5558	0.6762	0.3853	0.6757	0.5581
0.4418	0.5544	0.3903	0.5605	0.5005	1.0000	0.3250	0.6127	0.5024	0.3883	0.3180	0.5171	0.6114	0.6074	0.4397	0.5558	0.6762	0.6193	0.6757	0.4427
0.4418	0.5544	0.3903	0.5605	0.5583	0.4355	0.3250	0.7239	0.5655	0.4389	0.6789	0.9462	0.6114	0.6074	0.4397	0.5558	0.6762	0.6193	0.6757	0.4427
0.4418	0.6707	0.3903	0.4445	0.4504	0.4355	0.3250	0.6216	0.5655	0.4389	0.5019	0.6756	0.6114	0.6074	0.4397	0.5558	0.6762	0.6193	0.3927	0.5643
0.5089	0.6707	0.3903	0.6094	0.3796	0.4355	0.3250	0.5058	0.5655	0.4389	0.2603	0.3117	0.6114	0.6802	0.4397	0.5558	0.6762	0.7297	0.3927	0.5643
0.5089	0.5537	0.3903	0.6167	0.3796	0.4355	0.6788	0.5058	0.5655	0.4481	0.2603	0.5505	0.6141	0.6802	0.5611	0.5558	0.6762	0.6232	0.3927	0.5643
0.5089	0.5537	0.3903	0.5893	0.3796	0.4355	0.6730	0.5058	0.5655	0.4481	0.2603	0.3728	0.6141	0.3821	0.5611	0.5558	0.6762	0.6232	0.3927	0.5643
0.4438	0.3848	0.4497	0.3959	0.3796	0.4355	0.6730	0.5058	0.5655	0.4481	0.5023	0.3728	0.6141	0.3821	0.5611	0.5558	0.6762	0.4378	0.5023	0.4944
0.4438	0.3848	0.4460	0.2695	0.3796	0.4355	0.2101	0.5058	0.5655	0.4481	0.5023	0.3728	0.6141	0.3821	0.5611	0.5558	0.3822	0.4378	0.5023	0.4944
0.3899	0.3848	0.4460	0.2695	0.3796	0.4355	0.6680	0.5058	0.5655	0.3366	0.5023	0.3728	0.6141	0.3821	0.3821	0.5558	0.3822	0.4378	0.4325	0.4944
0.3899	0.5423	0.4460	0.2695	0.4345	0.4355	0.6680	0.5058	0.5655	0.6193	0.5023	0.3728	0.6141	0.3821	0.3821	0.5558	0.5084	0.6197	0.4325	0.4944
0.3899	0.5425	0.3213	0.2695	0.4345	0.4355	0.4987	0.5058	0.5655	0.6193	0.5023	0.6712	0.6141	0.3821	0.5030	0.5558	0.5084	0.6808	0.4325	0.5078
0.2088	0.4389	0.5516	0.3319	0.4406	0.4355	0.3918	0.5058	0.4999	0.6193	0.5023	0.6712	0.6141	0.3821	0.5030	0.5558	0.5084	0.6808	0.4325	0.5078
0.2088	0.4389	0.4978	0.3319	0.4406	0.4355	0.6141	0.5058	0.4999	0.6193	0.5023	0.6712	0.6141	0.3821	0.5030	0.5558	0.5084	0.6808	0.4325	0.5078
0.2088	0.4389	0.4978	0.7876	0.6734	0.4355	0.6141	0.5058	0.3806	0.6193	0.5023	0.6712	0.6141	0.3821	0.5030	0.5558	0.5084	0.6808	0.4325	0.5078
0.6685	0.4389	0.4978	0.6690	0.6734	0.4355	0.6167	0.5058	0.3806	0.6193	0.5023	0.6712	0.6141	0.3821	0.5030	0.5558	0.5084	0.6808	0.5512	0.5078
0.6685	0.4389	0.4978	0.6791	0.6734	0.4355	0.6167	0.5058	0.3806	0.6193	0.5023	0.6712	0.6141	0.3821	0.5030	0.5558	0.5084	0.6808	0.5512	0.5604
0.5073	0.4389	0.4978	0.6791	0.6734	0.4355	0.6167	0.5058	0.3806	0.6193	0.5023	0.6712	0.6141	0.3821	0.5030	0.5558	0.5084	0.6808	0.5512	0.5604
0.5073	0.4389	0.4978	0.6791	0.6734	0.4355	0.6167	0.5058	0.3806	0.4958	0.5023	0.6712	0.6141	0.3821	0.5030	0.5558	0.5084	0.6218	0.5512	0.5604
0.5073	0.4389	0.4978	0.6791	0.6785	0.4355	0.6167	0.5058	0.3806	0.4958	0.5023	0.6712	0.6141	0.3821	0.5030	0.5558	0.4486	0.3934	0.5512	0.5604
0.5073	0.4389	0.4978	0.5485	0.6785	0.4355	0.6167	0.5058	0.3806	0.4958	0.5023	0.6712	0.6141	0.3821	0.5030	0.5558	0.4486	0.3934	0.5512	0.5604
0.5073	0.4389	0.4978	0.3235	0.3935	0.4355	0.6167	0.5058	0.3806	0.4958	0.5023	0.6712	0.6141	0.3821	0.5030	0.5558	0.4486	0.3858	0.4303	0.5604
0.5073	0.4389	0.4978	0.3235	0.3783	0.4355	0.6167	0.5058	0.3806	0.4958	0.5023	0.6712	0.6141	0.3821	0.5030	0.5558	0.4486	0.3858	0.4303	0.5604
0.5073	0.4389	0.4978	0.3235	0.3783	0.4355	0.6167	0.5058	0.3806	0.4958	0.3825	0.6712	0.6141	0.3821	0.5030	0.5558	0.4486	0.3858	0.4303	0.5604
0.5073	0.4389	0.4978	0.3235	0.3783	0.4355	0.4906	0.5058	0.3806	0.4958	0.3825	0.6712	0.6141	0.3821	0.5030	0.5558	0.4486	0.3858	0.6121	0.5604
0.5073	0.4389	0.4978	0.3235	0.5572	0.5028	0.4906	0.5058	0.3806	0.4958	0.6780	0.6712	0.6141	0.3821	0.5030	0.5558	0.4486	0.6758	0.6121	0.5604
0.5073	0.4389	0.4978	0.3235	0.5572	0.5028	0.4906	0.5058	0.3806	0.4958	0.6780	0.6712	0.6141	0.3821	0.5030	0.5558	0.4486	0.6758	0.6121	0.5604
0.6203	0.4389	0.4978	0.5548	0.5572	0.5028	0.4906	0.5058	0.4348	0.4958	0.4945	0.6712	0.6141	0.3821	0.5030	0.5558	0.4486	0.6758	0.6121	0.5604
0.6203	0.4389	0.4978	0.5548	0.5572	0.5028	0.4906	0.5058	0.4348	0.4958	0.4945	0.6712	0.6141	0.3821	0.5030	0.5558	0.4486	0.6758	0.6121	0.5657
0.6203	0.4389	0.6149	0.5548	0.5572	0.5028	0.4906	0.5058	0.3266	0.4958	0.4945	0.6712	0.6141	0.3821	0.5030	0.5558	0.4486	0.4321	0.6121	0.5657
0.6203	0.4389	0.4943	0.5548	0.5572	0.5000	0.4906	0.5058	0.3266	0.4958	0.4945	0.6712	0.6141	0.3821	0.5030	0.5558	0.4486	0.4321	0.6121	0.5657
0.6203	0.4389	0.4943	0.5548	0.5572	0.5000	0.4906	0.5058	0.5020	0.4958	0.4945	0.5621	0.6141	0.3821	0.5030	0.5558	0.4486	0.5553	0.6121	0.5657
0.6203	0.4389	0.4943	0.5548	0.5572	0.5000	0.4906	0.5058	0.5020	0.4958	0.4945	0.5621	0.6141	0.3821	0.5030	0.5558	0.4486	0.5619	0.6121	0.5657
0.6203	0.4389	0.4943	0.5548	0.5572	0.5000	0.4906	0.5058	0.5020	0.4958	0.4945	0.5621	0.6141	0.3821	0.4969	0.5558	0.4486	0.5619	0.5038	0.4443
0.6203	0.4389	0.4943	0.5548	0.5572	0.5000	0.4906	0.5058	0.5020	0.4958	0.4945	0.5621	0.6141	0.3821	0.4969	0.5558	0.4486	0.5619	0.5038	0.4443
0.6203	0.4389	0.4943	0.5548	0.5572	0.5000	0.4906	0.5058	0.5020	0.4958	0.6154	0.5621	0.6141	0.3821	0.4969	0.5558	0.4486	0.5619	0.5038	0.4443
0.6203	0.4389	0.4943	0.5548	0.5572	0.5000	0.4906	0.5058	0.5020	0.4958	0.6154	0.5621	0.6141	0.3821	0.4969	0.5558	0.4486	0.5619	0.5038	0.4443
0.6203	0.4389	0.4947	0.5548	0.5572	0.5000	0.4906	0.5058	0.5020	0.5037	0.6154	0.5621	0.6141	0.3821	0.4969	0.5558	0.4486	0.5558	0.5038	0.4443
0.6203	0.4389	0.4947	0.5548	0.5572	0.5000	0.4906	0.5058	0.5020	0.5037	0.6154	0.5621	0.6141	0.3821	0.4969	0.5558	0.4486	0.5558	0.5038	0.4443
0.6203	0.4389	0.3263	0.5548	0.5572	0.5000	0.4906	0.5058	0.5020	0.5037	0.4999	0.4392	0.6141	0.3821	0.4969	0.5558	0.4486	0.5558	0.5038	0.4443
0.6203	0.4389	0.3263	0.5548	0.5572	0.5000	0.4906	0.5058	0.5020	0.4408	0.4999	0.4392	0.4412	0.3821	0.4969	0.5558	0.4390	0.4368	0.5038	0.4443
0.6203	0.4389	0.3263	0.5548	0.5572	0.5000	0.4906	0.5058	0.5539	0.4408	0.4999	0.4392	0.4412	0.3821	0.4969	0.5558	0.4390	0.4368	0.5038	0.4443
0.6203	0.4389	0.3263	0.5548	0.5572	0.5000	0.4906	0.5058	0.5539	0.4408	0.4999	0.4392	0.4412	0.3821	0.4969	0.5558	0.4390	0.4368	0.5038	0.4443
0.6203	0.4389	0.3263	0.5548	0.5572	0.5000	0.4906	0.5058	0.5539	0.4408	0.4999	0.4392	0.4412	0.3821	0.4969	0.5558	0.4390	0.4368	0.5038	0.4443
0.6203	0.4389	0.3263	0.5548	0.5572	0.5000	0.4906	0.5058	0.5539	0.4408	0.4999	0.4392	0.4412	0.3821	0.4969	0.5558	0.4390	0.4368	0.5038	0.4443
0.6203	0.4389	0.3263	0.5548	0.5572	0.5000	0.4906	0.5058	0.5539	0.4408	0.4999	0.4392	0.4412	0.3821	0.4969	0.4396	0.4390	0.4368	0.5038	0.4443
0.6203	0.4389	0.3263	0.5548	0.5572	0.5000	0.4906	0.5058	0.5539	0.4408	0.4999	0.4392	0.4412	0.3821	0.4969	0.4396	0.4390	0.4368	0.5038	0.4443
0.6203	0.4389	0.3263	0.5548	0.5572	0.5000	0.4906	0.5058	0.5539	0.4408	0.4999	0.4392	0.4412	0.4436	0.4969	0.4396	0.4390	0.4368	0.5038	0.4443
0.6203	0.4389	0.3263	0.5548	0.5572	0.5000	0.4906	0.5058	0.5539	0.4408	0.4999	0.4392	0.4412	0.4436	0.4969	0.4396	0.4390	0.4368	0.5038	0.4443
0.6203	0.4389	0.3263	0.5548	0.5572	0.5000	0.4906	0.5058	0.5539	0.4408	0.4999	0.4392	0.4412	0.4436	0.4969	0.4396	0.4390	0.4368	0.5038	0.4443
0.6203	0.4389	0.3263	0.5548	0.5572	0.5000	0.4906	0.5058	0.5539	0.4408	0.4999	0.4392	0.4412	0.4436	0.4969	0.4396	0.4390	0.4368	0.5038	0.4443
0.6203	0.4389	0.3263	0.5548	0.5572	0.5000	0.4906	0.5058	0.5539	0.4408	0.4999	0.4392	0.4412	0.4436	0.4969	0.4396	0.4390	0.4368	0.5038	0.4443
0.6203	0.4389	0.3263	0.5548	0.5572	0.5000	0.5576	0.5058	0.5539	0.4408	0.4999	0.4392	0.4412	0.4436	0.4969	0.4396	0.4390	0.3890	0.5038	0.4443
0.6203	0.4389	0.4485	0.5548	0.5572	0.5000	0.5576	0.5058	0.5539	0.4408	0.4999	0.4392	0.4412	0.6183	0.4969	0.4396	0.4390	0.3890	0.5038	0.4443
0.6203	0.4389	0.4485	0.5548	0.6142	0.5000	0.5576	0.5058	0.5539	0.4408	0.4999	0.4392	0.4412	0.6183	0.4969	0.4396	0.4390	0.3890	0.5038	0.4443
0.6203	0.4389	0.4485	0.5548	0.3825	0.5000	0.5576	0.5058	0.5539	0.4408	0.4999	0.4392	0.4412	0.6183	0.4969	0.4396	0.4390	0.3890	0.5038	0.4443
0.6203	0.4389	0.4485	0.5548	0.3825	0.5000	0.5576	0.5058	0.5539	0.4408	0.4999	0.4392	0.4412	0.6183	0.4969	0.4396	0.4390	0.3890	0.5038	0.4443
0.6203	0.4389	0.4485	0.5548	0.3825	0.5000	0.5576	0.5058	0.5539	0.4408	0.4999	0.4392	0.4412	0.6183	0.4969	0.4396	0.4390	0.3890	0.5038	0.4443
0.6203	0.4389	0.4485	0.5548	0.3825	0.5000	0.5576	0.5058	0.5539	0.4408	0.4999	0.4392	0.4412	0.6183	0.4969	0.4396	0.4390	0.3890	0.5038	0.4443
0.6203	0.4389	0.4485	0.5548	0.3825	0.5000	0.5576	0.5058	0.5539	0.4408	0.4999	0.4392	0.4412	0.6183	0.4969	0.4396	0.4390	0.3890	0.4952	0.4443
0.5600	0.4389	0.4485	0.5548	0.3825	0.5000	0.5576	0.5058	0.5539	0.4408	0.4999	0.4392	0.4412	0.6183	0.4969	0.4396	0.4390	0.3890	0.4952	0.4443
0.5600	0.4389	0.4485	0.5548	0.3825	0.5000	0.5576	0.5058	0.5539	0.4408	0.4999	0.4392	0.4412	0.6183	0.4969	0.4396	0.4390	0.3890	0.4952	0.4443
0.5600	0.4389	0.4485	0.5548	0.3825	0.5000	0.5576	0.5058	0.5539	0.4408	0.4999	0.4392	0.4412	0.6183	0.4969	0.4396	0.4390	0.3890	0.4952	0.4443
0.5600	0.4389	0.4485	0.5548	0.3825	0.5000	0.5576	0.5058	0.5539	0.4408	0.4999	0.4392	0.4412	0.6183	0.4969	0.4396	0.4390	0.3890	0.4952	0.4443
0.5600	0.4389	0.4485	0.5548	0.4423	0.5000	0.5576	0.5058	0.5539	0.4408	0.4999	0.4392	0.4412	0.4986	0.4969	0.4396	0.4390	0.4357	0.4952	0.4443
0.5600	0.4389	0.4485	0.5548	0.4423	0.5000	0.5576	0.5058	0.5539	0.4408	0.4999	0.4392	0.4412	0.4986	0.4969	0.4396	0.4390	0.4357	0.4952	0.4443
0.5600	0.4389	0.4485	0.5548	0.4423	0.5000	0.5576	0.5058	0.5539	0.4408	0.4999	0.4392	0.4412	0.4986	0.4969	0.4396	0.4390	0.4357	0.4952	0.4443
0.5600	0.4389	0.4485	0.5548	0.4423	0.5000	0.5576	0.5058	0.5539	0.4408	0.4999	0.4981	0.4412	0.4986	0.4969	0.4396	0.4390	0.4357	0.4952	0.4443
0.5600	0.4389	0.4485	0.5548	0.4423	0.5000	0.5576	0.5058	0.5539	0.4408	0.4999	0.4981	0.4412	0.4986	0.4969	0.4396	0.4390	0.4357	0.4952	0.4443
0.5600	0.4389	0.4485	0.5548	0.4423	0.5000	0.5576	0.5058	0.5539	0.4408	0.4999	0.4981	0.4412	0.4986	0.4969	0.4396	0.4390	0.4357	0.4952	0.4443
0.5600	0.4389	0.4485	0.5548	0.4423	0.5000	0.5576	0.5058	0.5539	0.4408	0.4999	0.4981	0.4412	0.4986	0.4969	0.4396	0.4390	0.4357	0.4967	0.4443
0.5600	0.4389	0.4485	0.5548	0.4423	0.5000	0.5576	0.5058	0.5539	0.4408	0.4999	0.4981	0.4412	0.4986	0.4969	0.4396	0.4390	0.4357	0.4967	0.4443
0.5600	0.4389	0.4485	0.5548	0.4423	0.5000	0.5576	0.5058	0.5539	0.4408	0.4999	0.4981	0.4412	0.4986	0.4969	0.4396	0.4390	0.4357	0.4967	0.4443
0.5600	0.4389	0.4485	0.5548	0.4423	0.5000	0.5576	0.5058	0.5539	0.4408	0.4999	0.4981	0.4412	0.4986	0.4969	0.4396	0.4390	0.5655	0.4967	0.4443
0.5600	0.4389	0.4485	0.5548	0.4423	0.5000	0.5576	0.5058	0.5539	0.4408	0.4999	0.4981	0.4412	0.4986	0.4969	0.4396	0.4390	0.5655	0.4967	0.4443
0.5600	0.4389	0.4485	0.5548	0.4423	0.5000	0.5576	0.5058	0.5539	0.4408	0.4999	0.4981	0.4412	0.4986	0.4969	0.4396	0.4390	0.5655	0.4967	0.4443
0.5600	0.4389	0.4485	0.5548	0.4423	0.5000	0.4951	0.5058	0.5539	0.4408	0.4999	0.4981	0.4412	0.4986	0.4969	0.4396	0.4390	0.5655	0.4967	0.4443
0.5600	0.4389	0.4485	0.5548	0.4423	0.5000	0.4951	0.5058	0.5539	0.4408	0.4999	0.4981	0.4412	0.4986	0.4969	0.4396	0.4390	0.5655	0.4967	0.4443
