0.3078	0.8583	0.5412	0.4066	0.6230	0.1775	0.8703	0.1121	0.5306	0.9512
1.0000	0.4085	1.0000	0.3574	0.3459	0.2808	0.5254	0.3266	0.8311	0.0000
0.2443	0.9164	0.7110	0.9334	0.6682	0.2808	0.5254	0.4854	1.0000	0.3311
0.3669	0.7037	0.0000	0.5222	0.8395	0.4650	0.7051	0.4185	0.4744	0.5257
0.5442	0.3363	0.4880	0.4576	0.7164	0.5854	0.3192	0.8728	0.5023	0.3105
0.5442	0.4838	0.4880	0.2773	0.0000	0.8282	0.3627	0.0000	0.0968	0.7259
0.5056	0.0000	0.6959	0.3015	0.4824	0.8380	0.7746	0.6401	0.2184	0.7207
0.5056	0.2518	0.5063	0.8286	0.5749	0.6509	0.5040	0.8597	0.6899	0.7052
0.5056	0.5171	0.0136	0.1902	0.6710	0.8695	0.5040	0.0000	0.3479	0.6502
0.4848	0.5171	0.4490	0.4592	0.6710	1.0000	0.5040	0.8611	0.4273	0.5636
0.4848	0.4808	0.6501	0.4592	0.8032	0.0240	0.2652	0.5471	0.4436	0.1418
0.4848	0.2321	0.3296	0.5144	0.3958	0.2810	0.2570	0.3033	1.0000	0.1019
0.4848	0.4880	0.3296	0.3134	0.0000	0.5235	0.3099	0.8741	0.4696	0.2338
0.4848	0.4818	0.3296	0.0000	0.5280	0.6990	0.3609	0.3139	0.4696	0.7073
0.4848	0.0000	0.1039	0.7141	0.5280	0.5260	0.5654	0.8942	0.0000	0.1448
0.4848	0.7942	0.4872	0.1395	0.5280	0.2074	0.9476	0.4835	0.5146	0.6980
0.4848	0.5421	0.4872	0.0000	0.4993	0.4791	0.2806	0.4861	0.5146	0.8487
0.4848	0.4887	0.4872	0.4242	0.4993	0.4999	0.6568	0.4861	0.7108	0.9373
0.4848	0.2750	0.4872	0.0000	0.4993	0.4999	0.2769	0.5210	0.3279	0.5148
0.6780	0.6969	0.4872	0.7291	0.2916	0.4999	0.2769	0.5210	0.4171	0.5148
0.6780	0.6969	0.4872	0.3211	0.2916	0.7061	0.5004	0.5210	0.5053	0.5148
0.6780	0.6969	0.4872	0.6711	0.2916	0.7119	0.5004	0.5210	0.0000	0.5148
0.6780	0.6969	0.4872	0.5212	0.2916	0.6823	0.5004	0.5210	0.0000	0.5148
0.6780	0.5137	0.4872	0.5212	0.3283	0.6845	0.5206	0.5210	0.3148	0.5148
0.6780	0.0000	0.4872	0.5212	0.4565	0.6845	0.5137	0.5210	0.3148	0.5148
0.6780	0.6192	0.4872	0.5118	0.4565	0.4936	0.5137	0.6341	0.3148	0.7318
0.6780	0.5124	0.4872	0.5118	0.4565	0.4936	0.5154	0.4566	0.5031	0.6096
0.6780	0.5124	0.4872	0.5118	0.4719	0.4936	0.5154	0.4574	0.5031	1.0000
0.6780	0.9013	0.4872	0.5118	0.4719	0.4936	0.5154	0.0000	0.5031	0.6721
0.4691	0.7260	0.4872	0.5118	0.4719	0.4936	0.5154	1.0000	0.5031	0.6721
0.4691	0.4899	0.4872	0.5118	0.4719	0.4936	0.2890	0.4290	0.5031	0.6721
0.4691	0.4937	0.4872	0.5312	0.4719	0.4936	0.2890	0.0039	0.5031	0.5016
0.4691	0.5370	0.4872	0.5312	0.4719	0.4936	0.4939	0.5221	0.5031	0.5016
0.4691	0.5367	0.4872	0.5312	0.4719	0.5181	0.5009	0.5221	0.5031	0.5032
0.5035	0.3195	0.4872	0.6894	0.4719	0.5181	0.5009	0.5221	0.5031	0.5032
0.5035	0.2867	0.4872	0.6894	0.4719	0.5181	0.4949	0.5221	0.2950	0.5032
0.4570	0.3107	0.4872	0.4891	0.4719	0.5181	0.4926	0.5221	0.4958	0.5032
0.7135	0.5317	0.4872	0.4891	0.4719	0.5181	0.4926	0.5038	0.4958	0.5032
0.3243	0.3280	0.4872	0.4891	0.4719	0.5181	0.4926	0.5038	0.4958	0.5032
0.3243	0.3192	0.4872	0.4891	0.4719	0.5181	0.4926	0.5038	0.4958	0.5032
0.5346	0.0000	0.4872	0.4891	0.4719	0.5181	0.4926	0.5038	0.4958	0.5032
0.4959	0.3338	0.4872	0.4891	0.4719	0.5181	0.4926	0.5038	0.4958	0.2928
0.4959	0.4895	0.4872	0.4891	0.4719	0.5181	0.4926	0.5038	0.4958	0.2928
0.4959	0.4895	0.4872	0.4891	0.4719	0.5181	0.4926	0.5038	0.4958	0.2928
0.4959	0.4895	0.4872	0.4891	0.4719	0.5181	0.4926	0.5038	0.4958	0.2928
0.4959	0.4895	0.4872	0.4891	0.4719	0.5181	0.4926	0.5038	0.4958	0.4906
0.4959	0.4895	0.4872	0.4891	0.5092	0.5181	0.4926	0.5038	0.4958	0.4906
0.4959	0.4895	0.4872	0.5226	0.5092	0.5181	0.4708	0.5038	0.4958	0.4906
0.4959	0.4895	0.4872	0.5226	0.4992	0.5181	0.4708	0.5038	0.4880	0.4906
0.4959	0.4895	0.4872	0.5226	0.4992	0.5181	0.4708	0.5038	0.4880	0.4905
0.4959	0.4895	0.4872	0.5226	0.4992	0.5181	0.4708	0.5038	0.4880	0.5021
0.4959	0.4895	0.4872	0.5226	0.4992	0.5181	0.4708	0.5038	0.5168	0.5021
0.4959	0.4895	0.4872	0.5226	0.4992	0.5181	0.3038	0.5038	0.5168	0.5287
0.4959	0.4895	0.4872	0.5226	0.4992	0.5181	0.3038	0.5038	0.5168	0.5287
0.4959	0.4895	0.4872	0.5226	0.4992	0.5181	0.3038	0.5038	0.5168	0.5287
0.4959	0.4895	0.4872	0.5226	0.4992	0.5181	0.3038	0.5038	0.5168	0.5287
0.4959	0.4895	0.4872	0.5226	0.4992	0.5181	0.3038	0.5038	0.5168	0.5287
0.4959	0.4895	0.4872	0.5226	0.4992	0.5181	0.3038	0.5038	0.5168	0.5287
0.4959	0.4895	0.4872	0.5226	0.4992	0.5181	0.3038	0.5038	0.5168	0.5287
0.4959	0.4895	0.4872	0.5226	0.4992	0.5181	0.3038	0.5038	0.5168	0.5287
0.4959	0.4895	0.4872	0.5226	0.4992	0.5181	0.3038	0.5038	0.5168	0.5287
0.4959	0.4895	0.4872	0.5226	0.4965	0.5181	0.5027	0.5038	0.5168	0.5287
0.4959	0.4895	0.4872	0.4975	0.4965	0.5181	0.5027	0.5038	0.5168	0.5287
0.5115	0.4895	0.4872	0.4975	0.4965	0.5181	0.5027	0.5038	0.5168	0.5287
0.5115	0.4895	0.4872	0.4975	0.4965	0.5181	0.5027	0.5038	0.5168	0.5287
0.5115	0.4895	0.4872	0.4975	0.4965	0.5181	0.5027	0.5038	0.5168	0.5287
0.5115	0.4895	0.4872	0.4975	0.5014	0.5181	0.5027	0.5038	0.5168	0.5287
0.5115	0.4895	0.4872	0.4975	0.5014	0.5181	0.5027	0.5038	0.5168	0.5287
0.5115	0.4895	0.4872	0.4975	0.5014	0.5181	0.5027	0.5038	0.5168	0.5287
0.5115	0.4895	0.4872	0.4975	0.5014	0.5181	0.5027	0.5038	0.5168	0.5287
0.5115	0.4895	0.4872	0.4975	0.5014	0.5181	0.5027	0.5038	0.5168	0.5287
0.5115	0.4895	0.4872	0.4975	0.5014	0.5181	0.5027	0.5038	0.5168	0.5287
0.5115	0.4895	0.4872	0.4975	0.5014	0.5181	0.5027	0.5038	0.5168	0.5287
0.5115	0.4895	0.4872	0.4975	0.5014	0.5181	0.5027	0.5038	0.5168	0.5287
0.5115	0.4895	0.4872	0.4975	0.5014	0.5181	0.5027	0.5038	0.5168	0.5287
0.5115	0.4895	0.4872	0.4975	0.5014	0.5181	0.5027	0.5038	0.5168	0.5287
0.5115	0.4895	0.4872	0.5016	0.5014	0.5181	0.5027	0.5038	0.5168	0.5287
0.5115	0.4895	0.4872	0.5016	0.5014	0.5181	0.5027	0.5038	0.5168	0.5287
0.5115	0.4895	0.4872	0.5016	0.5014	0.5181	0.5027	0.5038	0.5168	0.5287
0.5115	0.4895	0.4872	0.5016	0.5014	0.5181	0.5027	0.5038	0.4920	0.5287
0.5115	0.4895	0.4872	0.5016	0.5014	0.5181	0.5027	0.5038	0.4920	0.5287
0.5115	0.4895	0.4872	0.5016	0.5014	0.5181	0.5027	0.5038	0.4920	0.5287
0.5115	0.4895	0.4872	0.5016	0.5014	0.5181	0.5027	0.5038	0.4920	0.5287
0.5115	0.4895	0.4872	0.5016	0.5014	0.5181	0.5027	0.5038	0.4920	0.5287
0.5115	0.4895	0.4872	0.5016	0.5014	0.5181	0.5027	0.5038	0.4920	0.5287
0.5115	0.4895	0.4872	0.5016	0.5014	0.5181	0.5027	0.5038	0.4920	0.5287
0.5115	0.4895	0.4872	0.5016	0.5014	0.5181	0.5027	0.5038	0.4920	0.5287
0.5115	0.4895	0.4872	0.5016	0.5014	0.5181	0.5027	0.5038	0.4920	0.4915
0.5115	0.4895	0.4872	0.5016	0.5014	0.5181	0.5027	0.5038	0.4920	0.4915
0.5115	0.4895	0.4872	0.5016	0.5014	0.5181	0.5027	0.5038	0.4920	0.4915
0.5115	0.4895	0.4872	0.5016	0.5014	0.5181	0.5027	0.5038	0.4920	0.4915
0.5115	0.4895	0.4872	0.5016	0.5014	0.5181	0.5027	0.5038	0.4920	0.4915
0.5115	0.4895	0.4872	0.5016	0.5014	0.5181	0.5027	0.5038	0.4920	0.4915
0.5115	0.4895	0.4872	0.5016	0.5014	0.5181	0.5027	0.5038	0.4920	0.4915
0.5115	0.4895	0.4872	0.5016	0.5014	0.5181	0.4992	0.5038	0.4920	0.4915
0.5115	0.4895	0.4872	0.5016	0.5014	0.5181	0.4992	0.5038	0.4920	0.4915
0.5115	0.4895	0.4872	0.5016	0.5014	0.5181	0.4992	0.5038	0.4920	0.4915
0.5115	0.4895	0.4872	0.5016	0.5014	0.5181	0.4992	0.5038	0.4920	0.4915
0.5115	0.4895	0.4872	0.5016	0.5014	0.5181	0.4992	0.5038	0.4920	0.4915
0.5115	0.4895	0.4872	0.5016	0.5014	0.5181	0.4992	0.5038	0.4920	0.4915
0.5115	0.4895	0.4872	0.5016	0.5014	0.5181	0.4992	0.5038	0.4920	0.4915
