0.3464	0.8353	0.6575	0.3014	0.5689	0.1513	0.1157	0.1968	0.4989	0.0633
0.4570	0.6122	0.0000	0.1554	0.7963	1.0000	0.0004	0.4648	0.5977	0.0000
0.0000	0.5274	0.2314	0.6101	0.2383	0.7013	0.3574	0.7628	0.1394	0.2378
0.4551	0.0000	0.4427	0.2219	0.9053	0.8754	0.5658	0.5172	0.7072	0.5568
0.2384	0.8786	0.4427	0.6859	1.0000	0.5990	0.0000	0.2873	0.0000	0.5568
0.0885	0.4802	0.4427	0.4862	0.4200	0.5990	0.2375	0.8057	0.8600	0.6542
0.7740	0.4813	0.6682	0.2808	0.0000	0.5990	0.4473	0.1482	0.8628	0.6542
0.4857	0.6676	0.6095	0.1295	0.6516	1.0000	0.2801	0.6579	0.1369	0.5550
0.0000	0.5508	0.6125	0.4441	0.6336	1.0000	0.4390	0.0327	0.5016	0.5550
0.4537	0.5508	0.3883	0.4507	0.4493	0.0833	0.4390	0.5092	0.5016	0.5550
0.3389	0.5508	0.5475	0.4507	0.6022	0.8702	0.4390	0.6484	0.2876	0.5550
0.2860	0.5508	0.5475	0.4507	0.4408	0.1258	0.6038	0.4571	0.5027	0.5550
0.7298	0.5508	0.3858	1.0000	0.8114	0.6097	0.6038	0.5009	0.5027	0.5550
0.3864	0.5508	0.3858	0.0000	0.2639	0.1137	0.6038	0.5009	0.5027	0.5550
1.0000	0.5508	0.3858	0.5490	1.0000	0.7595	0.6038	0.2382	0.5027	0.5550
0.0000	0.4977	0.3858	0.3498	0.8119	0.7595	0.6038	0.5096	0.3974	0.5550
0.9698	0.4977	0.6070	0.3498	0.5095	0.7595	0.6038	0.5096	0.4944	0.5550
0.1913	0.4977	0.3448	0.3498	0.5095	0.3831	0.5454	0.4833	0.5064	0.5550
0.2531	0.4977	0.3448	0.4454	0.3839	0.4965	0.5454	0.7333	0.5064	0.5550
0.3255	0.4977	0.3448	0.6087	0.3890	0.4965	0.5454	0.6633	0.5064	0.5550
0.5056	0.4977	0.4018	0.3905	0.3890	0.4965	0.5454	0.6633	0.5064	0.5550
0.5056	0.4977	0.3507	0.3905	0.5559	0.4965	0.5454	0.5574	0.4520	0.5550
0.5056	0.4977	0.6169	0.3905	0.5559	0.4965	0.5454	0.3455	0.4520	0.5550
0.5056	0.4977	0.4499	0.3856	0.5559	0.4965	0.5454	0.3455	0.4550	0.4990
0.3433	0.4977	0.4499	0.4992	0.6050	0.4965	0.0000	0.4508	0.4550	0.4990
0.4492	0.4977	0.4499	0.4992	0.6050	0.4965	0.5708	0.4508	0.6129	0.4990
0.4492	0.4977	0.4499	0.4992	0.6050	0.4965	0.6040	0.4508	0.2887	0.4990
0.6086	0.4977	0.4499	0.4992	0.6050	0.4965	0.6040	0.4508	0.5647	0.4990
0.6086	0.4977	0.4499	0.4469	0.6050	0.4965	0.5465	0.4508	0.5481	0.4990
0.6086	0.4977	0.6002	0.4469	0.6050	0.5515	0.6048	0.4508	0.5481	0.4990
0.6086	0.4977	0.6002	0.4469	0.6050	0.5515	0.6048	0.4508	0.5481	0.4990
0.5031	0.4977	0.6002	0.4469	0.6050	0.5515	0.6048	0.4508	0.5481	0.4990
0.5031	0.4977	0.6002	0.4469	0.6050	0.5515	0.6048	0.4508	0.5481	0.4990
0.3397	0.4977	0.6002	0.4469	0.6050	0.5515	0.6048	0.4508	0.5481	0.4990
0.3397	0.4977	0.6002	0.4469	0.6050	0.5515	0.6048	0.4508	0.5481	0.4990
0.3397	0.4977	0.6002	0.4469	0.6050	0.5515	0.4995	0.4508	0.5481	0.4990
0.3397	0.4977	0.6002	0.4532	0.6050	0.5515	0.4995	0.4508	0.5481	0.4990
0.3397	0.4977	0.4003	0.4532	0.6050	0.5515	0.4995	0.4508	0.5481	0.4990
0.3397	0.4977	0.4003	0.6059	0.6050	0.5515	0.4995	0.4508	0.5481	0.4990
0.3397	0.4977	0.3906	0.6059	0.6050	0.5515	0.4995	0.4508	0.5481	0.4990
0.5541	0.4959	0.3906	0.6059	0.6050	0.5515	0.4995	0.4508	0.5481	0.4990
0.5541	0.4959	0.3861	0.6059	0.6050	0.5515	0.4995	0.4508	0.5481	0.4990
0.5541	0.4959	0.5620	0.6059	0.6050	0.5515	0.4995	0.4508	0.5481	0.4990
0.5541	0.4959	0.5620	0.6059	0.6050	0.5515	0.4995	0.4508	0.5481	0.4990
0.5541	0.4959	0.3964	0.6059	0.6050	0.5515	0.4995	0.4508	0.5481	0.4990
0.5541	0.4959	0.3964	0.6059	0.6050	0.5515	0.4995	0.4508	0.5481	0.4990
0.5541	0.4959	0.3964	0.6059	0.6050	0.5515	0.4995	0.4508	0.5481	0.4990
0.3947	0.4959	0.5544	0.6059	0.6050	0.5515	0.4995	0.4508	0.5481	0.4990
0.3947	0.4959	0.5544	0.6059	0.6050	0.5515	0.4995	0.4508	0.5481	0.4990
0.3947	0.4959	0.5544	0.6059	0.6050	0.5515	0.4995	0.4508	0.5481	0.4990
0.3947	0.4959	0.5544	0.6059	0.6050	0.5515	0.4995	0.4508	0.5481	0.4990
0.3947	0.4959	0.5544	0.6059	0.6050	0.5515	0.4995	0.4508	0.5481	0.4990
0.3947	0.4959	0.5544	0.6059	0.6050	0.5515	0.4995	0.4508	0.5481	0.4990
0.4512	0.4959	0.5544	0.6059	0.6050	0.5515	0.3945	0.4508	0.5481	0.4990
0.5000	0.4959	0.5544	0.6059	0.6050	0.5515	0.3945	0.4508	0.5481	0.4990
0.5000	0.4959	0.5544	0.6059	0.6050	0.5515	0.3945	0.4508	0.5481	0.4990
0.5958	0.4959	0.5544	0.6059	0.6050	0.5515	0.3945	0.4508	0.5481	0.4990
0.5958	0.4959	0.5544	0.6059	0.6050	0.5515	0.3994	0.4508	0.5481	0.4990
0.4583	0.4959	0.5544	0.6059	0.6050	0.5515	0.3994	0.4508	0.5481	0.4990
0.2890	0.4959	0.5544	0.6059	0.5017	0.5515	0.3994	0.4508	0.5481	0.4990
0.2890	0.4959	0.5544	0.6059	0.5017	0.5515	0.3994	0.4508	0.5481	0.4990
0.2890	0.4959	0.5544	0.6059	0.5017	0.5515	0.3994	0.4508	0.5481	0.4990
0.2890	0.4959	0.5544	0.6059	0.5017	0.5515	0.3994	0.4508	0.5481	0.4990
0.2890	0.4959	0.5544	0.6059	0.5017	0.5515	0.3994	0.4508	0.5481	0.4990
0.2890	0.4959	0.5544	0.6059	0.5017	0.5515	0.3994	0.4508	0.5481	0.4990
0.2890	0.4959	0.5544	0.6059	0.5017	0.5515	0.3994	0.4508	0.5481	0.4990
0.6117	0.4959	0.5544	0.6059	0.5017	0.5515	0.3994	0.4508	0.5481	0.4990
0.7063	0.4959	0.5544	0.6059	0.5017	0.5515	0.3994	0.4508	0.5481	0.4990
0.7063	0.4959	0.5544	0.6059	0.5017	0.5515	0.3994	0.4508	0.5481	0.4990
0.7063	0.4959	0.5544	0.6059	0.5017	0.5515	0.3994	0.4508	0.5481	0.4990
0.7063	0.4959	0.5544	0.6059	0.5017	0.5515	0.3994	0.4508	0.5481	0.4990
0.7063	0.4959	0.5544	0.6059	0.5017	0.5515	0.5496	0.4508	0.5481	0.4990
0.3907	0.4959	0.4931	0.6059	0.5017	0.5515	0.5496	0.4508	0.5481	0.4990
0.3907	0.4959	0.4931	0.6059	0.5017	0.5515	0.4475	0.4508	0.5481	0.4990
0.3907	0.4959	0.4931	0.6059	0.5017	0.5515	0.4475	0.4508	0.5481	0.4990
0.3907	0.4959	0.4931	0.6059	0.5017	0.5515	0.4475	0.4508	0.5481	0.4990
0.3907	0.4959	0.4931	0.6059	0.5017	0.5515	0.4475	0.4508	0.5481	0.4990
0.3907	0.4959	0.4931	0.6059	0.5017	0.5515	0.4475	0.4508	0.5481	0.4990
0.3907	0.4959	0.4931	0.6059	0.5017	0.5515	0.4475	0.4508	0.5481	0.4990
0.3907	0.4959	0.4931	0.6059	0.5017	0.5515	0.4475	0.4508	0.5481	0.4990
0.3907	0.4959	0.4931	0.6059	0.5017	0.5515	0.4475	0.4508	0.5481	0.4990
0.3907	0.4959	0.4931	0.6059	0.5017	0.5515	0.4475	0.4508	0.5481	0.4990
0.3907	0.4959	0.4931	0.3952	0.5017	0.5515	0.4475	0.4508	0.5481	0.4990
0.3907	0.4959	0.4931	0.3952	0.5017	0.5515	0.4475	0.4508	0.5481	0.4990
0.3907	0.4959	0.4931	0.3952	0.5017	0.5515	0.4475	0.4508	0.5481	0.4990
0.3907	0.4959	0.4931	0.3952	0.5017	0.5515	0.4475	0.4508	0.5481	0.4990
0.3907	0.4959	0.4931	0.3952	0.5017	0.5515	0.4475	0.4508	0.5481	0.4990
0.3907	0.4959	0.5558	0.3952	0.5017	0.5515	0.4475	0.4508	0.5481	0.4990
0.3907	0.4959	0.5558	0.3952	0.5017	0.5515	0.4475	0.4508	0.5481	0.4990
0.3907	0.4959	0.5558	0.3952	0.5017	0.5515	0.4475	0.4508	0.5481	0.4990
0.3907	0.4959	0.5558	0.3952	0.5017	0.5515	0.4475	0.4508	0.5481	0.4990
0.3907	0.4959	0.5558	0.3966	0.5017	0.5515	0.4475	0.4508	0.5481	0.4990
0.3976	0.4959	0.5558	0.4483	0.5017	0.5515	0.4475	0.4508	0.5481	0.4990
0.4473	0.4959	0.5558	0.4483	0.5017	0.5515	0.4475	0.4508	0.5481	0.4990
0.4473	0.4959	0.5558	0.4483	0.5017	0.5515	0.4475	0.4508	0.5481	0.4990
0.4473	0.4959	0.5558	0.4483	0.5017	0.5515	0.4475	0.4508	0.5481	0.4990
0.4473	0.4959	0.5558	0.4521	0.5017	0.5515	0.4475	0.4508	0.5481	0.4990
0.4473	0.4959	0.4423	0.4521	0.5017	0.5515	0.4475	0.4508	0.5481	0.4990
0.4473	0.4959	0.4423	0.4521	0.5017	0.5515	0.4475	0.4508	0.5481	0.4990
0.4473	0.4959	0.4423	0.5007	0.5017	0.5515	0.4475	0.4508	0.5481	0.4990
0.4473	0.4959	0.4423	0.5007	0.5017	0.5515	0.4475	0.4508	0.5481	0.4990
