0.7857	0.3585	0.8892	0.3286	0.7259	0.8158	0.4287	0.5631	0.8730	0.3271
1.0000	0.4876	0.6005	0.3858	0.8298	0.9015	0.4758	0.6470	0.3960	0.4132
0.7323	0.5230	0.2585	0.0000	0.1163	0.0000	0.3731	0.2519	0.4960	0.4886
0.7301	0.0000	0.4959	0.4868	0.6033	1.0000	0.8007	1.0000	0.4960	0.4777
0.6978	1.0000	0.5113	0.5396	0.7099	0.0000	0.5144	0.6187	0.0000	0.6404
0.7345	0.5119	0.4885	0.5867	1.0000	0.3352	0.3087	0.6141	0.5309	0.6404
0.0717	0.5119	0.4885	0.2605	0.3097	1.0000	0.8844	0.5003	0.0000	0.4882
0.5107	0.5119	0.3526	1.0000	0.5166	0.0000	0.4117	0.6317	0.0000	0.4882
0.6129	0.5119	0.0000	0.6281	0.0000	0.9044	0.0000	0.7592	0.0000	0.4882
0.6397	0.5119	0.4699	0.0000	0.4820	0.8748	0.1323	0.9765	0.7032	0.4882
0.5637	0.5119	0.0567	0.0000	0.6100	0.6580	1.0000	0.0000	0.2141	0.4882
0.2828	0.5119	0.3455	0.4244	0.2114	0.5235	0.0000	0.3844	0.0000	0.4882
0.5169	0.5119	0.0000	0.2829	0.4104	0.3864	0.3776	0.3844	0.4578	0.4882
0.5169	0.5119	0.3809	0.6147	0.3325	0.4907	0.3776	0.3844	1.0000	0.4882
0.5169	0.5119	0.7926	0.8231	0.5129	0.6156	0.3776	0.2965	1.0000	0.4882
0.3230	0.5119	0.3720	0.4660	0.1458	0.6156	0.7080	0.1780	0.3954	0.4882
0.7203	0.5119	0.5096	0.3916	0.2788	0.6015	0.5479	0.4346	0.3954	0.4882
0.6240	0.5119	0.5096	0.4910	0.2777	0.6015	0.1039	0.8798	0.3954	0.4882
0.5806	0.5119	0.5096	0.8182	0.0000	0.2600	0.6191	0.6237	0.4937	0.4882
0.2756	0.5119	0.5096	0.6562	0.4258	0.4835	0.6191	0.4134	0.4937	0.4882
0.2756	0.5064	0.5096	0.4626	0.7668	0.3668	0.6191	0.2889	0.4937	0.4882
0.2756	0.5064	0.5096	0.6838	0.2680	0.4016	0.6010	0.2889	0.4937	0.4882
0.3794	0.5064	0.5096	0.5935	0.2680	0.6125	0.6010	0.2889	0.4937	0.4882
0.4950	0.5064	0.5096	0.5935	0.5004	0.5006	0.6010	0.2889	0.4937	0.4882
0.3895	0.5064	0.4796	0.5935	0.5004	0.5006	0.6010	0.2889	0.4937	0.4882
0.3895	0.5064	0.4796	0.5935	0.6007	0.5006	0.6010	0.7277	0.4937	0.4882
0.5997	0.5064	0.4796	0.5935	0.5898	0.5006	0.6010	0.5179	0.4937	0.4882
0.5336	0.5064	0.4796	0.5935	0.4168	0.5006	0.6010	0.5179	0.0271	0.4882
0.7198	0.5064	0.4207	0.3931	0.6047	0.6166	0.6010	0.5179	0.3660	0.4882
0.7198	0.5064	0.4884	0.3769	0.2744	0.6166	0.6010	0.5179	0.3660	0.4882
0.3878	0.5064	0.5395	0.2500	0.3657	0.6166	0.6010	0.4857	0.6093	0.4882
0.3878	0.5064	0.4799	0.6251	0.6407	0.6166	0.6010	0.8032	0.6093	0.4882
0.4749	0.5064	0.3196	0.6251	0.6260	0.6166	0.6010	0.6087	0.4949	0.4882
0.4749	0.5064	0.1666	0.4046	0.7096	0.6166	0.6010	0.6087	0.4949	0.4882
0.4749	0.5064	0.3555	0.4991	0.4979	0.6166	0.4969	0.6087	0.4863	0.4882
0.3817	0.5064	0.6225	0.2830	0.4100	0.6166	0.4969	0.6087	0.4863	0.4882
0.7282	0.5064	0.5019	0.4084	0.5039	0.6166	0.4969	0.6087	0.4863	0.4882
0.3906	0.5064	0.5019	0.5205	0.5039	0.6098	0.4969	0.6087	0.6113	0.4882
0.3906	0.5064	0.5019	0.3749	0.5039	0.6098	0.4969	0.6087	0.6113	0.4882
0.3906	0.5064	0.5019	0.3749	0.5039	0.6098	0.4969	0.6087	0.3907	0.4882
0.6173	0.5064	0.5019	0.3749	0.6084	0.6098	0.4969	0.6087	0.3907	0.4882
0.6173	0.5064	0.5019	0.6107	0.6084	0.6098	0.4969	0.6087	0.3907	0.4882
0.6173	0.5064	0.5019	0.3924	0.6084	0.6098	0.4969	0.6087	0.3907	0.4882
0.6173	0.5064	0.5019	0.3924	0.6084	0.6098	0.4969	0.4945	0.3907	0.4882
0.6173	0.5064	0.5019	0.3867	0.6084	0.6098	0.4969	0.4945	0.3907	0.4882
0.6173	0.5064	0.5019	0.3867	0.6084	0.6098	0.4969	0.4945	0.3907	0.4882
0.6173	0.5064	0.5019	0.7300	0.6084	0.6098	0.4961	0.4945	0.3907	0.4882
0.6173	0.5064	0.5019	0.7300	0.6084	0.6098	0.4961	0.4945	0.3907	0.4882
0.6173	0.5064	0.5019	0.5176	0.6084	0.6098	0.4961	0.4945	0.3907	0.4882
0.6173	0.5064	0.5019	0.3933	0.6084	0.6098	0.4961	0.4945	0.3907	0.4882
0.6173	0.5064	0.5019	0.3933	0.6084	0.6098	0.4961	0.4945	0.3907	0.4882
0.6173	0.5064	0.5019	0.4936	0.6084	0.6098	0.4961	0.4977	0.3907	0.4882
0.6173	0.5064	0.5019	0.4936	0.6084	0.6098	0.4961	0.4977	0.3907	0.4882
0.6173	0.5064	0.5019	0.4936	0.6084	0.6031	0.4961	0.5088	0.3907	0.4882
0.6173	0.5064	0.5019	0.4936	0.4986	0.6173	0.4961	0.5088	0.3907	0.4882
0.6173	0.5064	0.5019	0.4936	0.4986	0.6173	0.4961	0.5088	0.3907	0.4882
0.6173	0.5064	0.5019	0.4936	0.4986	0.6173	0.4961	0.5088	0.3907	0.4882
0.6173	0.5064	0.5019	0.4936	0.4986	0.6173	0.4961	0.5088	0.3907	0.4882
0.6173	0.5064	0.5019	0.4936	0.4986	0.6173	0.4961	0.5088	0.3907	0.4882
0.6173	0.5064	0.5019	0.4936	0.4986	0.6173	0.4961	0.5088	0.3907	0.4882
0.5009	0.5064	0.5019	0.4936	0.4986	0.6173	0.4961	0.5088	0.3907	0.4882
0.5009	0.5064	0.5019	0.4936	0.4986	0.6173	0.4961	0.5088	0.3907	0.4882
0.5009	0.5064	0.5019	0.4936	0.6162	0.6173	0.4961	0.5088	0.3907	0.4882
0.5009	0.5064	0.5019	0.4936	0.6162	0.6173	0.4961	0.5088	0.3907	0.4882
0.5009	0.5064	0.5019	0.4936	0.6162	0.6173	0.4961	0.5088	0.6133	0.4882
0.5009	0.5064	0.5019	0.4936	0.6162	0.6173	0.4961	0.5088	0.6133	0.4882
0.5009	0.5064	0.5019	0.4936	0.6162	0.6173	0.4961	0.5088	0.4973	0.4882
0.5009	0.5064	0.5019	0.4936	0.6162	0.6173	0.4961	0.5088	0.4973	0.4882
0.5009	0.5064	0.5019	0.4936	0.6162	0.6173	0.4961	0.5088	0.4973	0.4882
0.5009	0.5064	0.5019	0.4936	0.6162	0.6173	0.4961	0.5088	0.4973	0.4882
0.5009	0.5064	0.5019	0.4936	0.6162	0.5004	0.4961	0.5088	0.4973	0.4882
0.5009	0.5064	0.5007	0.4936	0.6162	0.5004	0.4961	0.4943	0.4973	0.4882
0.5009	0.5064	0.5007	0.4936	0.6162	0.5004	0.4961	0.4943	0.4973	0.4882
0.5009	0.5064	0.5007	0.4936	0.6162	0.5004	0.4961	0.4943	0.4973	0.4882
0.5009	0.5064	0.5007	0.4936	0.6162	0.5004	0.4961	0.4943	0.4973	0.4882
0.5009	0.5064	0.5007	0.4936	0.6162	0.5004	0.4961	0.4943	0.4973	0.4882
0.5009	0.5064	0.5007	0.4936	0.6162	0.5004	0.4961	0.4943	0.4973	0.4882
0.5009	0.5064	0.5007	0.4936	0.6162	0.5004	0.4961	0.4943	0.4973	0.4882
0.5009	0.5064	0.5007	0.4936	0.6162	0.5004	0.4961	0.4943	0.4973	0.4882
0.5009	0.5064	0.5007	0.4936	0.6162	0.5004	0.4961	0.4943	0.4973	0.4882
0.5009	0.5064	0.5007	0.4936	0.6162	0.5004	0.4961	0.4943	0.4973	0.4882
0.5009	0.5064	0.5007	0.4936	0.6162	0.5004	0.4961	0.4943	0.4973	0.4882
0.5009	0.5064	0.5007	0.4936	0.6162	0.5004	0.4961	0.4943	0.4973	0.4882
0.5009	0.5064	0.5007	0.4936	0.6162	0.5004	0.4961	0.4943	0.4973	0.4882
0.5009	0.5064	0.5007	0.4936	0.6162	0.5004	0.4961	0.4943	0.4973	0.4882
0.5009	0.5064	0.5007	0.4936	0.6162	0.5004	0.4961	0.4943	0.4973	0.4882
0.5009	0.5064	0.5007	0.4936	0.6162	0.5004	0.4961	0.4943	0.4973	0.4882
0.5009	0.5064	0.5007	0.4936	0.4976	0.5004	0.4961	0.4943	0.4973	0.4882
0.5009	0.5064	0.5007	0.4936	0.4976	0.5004	0.4961	0.4943	0.4973	0.4882
0.5009	0.5064	0.5007	0.4936	0.4976	0.5004	0.4961	0.4943	0.4973	0.4882
0.5009	0.5064	0.5007	0.4936	0.4976	0.5004	0.4961	0.4943	0.4973	0.4882
0.5009	0.5064	0.5007	0.4936	0.4976	0.5004	0.4961	0.4943	0.4973	0.4882
0.5009	0.5064	0.5007	0.4936	0.4976	0.5004	0.4961	0.4943	0.4973	0.4882
0.5009	0.5064	0.5007	0.4936	0.4976	0.5004	0.4961	0.4943	0.4973	0.4882
0.5009	0.5064	0.5007	0.4936	0.4976	0.5004	0.4961	0.4943	0.4973	0.4882
0.5009	0.5064	0.5007	0.4936	0.4976	0.5004	0.4961	0.4943	0.4973	0.4882
0.5009	0.5064	0.5007	0.4936	0.4976	0.5004	0.4961	0.4943	0.4973	0.4882
0.5009	0.5064	0.5007	0.4936	0.4976	0.5004	0.4961	0.4943	0.4973	0.4882
0.5009	0.5064	0.5007	0.4936	0.4976	0.5004	0.4961	0.4943	0.4973	0.4882
0.5009	0.5064	0.5007	0.4936	0.4976	0.5004	0.4961	0.4943	0.4973	0.4882
0.5009	0.5064	0.5007	0.4936	0.4976	0.5004	0.4961	0.4943	0.4973	0.4882
