0.9365	0.0662	0.3226	0.1896	0.0491	0.8428	0.8683	0.7292	0.6188	0.3901	0.4235	0.2887	0.7081	0.8029	0.5258	0.1063	0.6930	0.7041	0.2629	0.5296
0.6622	0.2558	0.1377	1.0000	0.4262	0.1143	0.5075	0.6927	1.0000	0.7628	0.6316	1.0000	0.5830	0.0000	0.4965	0.4927	0.6479	0.8547	0.2577	0.5318
0.8418	0.0000	1.0000	0.6369	0.4985	0.2425	0.0000	0.5748	0.5874	0.1875	0.7609	1.0000	0.3717	0.3265	0.4964	0.4927	0.1314	0.0000	0.7953	1.0000
1.0000	0.7313	0.0000	0.6598	0.3814	1.0000	1.0000	0.5748	1.0000	0.9492	0.6743	0.3907	0.3729	0.4911	0.4733	0.4272	0.5001	0.2933	0.7458	0.7588
0.4891	0.4014	0.5293	0.6060	0.1089	0.7870	0.3010	0.3157	0.0645	0.4834	0.5332	0.7593	0.5972	0.7791	0.0580	0.2330	0.5001	0.8841	0.3550	0.5979
0.7044	0.4014	0.9622	0.5705	1.0000	0.0000	0.7376	0.3828	0.5197	1.0000	0.3704	0.6772	0.3267	1.0000	0.2620	0.0576	0.5001	0.4073	0.5051	0.5979
0.5797	0.4014	1.0000	0.4106	0.3049	0.4097	0.7277	0.3985	0.3054	0.5824	0.5406	0.7850	0.5899	1.0000	0.7938	0.6327	0.5001	0.2343	0.5818	0.4110
1.0000	0.4165	0.9562	0.4106	0.6189	0.5170	0.1287	0.5118	0.2627	0.0000	0.4870	0.4996	0.5899	0.4146	0.4178	0.0000	0.4985	0.7023	0.4248	0.6772
0.7134	0.4165	0.5797	0.4106	0.0000	0.6765	0.0481	1.0000	0.6762	1.0000	0.4362	0.8720	0.5899	0.0552	0.5240	0.4670	0.4985	0.2914	0.6574	0.6772
0.2214	0.4165	0.5797	0.4106	0.4932	0.3042	0.0000	0.5012	0.8453	1.0000	0.3209	0.3304	0.5899	0.2337	0.6359	0.6935	0.4985	0.4836	0.2189	0.6772
0.6754	0.4165	0.5797	0.4106	0.4932	1.0000	0.0000	0.5947	0.5781	0.7481	0.3209	0.4680	0.5899	0.6994	0.2924	0.4277	0.4985	0.4836	0.4106	0.6772
0.6655	0.4165	0.6363	0.4106	0.4932	0.4908	0.6743	0.4943	0.0000	0.0000	1.0000	1.0000	0.5899	1.0000	0.5225	0.3996	0.4985	0.4836	0.4106	0.6772
0.5149	0.4165	0.4585	0.4106	0.0000	0.6767	0.4759	0.4943	0.5500	0.0000	0.4930	0.3268	0.4903	0.2202	0.9156	0.3996	0.4985	0.4836	0.4106	0.6772
0.5149	0.4165	0.7560	0.4106	0.7061	0.5036	0.6042	0.4943	0.5746	0.5901	0.4930	0.3320	0.4903	0.2987	0.4821	0.3996	0.4985	0.4836	0.4106	0.6772
0.5149	0.4165	0.2964	0.4106	0.6347	0.3263	0.2174	0.5247	0.2309	0.5901	0.4930	0.8486	0.4037	1.0000	0.5922	0.3996	0.4985	0.4048	0.4106	0.6772
0.5149	0.4165	0.4162	0.5133	0.4385	0.0752	0.5732	0.3861	0.5178	0.4272	0.4930	0.6898	0.6762	0.0000	0.2032	0.3996	0.4985	0.4048	0.5821	0.6772
0.8446	0.4165	0.5894	0.5133	0.4915	0.8307	0.5121	0.6824	0.5917	0.3957	0.4930	1.0000	0.6762	0.3342	0.3425	0.3996	0.4985	0.4048	0.5821	0.6772
0.8366	0.4010	0.5894	0.5133	0.4915	0.6809	0.5121	0.3048	0.0000	0.3957	0.4930	1.0000	0.6762	0.3342	0.2851	0.3996	0.4985	0.4048	0.4225	0.6772
0.7856	0.4067	0.5894	0.5133	0.4915	1.0000	0.4007	0.2552	0.4038	0.4908	0.4934	0.1533	0.6762	0.5768	0.7000	0.3996	0.4985	0.4048	0.6002	0.6772
0.7518	0.4067	0.5894	0.5133	0.4915	0.1409	0.4007	0.8846	0.1232	0.4908	0.4934	0.5328	0.3222	0.5768	0.1114	0.3996	0.4985	0.4048	0.6002	0.6772
0.3271	0.4067	0.5894	0.4900	0.4949	1.0000	0.4007	0.4055	0.3074	0.6936	0.5689	0.6799	0.3222	0.5764	0.4929	0.3996	0.4985	0.4048	0.7797	0.5912
0.3271	0.4067	0.5894	0.4900	0.4949	0.3442	0.4007	0.6908	0.6874	0.9343	0.3998	0.6799	0.3222	1.0000	0.0000	0.6808	0.4985	0.4048	0.6075	0.5912
0.3271	0.4067	0.5894	0.4900	0.4150	0.0000	0.4007	0.5195	0.3004	0.2473	0.6900	0.6799	0.3222	0.5899	0.0412	0.6808	0.4985	0.4048	0.7806	0.5912
0.3271	0.4067	0.5894	0.4900	0.4150	0.4085	0.4084	0.3292	0.3004	0.3260	0.1366	0.4061	0.3222	0.5899	0.1246	0.5052	0.5037	0.4048	0.5923	0.5912
0.4936	0.4067	0.5894	0.3992	0.4150	0.5851	0.4084	0.3314	0.1045	0.5066	0.1210	0.6014	0.3222	0.5195	0.7064	0.4257	0.5037	0.4048	0.5923	0.5912
0.4936	0.5952	0.5894	0.4861	0.4150	0.5851	0.4084	0.3314	0.3954	0.5066	0.0000	0.6014	0.3222	0.5711	0.7953	0.4257	0.5037	0.4048	0.5923	0.5912
0.4936	0.5952	0.5894	0.4948	0.4150	0.5851	0.4084	0.4048	0.3954	0.6811	0.5801	0.6014	0.3222	0.4156	0.4714	0.4257	0.5037	0.4048	0.5923	0.5912
0.4936	0.5952	0.4941	0.4948	0.4150	0.5851	0.4084	0.4048	0.5087	0.3982	0.5807	0.6014	0.3222	0.4156	0.6798	0.4257	0.5037	0.4048	0.5923	0.5912
0.4936	0.5952	0.4941	0.3191	0.4150	0.4911	0.5899	0.4048	0.5087	0.4016	0.4880	0.6014	0.3222	0.4156	0.5085	0.4257	0.5037	0.4048	0.5923	0.5912
0.4936	0.5952	0.4160	0.4168	0.4150	0.4911	0.5899	0.4075	0.3966	0.0416	0.5151	0.6014	0.3173	0.4156	0.5085	0.4257	0.5037	0.4048	0.5923	0.5912
0.4936	0.5952	0.5777	0.4168	0.4150	0.4911	0.5899	0.4075	0.3966	0.2273	0.5151	0.6014	0.3173	0.4156	0.5085	0.4257	0.5037	0.4048	0.5923	0.5912
0.5830	0.5952	0.5947	0.4168	0.4150	0.4911	0.5899	0.4075	0.3966	0.6661	0.5151	0.6014	0.3173	0.4093	0.5085	0.4257	0.5037	0.4048	0.5923	0.5912
0.5830	0.5952	0.5947	0.4168	0.4150	0.4911	0.5063	0.4075	0.5858	0.3926	0.8464	0.6014	0.3173	0.4093	0.5085	0.4257	0.5037	0.4048	0.5923	0.5912
0.5830	0.4237	0.5947	0.4168	0.4150	0.4911	0.5962	0.4075	0.5858	0.5047	0.4064	0.6014	0.3173	0.4093	0.5085	0.4257	0.5037	0.6770	0.5923	0.5912
0.5830	0.5973	0.5947	0.4168	0.5035	0.4911	0.5962	0.4075	0.5858	0.3076	0.5883	0.6014	0.3173	0.4093	0.5085	0.4257	0.5037	0.6770	0.5923	0.5912
0.5830	0.5973	0.5947	0.4168	0.5035	0.4911	0.5962	0.4075	0.5858	0.3076	0.4037	0.6014	0.4996	0.4093	0.5085	0.4257	0.5037	0.6770	0.5923	0.4109
0.5830	0.5973	0.5947	0.4168	0.5035	0.4911	0.5962	0.4075	0.5858	0.3993	0.4037	0.6014	0.4996	0.4093	0.4815	0.4257	0.5037	0.6770	0.5923	0.4109
0.5830	0.5973	0.4068	0.4168	0.5035	0.4911	0.5962	0.4075	0.5858	0.3993	0.4037	0.6014	0.4996	0.4093	0.4815	0.4257	0.5037	0.6770	0.5923	0.4109
0.5830	0.5973	0.4068	0.4168	0.5035	0.4911	0.4921	0.4075	0.5967	0.3993	0.4037	0.6014	0.4996	0.4093	0.4204	0.4257	0.5037	0.6770	0.5859	0.4109
0.5830	0.4899	0.4068	0.4168	0.5035	0.4911	0.4921	0.4075	0.5967	0.3993	0.7026	0.6014	0.4996	0.4093	0.6039	0.5891	0.5037	0.4201	0.5859	0.4109
0.5830	0.3267	0.4068	0.4168	0.5035	0.4911	0.4921	0.4075	0.5984	0.3993	0.6054	0.6014	0.4996	0.4093	0.6039	0.5891	0.5037	0.4201	0.5859	0.4109
0.5830	0.3267	0.4068	0.4962	0.5035	0.4911	0.4921	0.4075	0.5982	0.3993	0.6054	0.5786	0.4996	0.4093	0.6039	0.5891	0.5037	0.4201	0.5859	0.4109
0.5830	0.5053	0.4068	0.4962	0.5052	0.3130	0.4921	0.4075	0.5982	0.6008	0.6054	0.5979	0.4996	0.4093	0.6039	0.5891	0.5037	0.4201	0.5859	0.4109
0.5830	0.5053	0.4068	0.4962	0.5052	0.4056	0.4921	0.4075	0.5974	0.5002	0.6054	0.5979	0.4996	0.4093	0.5779	0.5891	0.5037	0.4201	0.5859	0.4109
0.5830	0.5053	0.4068	0.4962	0.5052	0.4056	0.4921	0.5893	0.5039	0.5878	0.6054	0.6042	0.4996	0.4093	0.5779	0.5891	0.5037	0.4201	0.5859	0.4109
0.5830	0.5053	0.4068	0.6798	0.5052	0.4056	0.4921	0.5893	0.4016	0.5878	0.5024	0.5062	0.4996	0.4093	0.5779	0.5891	0.5037	0.4201	0.5859	0.4109
0.5830	0.4944	0.4068	0.5936	0.5052	0.4056	0.4921	0.5893	0.4016	0.5878	0.5024	0.5062	0.4996	0.4093	0.5986	0.5891	0.5037	0.4201	0.5859	0.4109
0.6069	0.4944	0.4068	0.5936	0.5052	0.4056	0.4921	0.5893	0.4030	0.5878	0.5024	0.5062	0.4996	0.4093	0.5986	0.4980	0.5037	0.4201	0.5859	0.4109
0.6069	0.4944	0.4068	0.5936	0.6779	0.4056	0.5017	0.5893	0.4934	0.5066	0.5024	0.5062	0.4996	0.4093	0.5986	0.4980	0.5037	0.4201	0.5859	0.4109
0.6069	0.4944	0.4068	0.5936	0.5891	0.4056	0.5017	0.5893	0.4934	0.5066	0.5024	0.5062	0.4996	0.4093	0.5986	0.4980	0.5037	0.4201	0.5859	0.4109
0.6662	0.4944	0.4068	0.5936	0.5891	0.4056	0.5017	0.5893	0.4934	0.5066	0.5024	0.5062	0.4996	0.4093	0.5986	0.4980	0.5037	0.4201	0.5859	0.4109
0.6662	0.4944	0.4068	0.5936	0.5891	0.4056	0.5017	0.5957	0.4934	0.5066	0.5024	0.5062	0.4996	0.4093	0.5986	0.4980	0.5037	0.4201	0.5859	0.4109
0.4032	0.4944	0.4068	0.5936	0.4195	0.4056	0.5017	0.5931	0.4934	0.5066	0.5024	0.5062	0.4996	0.4093	0.5986	0.4980	0.5037	0.4201	0.5859	0.4109
0.4032	0.4944	0.4068	0.5936	0.4195	0.4056	0.5017	0.5931	0.4934	0.5066	0.5024	0.4914	0.4996	0.4093	0.5986	0.4980	0.5037	0.4201	0.5859	0.4109
0.4032	0.4944	0.4068	0.5936	0.4195	0.4056	0.4984	0.5931	0.4934	0.5066	0.5024	0.4914	0.4996	0.4093	0.5986	0.4980	0.5037	0.4201	0.5903	0.4109
0.4173	0.4944	0.4068	0.5936	0.4195	0.4056	0.4984	0.5931	0.4934	0.5066	0.5024	0.4914	0.4996	0.4093	0.5986	0.4980	0.5037	0.4201	0.5903	0.4109
0.4173	0.4944	0.4068	0.5936	0.4195	0.4056	0.4984	0.5931	0.4934	0.5066	0.5024	0.5888	0.4996	0.4093	0.5986	0.4980	0.5037	0.4201	0.5903	0.4109
0.4173	0.4944	0.4068	0.5936	0.4195	0.4056	0.4984	0.5931	0.4934	0.5066	0.5024	0.5888	0.4996	0.4093	0.5986	0.4980	0.5037	0.5095	0.5903	0.4109
0.4173	0.4944	0.4068	0.5936	0.4195	0.4056	0.4984	0.5931	0.4934	0.5066	0.5024	0.5888	0.4996	0.4093	0.5986	0.4980	0.5037	0.5095	0.5903	0.4109
0.4173	0.4944	0.4068	0.5936	0.4195	0.4056	0.4984	0.5931	0.4934	0.5066	0.5024	0.5888	0.4996	0.4093	0.5986	0.4980	0.5037	0.5095	0.5903	0.4109
0.4173	0.4944	0.4068	0.5936	0.4195	0.4056	0.4984	0.5112	0.4934	0.5066	0.5024	0.5888	0.4996	0.4093	0.5986	0.4980	0.5037	0.5095	0.5903	0.4109
0.4173	0.4944	0.5033	0.5936	0.4195	0.4056	0.4984	0.5112	0.4934	0.4965	0.5024	0.5888	0.4996	0.4093	0.5986	0.4980	0.5037	0.5095	0.5903	0.4109
0.4173	0.4944	0.5033	0.5936	0.4195	0.4056	0.4984	0.5112	0.4934	0.4965	0.5024	0.5888	0.4996	0.4093	0.5986	0.5003	0.5037	0.5095	0.5903	0.4109
0.4173	0.4944	0.5033	0.5936	0.4195	0.4056	0.4984	0.5112	0.4934	0.4965	0.5024	0.5888	0.4996	0.4093	0.5986	0.5003	0.5037	0.5095	0.5903	0.4109
0.4173	0.4944	0.5033	0.5936	0.4195	0.4056	0.4984	0.4969	0.4934	0.4965	0.5024	0.5888	0.4996	0.4093	0.5986	0.5003	0.5037	0.5095	0.5903	0.4109
0.4173	0.4944	0.5033	0.5936	0.4195	0.4056	0.4984	0.4969	0.4934	0.4965	0.5024	0.5888	0.4996	0.4093	0.5986	0.5003	0.5037	0.5095	0.5903	0.4109
0.4173	0.4944	0.5033	0.5936	0.4195	0.4056	0.4984	0.4969	0.4934	0.4965	0.5024	0.5888	0.4996	0.4093	0.5986	0.5003	0.5037	0.5095	0.5903	0.4109
0.4173	0.4944	0.5033	0.5936	0.4195	0.4056	0.4984	0.4986	0.4934	0.4965	0.5024	0.5888	0.4996	0.4093	0.5986	0.5003	0.5037	0.4935	0.5903	0.4109
0.4173	0.4944	0.5033	0.5042	0.4195	0.4056	0.4984	0.4986	0.4934	0.4965	0.5024	0.5888	0.4996	0.4093	0.5986	0.5003	0.5037	0.4935	0.5050	0.4109
0.4173	0.4944	0.5033	0.5042	0.4195	0.4056	0.4984	0.4986	0.4934	0.4965	0.5024	0.5888	0.4996	0.4093	0.5986	0.5003	0.5037	0.4935	0.5050	0.4109
0.4173	0.4944	0.5033	0.5042	0.4195	0.4056	0.4984	0.4986	0.4934	0.4965	0.5024	0.5888	0.4996	0.4093	0.4157	0.5003	0.5037	0.4935	0.5050	0.4109
0.4173	0.4944	0.5033	0.5042	0.4195	0.4056	0.4984	0.4986	0.4934	0.4965	0.5024	0.5888	0.4996	0.4093	0.6757	0.5003	0.5037	0.4935	0.5050	0.4109
0.5086	0.4944	0.5033	0.5042	0.4195	0.4056	0.4984	0.4986	0.4934	0.4965	0.5024	0.5888	0.4996	0.4093	0.6757	0.5003	0.5037	0.4935	0.5050	0.4109
0.5086	0.4944	0.5033	0.5042	0.4195	0.5823	0.4984	0.4986	0.4934	0.4965	0.5024	0.5888	0.4996	0.4093	0.6757	0.5003	0.5037	0.4935	0.5050	0.4109
0.5086	0.4944	0.5033	0.5042	0.4195	0.5823	0.4984	0.4986	0.4934	0.4965	0.5024	0.5888	0.4996	0.4093	0.6757	0.5003	0.5037	0.4935	0.5050	0.4109
0.5086	0.4944	0.5033	0.5042	0.4195	0.5823	0.4984	0.4986	0.4934	0.4965	0.5024	0.5888	0.4996	0.4093	0.6757	0.5003	0.5037	0.4935	0.5050	0.4109
0.4979	0.4944	0.5033	0.4113	0.4195	0.5823	0.4984	0.4986	0.4934	0.4965	0.5024	0.5888	0.4996	0.4093	0.6757	0.5003	0.5037	0.4935	0.5050	0.4109
0.4979	0.4944	0.5033	0.4113	0.4195	0.5823	0.4984	0.4986	0.4934	0.4965	0.5024	0.5888	0.4996	0.4093	0.4952	0.5003	0.5037	0.4935	0.5050	0.4109
0.4979	0.4944	0.5033	0.4113	0.4195	0.5823	0.4984	0.4986	0.4934	0.4965	0.5024	0.5888	0.4996	0.4093	0.4952	0.5003	0.5037	0.4935	0.5050	0.4109
0.4979	0.4944	0.5033	0.4113	0.4195	0.5823	0.4984	0.4986	0.4934	0.4965	0.5024	0.5888	0.4996	0.4093	0.4952	0.5003	0.5037	0.4935	0.5050	0.4109
0.4979	0.4944	0.5033	0.4113	0.4195	0.5823	0.4984	0.4986	0.4934	0.4965	0.5024	0.5888	0.4996	0.4093	0.4952	0.5003	0.5037	0.4935	0.5050	0.4109
0.4979	0.4944	0.5033	0.4113	0.4195	0.5823	0.4984	0.4986	0.4934	0.4965	0.5024	0.5888	0.4996	0.4093	0.4952	0.5003	0.5037	0.4935	0.5050	0.4109
0.4979	0.4944	0.5033	0.4113	0.4195	0.5823	0.4984	0.4986	0.4934	0.4965	0.5024	0.5888	0.4996	0.4093	0.4952	0.5044	0.5037	0.4935	0.5050	0.4109
0.4979	0.4944	0.5033	0.4113	0.4195	0.5823	0.4984	0.4986	0.4934	0.4965	0.5024	0.5888	0.4996	0.4093	0.4952	0.5044	0.5037	0.4935	0.5050	0.4109
0.4979	0.4944	0.5033	0.4113	0.4195	0.5823	0.4984	0.4986	0.4934	0.4965	0.5024	0.5888	0.4996	0.4093	0.4952	0.5044	0.5037	0.4935	0.5050	0.4109
0.4979	0.4944	0.5033	0.4113	0.4195	0.5823	0.4984	0.4986	0.4934	0.4965	0.5024	0.5888	0.4996	0.4093	0.4952	0.5044	0.5037	0.4935	0.5050	0.4109
0.4979	0.4944	0.5033	0.4113	0.4195	0.5823	0.4984	0.4986	0.4934	0.4965	0.5024	0.5888	0.4996	0.4093	0.4952	0.5044	0.5037	0.4935	0.5050	0.4109
0.4979	0.4944	0.5033	0.4113	0.4195	0.5823	0.4984	0.4986	0.4934	0.4965	0.5024	0.5888	0.4996	0.4093	0.5925	0.5044	0.5037	0.4935	0.5050	0.4109
0.4979	0.4944	0.5033	0.4113	0.4195	0.5823	0.4984	0.4986	0.4934	0.4965	0.5024	0.5888	0.4996	0.4093	0.3961	0.5044	0.5037	0.4935	0.5050	0.4109
0.4979	0.4944	0.5033	0.4113	0.4195	0.5117	0.4984	0.4986	0.4934	0.4965	0.5024	0.5888	0.4996	0.4093	0.3961	0.5044	0.5037	0.4935	0.5050	0.4109
0.4979	0.4944	0.5033	0.4113	0.4195	0.5117	0.4984	0.4986	0.4934	0.4965	0.5024	0.5888	0.4996	0.4093	0.3961	0.5044	0.5037	0.4935	0.5050	0.4109
0.4979	0.4944	0.5033	0.4113	0.4195	0.5117	0.4984	0.4986	0.4934	0.4965	0.5024	0.5888	0.4996	0.4093	0.3961	0.5044	0.5037	0.4935	0.5050	0.4109
0.4979	0.4944	0.5033	0.4113	0.4195	0.5117	0.4984	0.4986	0.4934	0.4965	0.5024	0.5888	0.4996	0.4093	0.3961	0.5044	0.5037	0.4935	0.5050	0.4109
0.4979	0.4944	0.5033	0.4113	0.4195	0.5117	0.4984	0.4986	0.4934	0.4965	0.5024	0.5888	0.4996	0.4093	0.3961	0.5044	0.5037	0.4935	0.5050	0.4109
0.4979	0.4944	0.5033	0.4113	0.4195	0.5117	0.4984	0.4986	0.4934	0.4965	0.5024	0.5888	0.4996	0.4093	0.3961	0.5044	0.5037	0.4935	0.5050	0.4109
0.4979	0.4944	0.5033	0.4113	0.4195	0.5117	0.4984	0.4986	0.4934	0.4965	0.5024	0.5888	0.4996	0.4093	0.3961	0.5044	0.5037	0.4935	0.5050	0.4109
0.4979	0.4944	0.5033	0.4113	0.4195	0.5117	0.4984	0.4986	0.4934	0.4965	0.5024	0.5888	0.4996	0.4093	0.3961	0.5044	0.5037	0.4935	0.5050	0.4109
0.4979	0.4944	0.5033	0.4113	0.4195	0.5117	0.4984	0.4986	0.4934	0.4965	0.5024	0.5888	0.4996	0.4093	0.3961	0.5044	0.5037	0.4935	0.5050	0.4109
0.4979	0.4944	0.5033	0.4113	0.4195	0.5117	0.4984	0.4986	0.4934	0.4965	0.5024	0.5888	0.4996	0.4093	0.3961	0.5044	0.5037	0.4935	0.5050	0.4109
0.4979	0.4944	0.5033	0.4113	0.4195	0.5117	0.4984	0.4986	0.4934	0.4965	0.5024	0.5888	0.4996	0.4093	0.5834	0.5044	0.5037	0.4935	0.5050	0.4109
0.4979	0.4944	0.5033	0.4113	0.4195	0.5117	0.4984	0.4986	0.4934	0.4965	0.5024	0.5888	0.4996	0.4093	0.5834	0.5044	0.5037	0.4935	0.5050	0.4109
