0.4003	0.2572	0.3591	0.0036	0.5971	0.9205	0.0345	0.5090	0.7281	0.1307
1.0000	0.5118	0.7678	0.4527	0.0523	1.0000	0.8535	0.0751	1.0000	0.6075
0.0000	0.8865	0.7325	1.0000	0.3910	0.5620	0.7031	1.0000	1.0000	0.4811
0.6437	0.4775	0.4882	0.5124	0.5243	0.7287	0.2716	0.5690	0.4796	0.8590
0.3976	0.5009	0.5095	0.5111	0.9396	0.3302	0.8268	1.0000	0.5402	0.7191
0.5418	0.2984	0.5095	0.1439	0.3624	0.6498	0.0157	1.0000	0.0960	1.0000
0.1411	0.1850	0.5095	0.4589	0.8687	0.3226	0.7754	0.6970	0.5010	0.4831
0.8366	0.5281	0.5095	0.0354	0.2918	0.1835	0.3668	0.8663	0.5010	0.4831
0.3518	0.5281	0.5095	0.7418	0.5082	0.1918	0.4864	0.2850	0.5010	0.4831
0.8651	0.7190	0.5095	0.7476	0.3043	0.3131	0.4093	0.7143	0.5010	0.4831
0.1504	0.7240	0.5095	0.6802	0.6868	0.0000	0.6203	0.6658	0.5109	0.4831
0.5319	0.0000	0.5095	0.5232	0.4768	0.4740	0.5030	0.4582	0.4741	0.4831
0.1549	1.0000	0.5095	0.9863	1.0000	0.4740	0.3776	0.4734	0.4738	0.4831
0.3310	0.6902	0.5095	0.0000	0.7002	0.4865	0.5346	0.4714	0.6841	0.4831
0.3055	0.5410	0.5095	0.3856	0.5193	0.6503	0.3325	0.4714	0.6967	0.4831
0.6955	0.4906	0.5095	0.6800	0.5193	0.4401	0.6559	0.6817	0.6793	0.4831
0.0000	0.4906	0.3123	1.0000	0.5193	0.7729	0.2787	0.4813	0.0000	0.4831
0.7883	0.4930	0.3123	0.0000	0.5193	0.4885	0.2787	0.3071	0.4867	0.4831
0.5578	0.4930	0.3123	0.8604	0.5193	0.6658	0.7020	0.3071	1.0000	0.4831
0.6734	0.4930	0.3123	0.4192	0.5193	1.0000	0.7020	0.3071	0.9307	0.4831
0.7405	0.4650	0.3123	0.3050	0.6933	0.3207	0.3342	0.3071	0.5969	0.4831
0.4565	0.1055	0.3123	0.2923	0.4747	0.0000	0.3342	0.5252	0.8859	0.4831
0.4565	0.0126	0.3123	0.2923	0.4747	1.0000	0.3342	0.5252	0.0000	0.4831
0.4565	0.9483	0.3260	0.2600	0.4747	0.6947	0.3342	0.5252	0.6130	0.4831
0.5070	0.8662	0.3260	0.8154	0.4747	0.6947	0.5346	0.5252	0.5125	0.4831
0.4920	0.3560	0.3260	0.4658	0.4747	0.7081	0.5346	0.5252	0.5125	0.4831
0.4920	0.3344	0.3260	0.3067	0.4747	0.7013	0.5346	0.5252	0.5170	0.5085
0.4920	0.3179	0.3260	0.3067	0.4747	0.7013	0.5346	0.5252	0.5170	0.5085
0.4920	0.4731	0.5017	0.3067	0.3140	0.7035	0.5346	0.5252	0.5170	0.5085
0.4920	0.5171	0.5017	0.9748	0.3140	0.7035	0.2822	0.4644	0.5170	0.5085
0.4920	0.5171	0.5017	0.9009	0.3140	0.7035	0.6857	0.4644	0.5170	0.5085
0.4920	0.5171	0.5017	0.4819	0.3140	0.7035	0.5214	0.4856	0.5170	0.5085
0.4920	0.5171	0.5017	0.4776	0.7132	0.7035	0.5214	0.4856	0.5170	0.5085
0.4920	0.5149	0.5017	0.4776	0.4771	0.7035	0.5214	0.4856	0.5235	0.4998
0.4920	0.5149	0.5017	0.4776	0.4771	0.7035	0.5214	0.4856	0.4833	0.4998
0.4920	0.3168	0.5017	0.4776	0.4782	0.7035	0.5214	0.4856	0.4833	0.4998
0.4920	0.3168	0.5017	0.4776	0.4782	0.6844	0.5214	0.4856	0.4833	0.4998
0.4920	0.3168	0.5017	0.4776	0.3300	0.4478	0.5017	0.4856	0.4833	0.4998
0.4920	0.3168	0.5017	0.4776	0.3300	0.3015	0.5043	0.4856	0.4833	0.4998
0.4920	0.3166	0.5017	0.4776	0.7234	0.3015	0.5043	0.4856	0.4833	0.4968
0.4920	0.4858	0.5017	0.4776	0.6912	0.6964	0.5043	0.4856	0.4833	0.4968
0.4920	0.5037	0.5017	0.3028	0.6912	0.3248	0.5043	0.4856	0.4833	0.4968
0.4920	0.3226	0.5017	0.3028	0.6912	0.3248	0.5043	0.4856	0.4833	0.4968
0.4920	0.5209	0.5017	0.3028	0.6912	0.7021	0.5043	0.4856	0.4833	0.4968
0.4920	0.5209	0.5017	0.3028	0.6912	0.5017	0.5043	0.4856	0.4833	0.4968
0.4920	0.5209	0.5017	0.3028	0.6912	0.5017	0.5043	0.4856	0.4833	0.4968
0.4920	0.5209	0.5017	0.3028	0.6912	0.5017	0.5043	0.4856	0.4833	0.4968
0.4920	0.5209	0.5017	0.3028	0.6912	0.5135	0.5043	0.4856	0.4833	0.4968
0.4920	0.5209	0.5017	0.3028	0.6912	0.5135	0.5043	0.4856	0.4833	0.4968
0.4920	0.5209	0.5017	0.3028	0.6912	0.5135	0.5043	0.4856	0.4833	0.4968
0.4920	0.4902	0.5017	0.3028	0.6912	0.5135	0.5043	0.4856	0.4833	0.4968
0.4920	0.4902	0.5017	0.3028	0.6912	0.4999	0.5043	0.4856	0.4833	0.4968
0.4920	0.4902	0.5017	0.3028	0.4818	0.4999	0.5043	0.4856	0.4833	0.4968
0.4920	0.4902	0.5017	0.3028	0.4818	0.4999	0.5043	0.4856	0.4833	0.4968
0.4920	0.4902	0.5017	0.3028	0.7107	0.4999	0.4919	0.4856	0.4833	0.4968
0.4920	0.4902	0.5017	0.3028	0.7107	0.4999	0.4919	0.4856	0.4833	0.4968
0.4920	0.4902	0.5017	0.3028	0.7107	0.4830	0.4919	0.4856	0.4833	0.4968
0.4920	0.4902	0.5017	0.3028	0.7107	0.4830	0.4919	0.4856	0.4833	0.4968
0.4920	0.4902	0.5017	0.3028	0.7107	0.4830	0.4919	0.4856	0.4833	0.4968
0.4920	0.4902	0.4960	0.3028	0.7107	0.4830	0.4919	0.4856	0.4833	0.4968
0.4920	0.4902	0.4960	0.3028	0.5285	0.4830	0.4919	0.4856	0.4833	0.4968
0.4920	0.4902	0.4960	0.3028	0.5285	0.4830	0.4919	0.4856	0.4833	0.4968
0.4920	0.4902	0.4960	0.3028	0.5054	0.4830	0.4919	0.4856	0.4833	0.4968
0.4920	0.4902	0.4960	0.3028	0.5054	0.4830	0.4919	0.4856	0.4833	0.4968
0.4920	0.4902	0.4960	0.3028	0.5054	0.4830	0.4919	0.4790	0.4833	0.4968
0.4920	0.5097	0.4960	0.5193	0.5054	0.4830	0.4919	0.4790	0.4833	0.4968
0.4920	0.5097	0.4960	0.5193	0.5054	0.4830	0.5002	0.4790	0.4833	0.4968
0.4920	0.5097	0.4960	0.4907	0.5054	0.4830	0.5002	0.4790	0.4833	0.4968
0.4920	0.5097	0.4960	0.4907	0.5054	0.4830	0.5002	0.4790	0.4833	0.4968
0.4920	0.5097	0.4960	0.4907	0.5054	0.4830	0.5002	0.4790	0.4833	0.4968
0.4920	0.5097	0.4960	0.4907	0.5054	0.4830	0.5002	0.4790	0.4833	0.4968
0.4920	0.5097	0.4960	0.5050	0.5054	0.4830	0.5002	0.5181	0.4833	0.4968
0.4920	0.5097	0.4960	0.5050	0.5054	0.4830	0.5002	0.5181	0.4833	0.4968
0.4920	0.5097	0.4960	0.5050	0.5054	0.4830	0.5002	0.5181	0.4833	0.4968
0.4920	0.5097	0.4960	0.5050	0.5054	0.4830	0.5002	0.5181	0.4833	0.4968
0.4920	0.5097	0.4960	0.5050	0.5054	0.4830	0.5002	0.5181	0.4833	0.4968
0.4920	0.5097	0.4960	0.5050	0.5054	0.4830	0.5002	0.5181	0.4833	0.4968
0.4920	0.5097	0.4960	0.5050	0.5054	0.4830	0.5002	0.5181	0.4833	0.4968
0.4920	0.5097	0.4960	0.5050	0.5054	0.4830	0.5002	0.5181	0.4833	0.4968
0.4920	0.5097	0.4960	0.5050	0.5054	0.4830	0.5002	0.5181	0.4833	0.4968
0.4920	0.5097	0.4960	0.5050	0.5054	0.5021	0.5002	0.5181	0.4833	0.4968
0.4920	0.5097	0.4960	0.4978	0.5054	0.5021	0.5002	0.5181	0.4833	0.4968
0.4920	0.5097	0.4960	0.4978	0.5054	0.5021	0.5002	0.5181	0.4833	0.4968
0.4920	0.5097	0.4960	0.4978	0.5054	0.5021	0.5002	0.5181	0.4833	0.4968
0.4920	0.5097	0.4960	0.4978	0.5054	0.5021	0.5002	0.5181	0.4833	0.4968
0.4920	0.5097	0.4960	0.4978	0.5054	0.5021	0.5002	0.5181	0.4833	0.4968
0.4920	0.5097	0.4960	0.4978	0.5054	0.5021	0.5002	0.5181	0.4833	0.4968
0.4920	0.5097	0.4960	0.4978	0.5054	0.5021	0.5002	0.5181	0.4833	0.4968
0.4920	0.5097	0.4960	0.4978	0.5054	0.5021	0.5002	0.5181	0.4833	0.4968
0.4920	0.5097	0.4960	0.4978	0.5054	0.5021	0.5002	0.5181	0.4833	0.4968
0.4920	0.5097	0.4960	0.4978	0.5054	0.5021	0.5002	0.5181	0.4833	0.4968
0.4920	0.5097	0.4960	0.4978	0.5054	0.5021	0.5002	0.5181	0.4833	0.4968
0.4920	0.5097	0.4960	0.4978	0.5054	0.5021	0.5002	0.5181	0.4833	0.4968
0.4920	0.4942	0.4960	0.4978	0.5054	0.5021	0.5002	0.5181	0.4833	0.4968
0.4920	0.4942	0.4960	0.4978	0.5054	0.5021	0.5002	0.5181	0.4833	0.4968
0.4920	0.4942	0.4960	0.4978	0.5054	0.5021	0.5002	0.5181	0.4833	0.4968
0.4920	0.4942	0.4960	0.4978	0.5054	0.5021	0.5002	0.5181	0.4833	0.4968
0.4920	0.4942	0.4960	0.4978	0.5054	0.5021	0.5002	0.5181	0.4833	0.4968
0.4920	0.4942	0.4960	0.4978	0.5054	0.5021	0.5002	0.5181	0.4833	0.4968
0.4920	0.4942	0.4960	0.4978	0.5054	0.5021	0.4915	0.5181	0.4833	0.4968
0.4920	0.4942	0.4960	0.4978	0.5054	0.5021	0.4915	0.5181	0.4833	0.4968
