0.7238	0.8196	0.1605	0.9908	0.3987	0.4798	0.5012	0.5227	0.3243	0.4930
0.5768	0.5020	0.7190	0.1369	0.6659	0.3012	0.8836	0.4303	0.6695	0.4000
0.4765	1.0000	0.2850	0.6074	0.3424	0.5636	0.5576	0.4665	0.8301	0.7306
0.5884	0.4349	0.8618	1.0000	0.6309	0.2202	0.9541	0.5884	0.6846	1.0000
0.5884	0.2291	0.7103	0.5068	0.1650	0.2363	0.5996	0.5884	0.3149	1.0000
0.5884	0.6785	0.4046	0.3928	0.8805	0.6747	0.5996	0.2305	0.5785	1.0000
0.4185	0.6785	0.3380	0.3994	0.3886	0.6747	0.5996	0.5718	0.1746	1.0000
0.4806	0.6785	0.1365	0.7685	0.4010	0.3167	0.5996	0.5209	0.5035	0.6963
0.4806	0.6764	0.1468	0.4719	0.4010	0.3167	0.2260	0.6721	0.5035	0.0048
0.4806	0.6764	0.4965	0.0000	0.0000	0.3167	0.4902	0.6721	0.5035	1.0000
0.4806	0.5828	1.0000	0.2222	0.6324	0.6849	0.6657	0.6721	0.5093	0.0335
0.4806	0.5828	0.4983	0.0000	0.3940	0.6849	0.5925	0.6721	0.4937	1.0000
0.6986	1.0000	0.4983	0.2933	0.4239	0.6849	0.5925	0.6721	0.4937	1.0000
1.0000	0.3123	0.6616	0.6777	0.0000	0.6849	0.5751	0.6721	0.6049	1.0000
0.0000	1.0000	0.6753	0.4010	1.0000	0.6867	0.5751	0.5119	0.6049	0.8587
0.5854	0.4997	0.6087	0.4983	0.5869	0.6867	0.5751	0.4848	0.5892	0.4978
0.3312	0.6821	0.5676	0.7796	0.5869	0.6867	1.0000	0.4848	0.6717	0.4978
0.3312	0.6821	0.3332	0.8796	0.5869	0.6867	0.9295	0.4848	0.0000	0.4978
0.3312	0.6667	0.3279	0.7566	0.3154	0.6867	0.7842	0.4848	0.6471	0.4978
0.5039	0.6667	0.5050	0.6481	0.4046	0.6867	0.3077	0.4848	0.0000	0.4978
0.5039	0.3936	0.5050	0.3394	0.4071	0.6867	0.4085	0.4954	0.0000	0.4978
0.5039	0.5190	0.5029	0.5004	0.5859	0.6867	0.4085	0.4954	0.5651	0.4978
0.5957	0.5190	0.5029	0.5004	0.7219	0.6867	0.4085	0.4954	0.5651	0.4978
0.5957	0.4285	0.4940	0.5004	1.0000	0.4056	0.4085	0.4954	0.3132	0.4978
0.5957	0.4285	0.4940	0.5004	0.5802	0.4056	0.5178	0.5960	0.3132	0.4978
0.5957	0.4021	0.6002	0.5004	0.2320	0.4056	0.5178	0.5960	0.6784	0.4978
0.5957	0.3929	0.6002	0.5004	0.5075	0.4056	0.4266	0.5960	0.6784	0.4978
0.4194	0.5135	0.6002	0.5004	0.4028	0.4056	0.4266	0.5960	0.6784	0.4978
0.4194	0.5135	0.6014	0.5004	0.4028	0.6793	0.4266	0.5960	1.0000	0.4978
0.4194	1.0000	0.6014	0.5004	0.4028	0.6793	0.5894	0.5960	0.5256	0.4978
0.4194	0.2404	0.6014	0.5004	0.4028	0.6793	0.5176	0.5960	0.3322	0.4978
0.5112	0.2404	0.6838	0.5004	0.4028	0.6825	0.3394	0.5960	0.5763	0.4978
0.5112	0.4841	0.3447	0.5004	0.4028	0.6825	0.5817	0.5960	0.6028	0.4978
0.5112	0.4132	0.3318	0.5004	0.4028	0.6825	0.5817	0.5960	0.5132	0.4978
0.5112	0.4132	0.3318	0.5004	0.4028	0.6825	0.5817	0.5960	0.5132	0.4978
0.5112	0.4132	0.3318	0.5861	0.5095	0.6825	0.5817	0.5960	0.5132	0.4978
0.5792	0.4132	0.0490	0.5861	0.5095	0.6016	0.5817	0.5960	0.5132	0.4978
0.5792	0.4132	0.4060	0.5861	0.5095	0.6016	0.5817	0.5960	0.5132	0.4978
0.5792	0.4132	0.6031	0.5949	0.5095	0.6016	0.3316	0.5960	0.5132	0.4978
0.5792	0.6804	0.6031	0.5949	0.5095	0.4968	0.7608	0.5960	0.5132	0.4978
0.5792	0.6804	0.6031	0.5949	0.5095	0.4968	0.4923	0.5960	0.5132	0.4978
0.5792	0.4098	0.6031	0.5949	0.5095	0.4968	0.4923	0.5960	0.5132	0.4978
0.5792	0.4098	0.6031	0.5026	0.5095	0.4968	0.6875	0.4064	0.5132	0.4978
0.5792	0.4098	0.6031	0.5026	0.5095	0.4968	0.6875	0.4064	0.5132	0.4978
0.5792	0.4098	0.6031	0.5026	0.5095	0.4968	0.6875	0.4064	0.5132	0.4978
0.5792	0.4098	0.4870	0.5026	0.5095	0.4968	0.6875	0.4064	0.5132	0.4978
0.5792	0.4098	0.5102	0.5026	0.5874	0.4968	0.6875	0.4064	0.5132	0.4978
0.5792	0.4098	0.5102	0.5026	0.5874	0.4968	0.6875	0.4064	0.5132	0.4978
0.5792	0.4076	0.5102	0.5026	0.5874	0.4968	0.6875	0.4064	0.5132	0.4978
0.5014	0.4076	0.5102	0.5026	0.5874	0.4968	0.6875	0.4064	0.5132	0.4978
0.5014	0.5973	0.5102	0.5026	0.5874	0.4968	0.4842	0.4064	0.5132	0.4978
0.5014	0.5973	0.5102	0.5026	0.5874	0.4968	0.4842	0.4064	0.5132	0.4978
0.4150	0.5973	0.5102	0.5026	0.5874	0.4968	0.4842	0.4064	0.5132	0.4978
0.4150	0.5973	0.5102	0.4990	0.5874	0.4968	0.4842	0.4064	0.5132	0.4978
0.4150	0.5973	0.5102	0.4990	0.5874	0.4968	0.4842	0.4064	0.5132	0.4978
0.4150	0.5973	0.4993	0.4990	0.5874	0.4968	0.4842	0.4064	0.5132	0.4978
0.4150	0.5973	0.4993	0.4990	0.5874	0.4968	0.4842	0.5061	0.5132	0.4978
0.4150	0.5973	0.4993	0.4990	0.5874	0.4968	0.4842	0.5061	0.5132	0.4978
0.4150	0.5973	0.4993	0.4990	0.5874	0.4968	0.4842	0.5061	0.5132	0.4978
0.4150	0.5973	0.4993	0.4990	0.5874	0.4968	0.4956	0.5061	0.5132	0.4978
0.4150	0.5973	0.4993	0.4990	0.5874	0.4968	0.4956	0.5061	0.5132	0.4978
0.4150	0.5973	0.4993	0.4990	0.5874	0.4968	0.4956	0.5061	0.6749	0.4978
0.4150	0.5973	0.4993	0.4990	0.5874	0.4968	0.4956	0.5061	0.6749	0.4978
0.4150	0.5843	0.4993	0.4990	0.5874	0.4968	0.4956	0.5061	0.6749	0.4978
0.4150	0.5843	0.4993	0.4990	0.5874	0.4968	0.4956	0.5061	0.6749	0.4978
0.4150	0.5843	0.4993	0.4990	0.5874	0.4968	0.5016	0.5061	0.5103	0.4978
0.4150	0.5843	0.4993	0.4990	0.5874	0.4968	0.5908	0.5061	0.5103	0.4978
0.4150	0.5843	0.4993	0.4990	0.5874	0.4968	0.5908	0.5061	0.5103	0.4978
0.4150	0.5843	0.4993	0.4990	0.5874	0.4968	0.5908	0.5061	0.4029	0.4978
0.4084	0.5883	0.4993	0.4990	0.5874	0.4968	0.5908	0.5061	0.4029	0.4978
0.4084	0.5883	0.4993	0.4990	0.5874	0.4968	0.5908	0.5061	0.4029	0.4978
0.4084	0.5883	0.4993	0.4990	0.5874	0.4968	0.5908	0.5061	0.4029	0.4978
0.4084	0.5883	0.4993	0.4990	0.5874	0.4968	0.5908	0.5061	0.4029	0.4978
0.4084	0.5883	0.4993	0.4990	0.5874	0.4968	0.5908	0.5061	0.4029	0.4978
0.4084	0.5883	0.4993	0.4990	0.5874	0.4968	0.5908	0.5061	0.4029	0.4978
0.4990	0.5883	0.4993	0.4990	0.5874	0.4968	0.5908	0.5061	0.4029	0.4978
0.4990	0.5883	0.5011	0.4990	0.5874	0.4968	0.5908	0.5061	0.4029	0.4978
0.4990	0.5883	0.5011	0.4990	0.5874	0.4968	0.5908	0.5061	0.4029	0.4978
0.4990	0.5883	0.5011	0.4990	0.5874	0.4968	0.5908	0.5061	0.4029	0.4978
0.4990	0.5883	0.5011	0.4990	0.5020	0.4968	0.5908	0.5061	0.4029	0.4978
0.4990	0.5883	0.5011	0.4990	0.5020	0.4968	0.5908	0.5061	0.4919	0.4978
0.4990	0.5883	0.5049	0.4990	0.5020	0.4968	0.5908	0.5061	0.4919	0.4978
0.4990	0.5883	0.5049	0.4990	0.5020	0.4968	0.5908	0.5061	0.4919	0.4978
0.4990	0.5883	0.5049	0.4990	0.5020	0.4968	0.5908	0.5061	0.4919	0.4978
0.4990	0.5883	0.5033	0.4990	0.4076	0.4968	0.5908	0.5061	0.4919	0.4978
0.4990	0.5883	0.5033	0.4990	0.4076	0.4968	0.5908	0.5061	0.4919	0.4978
0.4990	0.5883	0.5033	0.4990	0.4076	0.4968	0.5908	0.5061	0.4919	0.4978
0.4990	0.5883	0.5033	0.4990	0.4076	0.4968	0.5908	0.5061	0.4919	0.4978
0.4990	0.5883	0.5033	0.4990	0.4076	0.4968	0.5908	0.5061	0.4919	0.4978
0.4990	0.5883	0.5033	0.4990	0.4076	0.4968	0.5908	0.5061	0.4919	0.4978
0.4990	0.5883	0.5033	0.4990	0.4076	0.4968	0.5908	0.5061	0.4919	0.4978
0.4990	0.5883	0.5033	0.4990	0.4076	0.4968	0.5908	0.5061	0.4919	0.4978
0.4990	0.5883	0.5033	0.4990	0.4076	0.4968	0.5908	0.5061	0.4919	0.4978
0.4990	0.5883	0.5033	0.4990	0.4076	0.5028	0.5908	0.5061	0.4919	0.4978
0.4990	0.5883	0.5033	0.4990	0.4076	0.5028	0.5908	0.5061	0.4919	0.4978
0.4990	0.5883	0.5033	0.4990	0.4076	0.5028	0.5908	0.5061	0.4919	0.4978
0.4990	0.5883	0.5033	0.4990	0.4076	0.5028	0.5908	0.5061	0.4919	0.4978
0.4990	0.5883	0.5033	0.4990	0.4076	0.5028	0.5908	0.5061	0.4919	0.4978
0.4990	0.5883	0.5971	0.4990	0.4076	0.5028	0.5908	0.5061	0.4919	0.4978
0.4990	0.5024	0.5971	0.4990	0.4076	0.5028	0.5908	0.5061	0.4919	0.4978
0.4990	0.5024	0.5971	0.4990	0.4076	0.5028	0.5908	0.5061	0.4919	0.4978
