0.8992	0.3952	0.7374	0.8294	0.6948	0.4079	0.7220	0.7061	0.1754	0.6001	0.6874	0.8206	0.1426	0.5618	0.6031	0.8032	0.4251	0.7031	0.9040	0.9192
0.3896	0.2373	0.4215	0.6259	0.8657	0.0000	0.0000	0.7063	1.0000	1.0000	1.0000	1.0000	0.3589	0.0662	0.4180	0.5187	0.2137	0.2370	1.0000	0.2169
0.4975	1.0000	0.5037	1.0000	0.2975	0.2236	0.3630	0.2458	0.6074	0.4455	0.0215	0.4026	0.6021	0.4288	0.4180	0.0000	0.4055	0.7887	1.0000	0.0000
0.7651	0.9936	0.0000	0.1411	0.4927	0.5956	0.4414	0.4194	0.2239	0.5815	0.5740	0.5694	0.7857	0.3107	0.4180	0.8829	0.2363	1.0000	0.5914	0.4165
0.1979	0.4797	0.3753	0.8964	0.4108	0.5956	0.2260	0.9723	0.4010	0.7511	0.5220	0.4179	0.4958	0.3107	0.4973	0.2761	0.5925	0.5972	0.3494	0.5721
1.0000	0.3673	0.3124	0.2237	0.5949	0.4057	0.4217	0.6086	0.7452	0.5938	0.5220	1.0000	0.4958	0.5946	0.4973	0.5035	0.6763	0.7802	0.3833	0.7586
0.6834	0.0076	0.2323	0.4782	0.5286	0.1672	0.5030	1.0000	0.5117	0.4152	0.5220	0.0000	0.6608	0.5946	0.4172	0.5100	0.6763	0.5904	0.0000	0.6710
0.6788	0.4536	0.6582	0.6927	0.8563	0.2104	0.5030	0.3237	0.5117	0.4152	0.5085	0.2426	0.6060	0.5035	0.4172	0.5100	0.5853	0.0000	0.3821	0.6710
0.7763	0.7709	0.5041	0.3165	0.3167	0.3116	0.5030	0.4972	0.5117	0.4152	0.5085	0.0000	1.0000	0.6030	0.4172	0.5100	0.5853	0.6856	0.3962	0.4185
0.7016	0.5051	0.5041	0.6776	0.6651	0.3416	0.5030	0.4972	0.5117	0.6071	0.5085	0.1266	0.9842	0.0000	0.4172	0.5100	0.5853	0.5990	0.7783	0.4185
0.5322	0.4996	0.5041	0.8365	0.3299	0.7514	0.5030	0.4972	0.5117	0.6071	0.4915	0.4055	1.0000	0.8158	0.4172	0.5100	0.5853	0.5021	0.5870	0.4185
0.4786	0.4996	0.5744	0.4802	0.5956	0.4816	0.5030	0.4972	0.8468	0.4057	0.4915	0.4055	0.0269	0.4996	0.5039	0.4965	0.5853	0.4125	0.5870	0.4185
0.7526	0.4996	0.5046	0.4157	0.4819	0.2354	0.5030	0.5019	0.4405	0.4057	0.4132	0.4055	0.2222	0.4996	0.5039	0.4965	0.5853	0.4125	0.5870	0.4185
0.6152	0.4996	0.5046	0.6637	0.5119	0.6086	0.5030	0.5019	0.4925	0.4057	0.5028	0.4055	0.4958	0.4996	0.5039	0.4965	0.5853	0.4125	0.5870	0.4185
0.5981	0.4996	0.5046	0.1684	0.4127	0.4138	0.5030	0.5019	0.4925	0.4057	0.5028	0.4055	0.4129	0.0000	0.5039	0.4965	0.5853	0.0137	0.5870	0.5128
0.7672	0.4996	0.5046	0.5485	0.4127	0.0000	1.0000	0.5019	0.4925	0.4175	0.5034	0.4055	0.4129	0.1336	0.3226	0.4965	0.5853	0.4405	0.5870	0.4085
0.4998	0.4996	0.5046	0.5717	0.3909	0.5929	0.1112	0.5019	0.4925	0.3315	0.5034	0.4055	0.3989	0.0000	0.6582	0.4965	0.5853	0.4153	0.5870	0.4085
0.4998	0.4996	0.5046	0.3988	0.8180	0.5929	0.4316	0.5019	0.4925	0.6950	0.5034	0.5927	0.3989	0.4956	0.6187	0.4965	0.5853	0.4153	0.5870	0.5926
0.4998	0.4996	0.5046	0.3988	0.4973	0.5883	0.3267	0.5019	0.3016	0.2772	0.5034	0.5927	0.3989	0.4049	0.1740	0.4965	0.5853	0.4153	0.5870	0.5926
0.6769	0.4996	0.5046	0.3988	0.6986	0.5883	0.6684	0.4933	0.5775	0.6876	0.5034	0.5927	0.4090	0.4049	0.4783	0.5810	0.5853	0.4153	0.5870	0.5926
0.0000	0.4996	0.4998	0.3988	0.4161	0.5883	0.0000	0.4933	0.5775	0.2401	0.5034	0.5927	0.4090	0.4049	0.5184	0.5810	0.5853	0.2332	0.4911	0.5926
0.1281	0.4996	0.4998	0.3988	0.3323	0.5922	0.7750	0.5904	0.5775	0.5160	0.5034	0.5927	0.5135	0.4049	0.5012	0.5810	0.5853	0.0000	0.4911	0.5926
0.3254	0.4996	0.4998	0.3988	0.5934	0.5922	1.0000	0.5904	0.5775	0.5149	0.5034	0.5814	0.5135	0.4049	0.5934	0.5810	0.5853	0.5946	0.4911	0.5926
0.3254	0.4996	0.4998	0.3255	0.5934	0.5922	0.7304	0.5904	0.5775	0.5149	0.5034	0.5814	0.5932	0.4049	0.5934	0.5810	0.5853	0.8368	0.5953	0.5058
0.4957	0.4996	0.4998	0.3255	0.5934	0.5922	0.3225	0.5904	0.5775	0.0595	0.5034	0.5814	0.5932	0.4049	0.3100	0.5810	0.5853	0.4393	0.5047	0.4994
0.6798	0.4996	0.4998	0.5074	0.5934	0.4952	0.3225	0.5018	0.5167	0.5756	0.3256	0.5814	0.5932	0.4049	0.1642	0.5810	0.5853	0.5197	0.4968	0.4994
0.6798	0.4996	0.4998	0.5074	0.5934	0.4952	0.5915	0.4128	0.5962	0.1913	0.3256	0.5033	0.5932	0.4049	0.5962	0.5012	0.5853	0.4218	0.4968	0.4994
0.5928	0.4996	0.4998	0.5045	0.5934	0.4952	0.5915	0.4128	0.5962	0.4984	0.3953	0.4215	0.5932	0.4049	0.5056	0.5012	0.5853	0.6859	0.4968	0.4994
0.5928	0.4996	0.4998	0.5045	0.5934	0.4952	0.5915	0.4128	0.5962	0.5577	0.3953	0.4157	0.5932	0.4049	0.5056	0.5012	0.5853	0.6859	0.4968	0.4994
0.6762	0.4996	0.4998	0.5045	0.4936	0.4952	0.5915	0.4128	0.2424	0.6015	0.3953	0.4897	0.5932	0.4049	0.5056	0.5012	0.5853	0.6859	0.4968	0.4994
0.6856	0.4996	0.4998	0.5045	0.4123	0.4857	0.5915	0.4128	0.3952	0.5973	0.3953	0.3240	0.5932	0.4049	0.5880	0.5012	0.5853	0.6859	0.4968	0.4994
0.6856	0.4132	0.4935	0.5045	0.4123	0.4857	0.5915	0.4128	0.3952	0.5973	0.3953	0.5817	0.5932	0.4049	0.5880	0.5012	0.5853	0.4942	0.4968	0.4994
0.6856	0.6010	0.4939	0.5045	0.4133	0.6814	0.5915	0.4128	0.3952	0.5973	0.3953	0.4072	0.5932	0.4049	0.5880	0.5012	0.5853	0.4942	0.4968	0.4994
0.6856	0.6010	0.4939	0.4960	0.4133	0.6814	0.5915	0.4128	0.3952	0.5973	0.3953	0.4041	0.5932	0.4049	0.5880	0.5012	0.5853	0.4942	0.4968	0.4994
0.6856	0.6010	0.4939	0.4960	0.5934	0.6814	0.5915	0.4128	0.4095	0.5973	0.3953	0.4041	0.5932	0.4049	0.5880	0.5012	0.5853	0.5936	0.4968	0.4994
0.6856	0.5897	0.4939	0.4960	0.5934	0.6814	0.5915	0.4128	0.4095	0.0000	0.3953	0.5819	0.5932	0.4991	0.5880	0.5012	0.4025	0.5936	0.4968	0.4994
0.6856	0.5897	0.4939	0.4960	0.5934	0.5064	0.4063	0.4128	0.4095	0.4903	0.3953	0.5819	0.5932	0.4991	0.5880	0.5012	0.4025	0.5936	0.4968	0.4994
0.6856	0.5897	0.4939	0.4960	0.5934	0.5064	0.4063	0.4128	0.4095	0.4903	0.3953	0.5819	0.5932	0.4991	0.3900	0.5012	0.4025	0.5936	0.4968	0.4994
0.6856	0.5897	0.4939	0.5920	0.5934	0.4976	0.4063	0.4128	0.4030	0.4060	0.3953	0.5819	0.5932	0.4991	0.6622	0.5012	0.4025	0.5936	0.4968	0.4994
0.6856	0.6749	0.4939	0.5920	0.5934	0.4976	0.4063	0.4128	0.5953	0.5765	0.4102	0.5819	0.4109	0.4991	0.6622	0.5012	0.4025	0.5936	0.4968	0.4994
0.6861	0.6749	0.4939	0.5920	0.4956	0.4976	0.4063	0.4128	0.5953	0.5765	0.4102	0.5819	0.4109	0.3175	0.6069	0.5012	0.4025	0.5936	0.4968	0.4994
0.2880	0.5994	0.4939	0.5920	0.4956	0.4976	0.4063	0.4128	0.5953	0.4896	0.4102	0.4118	0.4109	0.3175	0.6069	0.5012	0.4025	0.5936	0.4968	0.4994
0.2519	0.5994	0.4939	0.5920	0.4956	0.4976	0.4063	0.4128	0.5953	0.4896	0.4102	0.4078	0.4109	0.3175	0.6069	0.5012	0.4025	0.5936	0.4968	0.4994
0.7097	0.5994	0.4939	0.5920	0.4956	0.4976	0.4063	0.4128	0.5953	0.4896	0.4102	0.4078	0.4109	0.3175	0.4955	0.5012	0.4025	0.5936	0.4968	0.4994
0.4933	0.4201	0.4939	0.5920	0.4956	0.4976	0.4063	0.4128	0.5953	0.4896	0.4102	0.4078	0.4109	0.4934	0.4955	0.5012	0.4025	0.5936	0.4968	0.4994
0.4933	0.4201	0.4939	0.5920	0.4956	0.4976	0.4063	0.4128	0.5953	0.5147	0.4102	0.4078	0.4109	0.4934	0.6874	0.5012	0.4025	0.5936	0.4968	0.4994
0.4933	0.4201	0.4939	0.5920	0.4956	0.4976	0.4063	0.4128	0.5953	0.5782	0.4102	0.4078	0.4109	0.4934	0.6874	0.5012	0.4025	0.5936	0.4968	0.4994
0.4909	0.4201	0.4939	0.5920	0.4956	0.4976	0.4063	0.4128	0.5953	0.5782	0.4102	0.5879	0.4109	0.4180	0.6874	0.5012	0.4025	0.5936	0.4968	0.4994
0.4909	0.4201	0.4939	0.5920	0.4956	0.4976	0.4063	0.4128	0.5953	0.5782	0.4102	0.5879	0.4109	0.4966	0.4887	0.5012	0.4025	0.5936	0.4968	0.4994
0.4909	0.4201	0.4939	0.5920	0.4956	0.4976	0.4063	0.4128	0.5953	0.5782	0.4102	0.5879	0.4109	0.6013	0.4024	0.5012	0.4025	0.5936	0.4968	0.4994
0.4909	0.4201	0.4939	0.5920	0.4956	0.4976	0.4063	0.4128	0.5953	0.3265	0.4102	0.5879	0.4109	0.5944	0.4024	0.5012	0.4025	0.5936	0.4968	0.4994
0.4909	0.4201	0.4939	0.5920	0.4956	0.4976	0.4063	0.4128	0.5953	0.3265	0.4102	0.5879	0.4109	0.5944	0.4024	0.5012	0.4927	0.5878	0.4968	0.4994
0.4909	0.4201	0.4939	0.5920	0.4956	0.4976	0.4063	0.4128	0.5953	0.3265	0.4102	0.5879	0.4109	0.5944	0.4024	0.5012	0.4927	0.5878	0.4968	0.5948
0.4909	0.4201	0.4939	0.5920	0.4956	0.4976	0.4063	0.4128	0.5953	0.3265	0.4102	0.5879	0.4109	0.5944	0.4024	0.5012	0.4927	0.5878	0.4968	0.5948
0.4909	0.4201	0.4939	0.5920	0.4956	0.5021	0.4063	0.4128	0.4987	0.3265	0.4102	0.5879	0.4109	0.4082	0.4024	0.5012	0.4927	0.5878	0.4968	0.5948
0.4909	0.4201	0.4939	0.5920	0.4956	0.5021	0.4063	0.4128	0.4987	0.3265	0.4102	0.5879	0.4109	0.4082	0.4024	0.5012	0.4927	0.5878	0.4968	0.5948
0.4909	0.4201	0.4939	0.5920	0.4129	0.5021	0.4063	0.4128	0.5895	0.3265	0.4102	0.5879	0.4109	0.4082	0.4024	0.5012	0.4927	0.5001	0.4968	0.5948
0.4909	0.4201	0.4939	0.5920	0.4129	0.5021	0.4063	0.4128	0.5895	0.3265	0.4102	0.5879	0.4109	0.4082	0.4024	0.5012	0.4927	0.5001	0.4968	0.5948
0.5144	0.4201	0.4939	0.5920	0.4129	0.5021	0.4063	0.4128	0.5895	0.3265	0.4102	0.5879	0.4109	0.4082	0.4024	0.5012	0.4927	0.5001	0.4968	0.5948
0.5144	0.4201	0.4939	0.5920	0.4129	0.5021	0.4063	0.4128	0.5895	0.3265	0.4102	0.5879	0.4109	0.4082	0.4024	0.5012	0.4927	0.5001	0.4968	0.5948
0.5144	0.4201	0.4939	0.5920	0.4096	0.5021	0.4063	0.4128	0.5895	0.4054	0.4102	0.5879	0.4109	0.4082	0.4024	0.5012	0.4927	0.5001	0.4968	0.5948
0.5144	0.4201	0.4939	0.4936	0.4096	0.5021	0.4063	0.4128	0.5895	0.4054	0.4102	0.5879	0.4109	0.4082	0.4024	0.5012	0.4927	0.5001	0.4968	0.5948
0.5144	0.4201	0.4939	0.4936	0.4096	0.5021	0.4063	0.4128	0.5895	0.4054	0.4102	0.5879	0.4109	0.4082	0.4024	0.5012	0.4927	0.5001	0.4968	0.5948
0.4886	0.4227	0.4939	0.4936	0.4096	0.5021	0.4063	0.4128	0.5895	0.4054	0.4102	0.5879	0.4109	0.4082	0.5148	0.5012	0.4927	0.5001	0.4968	0.5948
0.4886	0.5037	0.4028	0.5934	0.4096	0.5021	0.4063	0.4128	0.5895	0.4054	0.4102	0.5879	0.4109	0.4082	0.5148	0.5012	0.4927	0.5001	0.4968	0.5948
0.4886	0.5037	0.4028	0.5934	0.4096	0.5021	0.4063	0.4128	0.5895	0.4054	0.4102	0.5879	0.4109	0.4082	0.5148	0.5012	0.4927	0.5001	0.4968	0.5948
0.5114	0.5037	0.4028	0.5934	0.4096	0.5021	0.4063	0.4128	0.5023	0.4054	0.4102	0.5879	0.4109	0.4082	0.5148	0.5012	0.4927	0.5001	0.4968	0.5948
0.5114	0.5037	0.4146	0.5934	0.4096	0.5021	0.4063	0.4128	0.5023	0.4054	0.4102	0.5879	0.4109	0.4082	0.5148	0.5012	0.4927	0.5001	0.4968	0.5948
0.5114	0.5037	0.4146	0.5934	0.4096	0.5021	0.4063	0.4128	0.5023	0.4054	0.4102	0.5879	0.4109	0.4082	0.5148	0.5012	0.4927	0.5001	0.4968	0.5948
0.5114	0.5037	0.4146	0.5934	0.4096	0.5021	0.4063	0.4128	0.5023	0.4054	0.4102	0.5879	0.4109	0.4082	0.5148	0.5012	0.4927	0.5001	0.4968	0.5948
0.5114	0.5037	0.4146	0.5934	0.4096	0.5021	0.4063	0.4128	0.5023	0.4054	0.4102	0.5879	0.4109	0.4082	0.5148	0.5012	0.4927	0.5001	0.4968	0.5948
0.5114	0.5037	0.4146	0.5934	0.4096	0.5021	0.4063	0.4128	0.5023	0.4054	0.4918	0.5879	0.4109	0.4082	0.5148	0.5012	0.4927	0.5001	0.4968	0.5948
0.5114	0.5037	0.4146	0.5934	0.4096	0.5021	0.4063	0.4128	0.5023	0.4054	0.4918	0.4116	0.4109	0.4082	0.5148	0.5012	0.4927	0.5001	0.4968	0.5948
0.5114	0.5037	0.5903	0.5934	0.4096	0.5021	0.4063	0.4128	0.5023	0.4054	0.4918	0.4116	0.4109	0.4082	0.5976	0.5012	0.4927	0.5001	0.4968	0.5948
0.5114	0.5037	0.5903	0.5934	0.4096	0.5021	0.4063	0.4128	0.5023	0.4054	0.4918	0.4116	0.4109	0.4082	0.5976	0.5012	0.4927	0.5001	0.4968	0.5948
0.5114	0.5037	0.5903	0.5934	0.4096	0.5021	0.4063	0.4128	0.5023	0.4054	0.4918	0.4116	0.4109	0.4082	0.5976	0.5012	0.4927	0.5001	0.4968	0.5948
0.5114	0.5975	0.5903	0.5934	0.4096	0.5021	0.4063	0.4128	0.5023	0.4054	0.4918	0.4116	0.4109	0.4082	0.5976	0.5012	0.4927	0.5001	0.4968	0.5948
0.5114	0.5975	0.5903	0.5934	0.4096	0.5021	0.4063	0.4128	0.5023	0.4054	0.4918	0.4116	0.4109	0.4082	0.5005	0.5012	0.4927	0.5001	0.4968	0.5948
0.5114	0.5975	0.5903	0.5934	0.4096	0.5827	0.4063	0.4128	0.5023	0.4054	0.4918	0.4116	0.4109	0.4082	0.5005	0.5012	0.4927	0.5001	0.4968	0.5948
0.5114	0.5975	0.5903	0.5934	0.4096	0.5827	0.4063	0.4128	0.5023	0.4054	0.4918	0.4116	0.4109	0.4082	0.5005	0.5012	0.4927	0.5001	0.4968	0.5948
0.5114	0.5975	0.5903	0.5934	0.4096	0.5827	0.4063	0.4128	0.5023	0.4054	0.4918	0.4116	0.4109	0.4082	0.5005	0.5012	0.4927	0.5001	0.4968	0.5948
0.5114	0.5975	0.5903	0.5934	0.4096	0.5827	0.4063	0.4128	0.5023	0.4054	0.4918	0.4116	0.4109	0.4082	0.5005	0.5012	0.4927	0.5001	0.4968	0.5948
0.5114	0.5975	0.5903	0.5934	0.4096	0.5827	0.4063	0.4952	0.5023	0.4054	0.4918	0.4116	0.4109	0.4082	0.5005	0.5012	0.4927	0.5001	0.4968	0.5948
0.5114	0.5975	0.5903	0.5934	0.4096	0.5827	0.4063	0.4952	0.5023	0.4054	0.4918	0.4116	0.4109	0.4082	0.5005	0.5012	0.4927	0.5001	0.4968	0.5948
0.5114	0.5975	0.5903	0.5934	0.4096	0.5827	0.4063	0.4952	0.5023	0.4054	0.4918	0.4116	0.4109	0.4082	0.5005	0.5012	0.4927	0.5001	0.4968	0.5948
0.5114	0.5975	0.5903	0.5934	0.4096	0.5827	0.4063	0.4952	0.5023	0.4054	0.4918	0.4116	0.4109	0.4082	0.5005	0.5012	0.4927	0.5001	0.4968	0.5948
0.5114	0.5975	0.5903	0.5934	0.4096	0.5827	0.4063	0.4952	0.5023	0.4054	0.4918	0.4116	0.4109	0.4082	0.5005	0.5012	0.4927	0.5001	0.4968	0.5948
0.5114	0.5975	0.5903	0.5934	0.4096	0.5827	0.4063	0.4952	0.5023	0.4054	0.4918	0.4116	0.4109	0.4082	0.5005	0.5012	0.4927	0.5001	0.4968	0.5948
0.5114	0.5975	0.5903	0.5934	0.4096	0.5827	0.4063	0.4952	0.5023	0.4054	0.4918	0.4116	0.4109	0.4082	0.5005	0.5012	0.4927	0.5001	0.4968	0.5948
0.5114	0.5975	0.5903	0.5934	0.4096	0.5827	0.4063	0.4952	0.5023	0.4054	0.4918	0.4116	0.4109	0.4082	0.5005	0.5012	0.4927	0.5001	0.4968	0.5948
0.5114	0.5975	0.5903	0.5934	0.4096	0.5827	0.4063	0.4952	0.5023	0.4054	0.4918	0.4116	0.4109	0.4082	0.5005	0.5012	0.4927	0.5001	0.4968	0.5948
0.5114	0.5975	0.5903	0.5934	0.4096	0.5827	0.4063	0.4952	0.5023	0.4054	0.4918	0.4116	0.4109	0.4082	0.5005	0.5012	0.4927	0.5001	0.4968	0.5948
0.5114	0.5975	0.5903	0.5934	0.4096	0.5827	0.4063	0.4952	0.5023	0.4054	0.4918	0.4116	0.4109	0.4082	0.5005	0.5012	0.4927	0.4124	0.4968	0.5948
0.5114	0.5975	0.5903	0.5934	0.4096	0.5827	0.4063	0.4952	0.5023	0.4054	0.4918	0.4116	0.4109	0.4082	0.5005	0.5012	0.4927	0.4124	0.4968	0.5948
0.5114	0.5975	0.5903	0.5934	0.4096	0.5827	0.4063	0.4952	0.5023	0.4054	0.4918	0.4116	0.4109	0.4082	0.5005	0.5012	0.4927	0.4124	0.4968	0.5948
0.5114	0.5975	0.5903	0.5934	0.4096	0.5827	0.4899	0.4952	0.5023	0.4054	0.4918	0.4116	0.4109	0.4082	0.5005	0.5012	0.4927	0.4124	0.4968	0.5948
0.5114	0.5975	0.5903	0.5934	0.4096	0.5827	0.4899	0.4952	0.5023	0.4054	0.4918	0.4116	0.4109	0.4082	0.5005	0.5012	0.4927	0.4124	0.4968	0.5948
0.5063	0.5975	0.5903	0.5934	0.4096	0.5827	0.4899	0.4952	0.5023	0.4054	0.4918	0.4116	0.4109	0.4082	0.5005	0.5012	0.4927	0.4124	0.4968	0.5948
0.5063	0.5975	0.5903	0.5934	0.4096	0.5827	0.4899	0.4952	0.5023	0.5067	0.4918	0.4116	0.4109	0.4082	0.5005	0.5012	0.4927	0.4124	0.4968	0.5948
0.5063	0.5975	0.5903	0.5934	0.4096	0.5827	0.4899	0.4952	0.5023	0.5067	0.4918	0.4116	0.4109	0.4082	0.5005	0.5012	0.4927	0.4124	0.4968	0.5948
0.5063	0.5975	0.5903	0.5934	0.4096	0.5827	0.4899	0.4952	0.5023	0.5067	0.4918	0.4116	0.4109	0.4082	0.5005	0.5012	0.4927	0.4124	0.4968	0.5948
