0.3047	0.6376	0.4793	0.3395	0.2278	0.2155	0.9486	0.0890	0.8122	0.7104
1.0000	0.8286	0.5995	0.3052	0.7807	0.4129	0.6504	0.0000	0.4287	0.7220
0.1475	0.7439	1.0000	0.5745	0.8200	1.0000	0.6503	0.0000	1.0000	1.0000
0.5656	0.4000	0.4524	0.5745	0.0296	0.0000	0.6713	0.6581	0.0757	0.6258
0.5656	0.2503	0.6695	0.5745	0.7912	1.0000	0.6713	0.5872	0.4113	0.2169
0.4967	0.1934	0.5617	0.4984	0.4413	0.0789	0.3464	0.5872	0.4425	0.7561
0.0000	0.3460	0.5261	1.0000	0.4718	0.7640	0.5885	0.5842	0.6465	0.4857
0.7410	1.0000	0.4995	0.0000	0.4308	0.7257	0.3552	0.6581	0.4354	0.3541
0.7410	0.4903	0.2752	0.2611	0.3418	0.9044	0.3552	0.6358	0.7267	0.0000
0.4377	0.4903	0.5883	0.6433	0.5734	0.1972	0.6539	0.5772	0.0000	0.3519
0.4377	0.6774	0.5828	0.0000	0.7095	0.1694	0.6539	0.5772	0.7136	0.1260
0.3460	1.0000	0.5828	0.5890	1.0000	0.5815	0.6539	0.5772	0.9794	0.9995
0.3606	0.6671	0.5828	0.5890	0.7356	0.6817	0.5027	0.0000	0.2696	0.4922
0.3515	0.4269	0.5828	0.5890	0.4643	0.5698	0.5687	0.0000	0.4926	0.5986
0.5609	0.4269	0.5828	0.3451	0.4911	0.5698	0.5687	0.4430	0.4926	0.4411
0.4981	0.4333	0.5828	0.3451	0.3391	0.3515	0.5687	0.5156	0.4926	0.4411
0.4981	0.7354	0.5828	0.3451	0.5682	0.3515	0.5687	0.1456	0.5690	0.4411
0.2692	0.7354	1.0000	0.3451	0.0000	0.3515	0.5687	0.5151	0.4135	0.3480
0.7405	0.7354	0.5581	0.4300	0.2766	0.3515	0.5687	0.3540	0.4135	0.4353
0.9750	0.4127	0.4800	0.4300	0.5851	0.3515	0.5687	0.2613	0.7176	0.4319
0.5745	0.5844	0.3312	0.4300	0.5851	0.3515	0.5687	0.6614	0.4743	0.4319
0.5740	0.2273	0.7208	0.4300	0.5851	0.3515	0.5687	0.5045	1.0000	0.4319
0.5740	0.5915	0.7208	0.5699	0.5851	0.3515	0.5687	0.5045	0.7601	0.3430
0.4234	0.9577	0.4906	0.5699	0.5851	0.3515	0.5687	0.5045	0.4182	0.3430
0.4234	0.5939	0.4906	0.5699	0.4201	0.3515	0.5687	0.5045	0.4946	0.5012
0.4234	0.2016	0.4906	0.5699	0.4201	0.3515	0.5687	0.5045	1.0000	0.5012
0.4234	0.4356	0.4344	0.5699	0.4201	0.5889	0.5687	0.4128	0.4504	0.5012
0.5803	0.3408	0.4344	0.4280	0.4201	0.5889	0.5687	0.2424	0.5990	0.5012
0.5803	0.2671	0.4344	0.4280	0.4201	0.5772	0.5687	0.1388	0.3405	0.5012
0.7250	0.4868	0.4239	0.4280	0.4201	0.5772	0.5687	0.5658	0.3550	0.5012
0.6584	0.4868	0.4239	0.4280	0.4201	0.5772	0.5687	0.2772	0.6659	0.5012
0.6584	0.4868	0.4239	0.4280	0.4201	0.3623	0.5687	0.5672	0.6659	0.5012
1.0000	0.4868	0.4239	0.4280	0.4201	0.2824	0.5687	0.9346	0.6659	0.5012
0.5744	0.4868	0.4239	0.4280	0.4201	0.2824	0.5687	0.4345	0.6659	0.4937
0.5744	0.4868	0.4239	0.4280	0.4201	0.2824	0.5687	0.4141	0.6659	0.5818
0.5744	0.4868	0.4239	0.4280	0.4201	0.2824	0.5687	0.4141	0.6659	0.5818
0.5744	0.4275	0.4239	0.4280	0.5058	0.4066	0.5087	0.5069	0.6659	0.5818
0.5744	0.4275	0.4239	0.4280	0.5058	0.4066	0.5087	0.5069	0.3545	0.5818
0.5744	0.4275	0.4239	0.4280	0.5058	0.6500	0.5087	0.5069	0.3545	0.5818
0.5744	0.4275	0.4239	0.4280	0.5058	0.6500	0.5087	0.5069	0.3545	0.5818
0.5744	0.4275	0.4239	0.5007	0.5058	0.6500	0.5087	0.5069	0.4896	0.5818
0.2626	0.4275	0.4239	0.5007	0.5058	0.6500	0.5087	0.5069	0.6559	0.5818
0.2626	0.4275	0.4239	0.5007	0.5058	0.6500	0.5087	0.5069	0.4294	0.5818
0.4414	0.4275	0.4239	0.5007	0.5058	0.4100	0.5087	0.5069	0.4294	0.5818
0.4414	0.4275	0.4239	0.5007	0.5058	0.3398	0.5087	0.5069	0.6482	0.5818
0.4414	0.4275	0.4239	0.5007	0.5058	0.4986	0.5087	0.5069	0.7348	0.5818
0.5055	0.4275	0.4239	0.5007	0.5058	0.4986	0.5087	0.5789	0.4337	0.5818
0.5055	0.4275	0.4239	0.5007	0.5058	0.4986	0.5087	0.5789	0.4337	0.5818
0.5055	0.4275	0.4239	0.5007	0.5058	0.4986	0.5087	0.5789	0.4337	0.5818
0.5055	0.4275	0.4239	0.5007	0.5058	0.4986	0.5087	0.5789	0.4337	0.5818
0.5055	0.4275	0.4239	0.5007	0.5058	0.4986	0.4916	0.5789	0.4337	0.5818
0.5807	0.4275	0.4239	0.5007	0.5058	0.4986	0.4916	0.5789	0.4337	0.5818
0.5807	0.4275	0.4239	0.5007	0.5058	0.4986	0.4916	0.5789	0.4337	0.5818
0.5807	0.4275	0.4239	0.5007	0.5058	0.4986	0.4916	0.5789	0.4337	0.5818
0.5807	0.4275	0.4239	0.5007	0.5058	0.4986	0.4916	0.5789	0.4337	0.5818
0.5807	0.4275	0.4239	0.5007	0.5058	0.4986	0.4916	0.5789	0.4337	0.5818
0.5807	0.4275	0.4239	0.5007	0.5058	0.4986	0.4916	0.5789	0.4337	0.5818
0.5807	0.4275	0.5061	0.5007	0.5058	0.4986	0.4916	0.5789	0.4337	0.5818
0.5807	0.4275	0.5061	0.5007	0.5058	0.4986	0.4916	0.5789	0.4337	0.5818
0.5807	0.4275	0.5061	0.5007	0.5058	0.4986	0.4916	0.5789	0.4337	0.5818
0.5807	0.5014	0.5061	0.5007	0.5058	0.4986	0.4916	0.5789	0.4337	0.5818
0.5807	0.5014	0.5061	0.5007	0.5058	0.4986	0.4952	0.5789	0.5735	0.5818
0.5807	0.5014	0.5061	0.5007	0.5058	0.4986	0.4952	0.5789	0.5735	0.5818
0.5807	0.5014	0.4242	0.5007	0.5058	0.4986	0.4952	0.5789	0.5735	0.5818
0.5807	0.5795	0.4242	0.5007	0.5815	0.4986	0.4952	0.5789	0.5735	0.5818
0.5807	0.5795	0.4242	0.5007	0.5815	0.4986	0.4952	0.5789	0.5735	0.5818
0.5807	0.5795	0.4242	0.5007	0.5815	0.4986	0.4952	0.5789	0.5735	0.5818
0.5807	0.5795	0.4242	0.5007	0.5815	0.4986	0.4952	0.5789	0.5735	0.5818
0.5807	0.5795	0.4242	0.5007	0.5815	0.4986	0.4952	0.5789	0.5735	0.5818
0.5807	0.5795	0.4242	0.5007	0.5815	0.4986	0.4952	0.5789	0.5735	0.5818
0.5807	0.5795	0.4242	0.5007	0.5815	0.4986	0.4952	0.5789	0.5735	0.5818
0.5807	0.5795	0.4242	0.5007	0.5815	0.4986	0.4952	0.5789	0.5735	0.5818
0.5807	0.5795	0.4242	0.5007	0.5815	0.4986	0.4952	0.5789	0.5735	0.5818
0.5807	0.5795	0.4242	0.5007	0.5815	0.4986	0.4952	0.5789	0.5735	0.5818
0.5807	0.5795	0.4242	0.5007	0.5815	0.4986	0.4952	0.5789	0.5735	0.5818
0.5807	0.5795	0.4242	0.5007	0.5815	0.4986	0.4952	0.5789	0.5735	0.5818
0.5807	0.5795	0.4242	0.5007	0.5815	0.4986	0.4952	0.5789	0.5735	0.5818
0.5807	0.5795	0.4242	0.5007	0.5815	0.4986	0.4952	0.5789	0.5735	0.5818
0.5807	0.5795	0.4242	0.5007	0.5815	0.4986	0.4952	0.5789	0.5735	0.5818
0.5807	0.5795	0.4242	0.5007	0.5815	0.4986	0.4952	0.5012	0.5735	0.5818
0.5807	0.5795	0.4224	0.5007	0.5815	0.4986	0.4952	0.5012	0.5735	0.5818
0.5807	0.5795	0.4224	0.5007	0.5815	0.4986	0.4952	0.5012	0.5735	0.5818
0.5807	0.5795	0.4224	0.5007	0.5815	0.4986	0.4952	0.5012	0.5735	0.5818
0.5807	0.5795	0.4224	0.5007	0.5815	0.4902	0.4952	0.5012	0.5735	0.5818
0.5807	0.5795	0.4224	0.5007	0.5815	0.4902	0.4952	0.5012	0.5735	0.5818
0.5807	0.5795	0.4224	0.5007	0.5815	0.4902	0.4952	0.5012	0.5735	0.5818
0.5807	0.5795	0.4224	0.5007	0.5815	0.4902	0.4952	0.5012	0.5735	0.5818
0.5807	0.5795	0.4224	0.5007	0.5815	0.4902	0.4952	0.5012	0.4241	0.5818
0.5807	0.5795	0.4224	0.5007	0.5815	0.4902	0.4952	0.5012	0.4241	0.5818
0.5807	0.5795	0.4224	0.5007	0.5815	0.4902	0.4952	0.5012	0.4241	0.5818
0.5807	0.5795	0.4224	0.5007	0.5815	0.4902	0.4952	0.5012	0.4241	0.5818
0.5807	0.5795	0.4224	0.5007	0.5815	0.4902	0.4952	0.5012	0.4241	0.5818
0.5807	0.5795	0.4224	0.5007	0.5815	0.4902	0.4952	0.5012	0.4241	0.5818
0.5807	0.5795	0.4224	0.5007	0.5815	0.4902	0.4952	0.5012	0.4241	0.5818
0.5807	0.5795	0.4224	0.5007	0.5815	0.4902	0.4952	0.5034	0.4241	0.5818
0.4910	0.5795	0.4224	0.5007	0.5815	0.4902	0.4952	0.5034	0.4241	0.5818
0.4910	0.5795	0.4224	0.5007	0.5815	0.4902	0.4952	0.5034	0.4241	0.5818
0.4910	0.5795	0.4224	0.5007	0.5815	0.5702	0.4952	0.5034	0.4241	0.5818
0.4910	0.5795	0.4224	0.5007	0.5815	0.5702	0.4952	0.5034	0.4241	0.5818
0.4910	0.4199	0.4224	0.5007	0.5815	0.5702	0.4952	0.5034	0.4241	0.5818
0.4910	0.4199	0.4224	0.5007	0.5815	0.5702	0.4952	0.5034	0.4241	0.5818
