0.6217	0.5520	0.4482	0.0190	0.5009	0.4085	0.9279	0.8015	0.6230	0.0748	0.4653	0.9941	0.8276	0.9635	0.6985	0.2486	0.3769	0.5860	0.4356	0.3812
0.7284	0.3651	0.5889	0.1732	0.7024	0.6164	0.5441	0.2691	0.7351	0.2711	0.7808	0.4642	0.8580	0.4892	1.0000	0.1655	0.4348	0.7894	0.0000	0.0000
0.4058	0.2717	0.7245	0.0000	0.3416	0.4919	0.6617	0.5007	0.3135	0.0000	0.5316	0.5899	0.4424	1.0000	0.5958	0.1655	0.6817	0.3561	0.4877	0.4498
0.4058	0.9113	0.3052	0.5342	0.4584	0.0000	0.4135	0.3030	0.3095	0.4001	0.9462	0.5899	0.6917	0.0206	0.5921	0.3648	1.0000	0.4436	0.5519	0.1666
0.4523	0.5013	0.0000	0.9163	0.4584	0.5856	0.6649	0.2396	0.3052	0.2952	0.7352	0.0000	0.4912	0.5032	0.5921	0.7358	0.8950	0.1736	0.4929	0.4507
0.0924	0.1429	0.5437	0.5030	0.4584	1.0000	0.0709	0.6085	0.0000	0.5970	0.1602	0.3140	0.5958	0.5032	0.5921	0.4948	0.0000	0.3138	0.4508	0.5787
0.3957	1.0000	1.0000	0.6380	0.4584	0.5144	1.0000	0.5576	0.0000	0.4032	0.5454	0.5350	0.6733	0.5032	0.5921	0.2428	0.5022	1.0000	0.4508	0.5940
0.1594	0.4082	0.9233	0.4994	0.2352	0.0000	1.0000	0.6106	0.0000	0.5916	0.6000	0.4001	0.5565	0.5032	0.4001	0.9313	0.2920	0.6967	0.4508	0.5613
0.6465	0.4082	0.6065	0.4994	0.3662	0.4576	1.0000	0.5807	0.5015	0.5963	0.5985	0.8593	0.3506	0.5032	0.4001	0.0000	0.5557	0.6840	0.4508	0.6714
0.6656	0.4145	0.6514	0.4994	0.7842	1.0000	0.7434	0.5840	0.7008	0.5963	0.4108	1.0000	0.7306	0.5032	0.3548	0.6821	0.4605	0.3547	0.4508	0.4962
0.4660	0.4716	1.0000	0.4994	0.3086	0.7216	0.2289	0.8437	0.4124	0.6829	0.3709	0.5048	1.0000	0.5497	0.7765	0.6383	0.7416	0.5469	0.4508	0.5917
0.8640	0.0000	0.5368	0.4454	0.3086	0.1035	0.5267	0.0000	0.0648	0.4949	0.0000	0.1585	0.0000	0.9369	1.0000	0.6383	0.5949	0.6866	0.4508	0.0695
0.4058	0.1106	0.4011	0.4454	0.0000	0.0000	0.8989	0.4503	0.5238	0.4114	0.5867	0.1440	0.4965	0.6020	0.1201	0.6383	0.5513	0.4838	0.4508	0.3083
0.4058	0.1478	0.4011	0.4454	0.5250	0.3057	0.1924	0.4503	0.8124	0.9681	0.4949	0.1675	0.6486	0.8286	0.0115	0.0633	0.5513	0.7030	0.4508	0.5031
0.3581	0.3047	0.4011	0.6382	0.9166	0.3057	0.3492	0.4503	0.4995	0.4087	1.0000	0.5509	0.3582	0.4642	1.0000	0.3547	0.5513	0.0000	0.4508	0.5031
0.6440	0.6942	0.4548	0.3120	0.7421	0.3057	0.3081	0.4503	0.4607	0.8518	0.4051	0.0000	0.5930	0.2106	0.6437	0.5422	0.5526	0.6031	0.4508	0.5031
0.6440	0.7104	0.4548	0.7374	0.6529	0.3057	0.5912	0.4503	0.4607	0.4592	0.4051	0.7111	1.0000	0.6344	1.0000	0.5422	0.5526	0.6031	0.4508	0.5031
0.1597	0.9371	0.4548	0.7374	0.5100	0.3057	0.5912	0.4503	0.4607	0.0000	0.4051	0.5988	0.7538	0.4028	0.6336	0.4972	0.5526	0.5913	0.4508	0.5031
0.2683	0.3498	0.4548	0.7374	0.6801	0.3057	0.5912	0.4503	0.4426	0.3974	0.4051	0.5988	0.0000	0.3736	0.5563	0.6949	0.4397	0.2616	0.4508	0.5031
0.6691	0.6037	0.4548	0.7374	0.4554	0.3057	0.5912	0.4503	0.3676	0.8822	0.4051	0.5988	0.5075	0.6310	0.2422	0.6429	0.6208	0.6654	0.4508	0.5031
0.4565	0.6037	0.4548	0.5921	0.4554	0.4491	0.5912	0.4503	0.0000	0.0000	0.4051	0.5988	0.2727	0.6986	0.3239	0.5400	0.0000	0.5971	0.4508	0.5031
0.4625	0.4509	0.4548	0.5921	0.4554	0.4491	0.5912	0.4503	0.5087	0.9391	0.4051	0.5988	0.5941	0.6986	0.0000	0.5442	0.3439	0.2211	0.4508	0.5031
0.3071	0.5003	0.4548	0.5921	0.4554	0.4491	0.5912	0.4503	0.5891	0.7627	0.4051	0.5988	0.5941	0.2563	0.2521	0.5442	0.4000	0.6464	0.4508	0.5031
0.8198	0.5003	0.4548	0.5921	0.6359	0.4491	0.6841	0.4503	0.5407	0.0000	0.4051	0.5988	0.4957	0.2890	0.1550	0.5442	0.4000	0.3462	0.4508	0.5031
0.2340	0.5003	0.4548	0.4542	0.6359	0.4491	0.3570	0.4503	0.5407	0.6473	0.4051	0.5988	0.4002	0.3543	0.6369	0.5442	0.4000	0.4076	0.4508	0.5031
0.4607	0.5003	0.4590	0.4542	0.6359	0.5479	0.3570	0.4503	0.5019	0.4031	0.4051	0.5988	1.0000	0.3543	0.4424	0.5453	0.4000	0.5494	0.4508	0.5031
0.2135	0.5003	0.3892	0.4542	0.1792	0.5479	0.3570	0.4503	0.5019	0.4031	0.4051	0.5449	0.3529	0.6465	0.4424	0.5453	0.4000	0.5494	0.4508	0.5031
1.0000	0.5003	0.1981	0.4542	0.2749	0.5479	0.3570	0.4503	0.4559	0.6069	0.4051	0.5449	0.4466	0.6465	0.4004	0.5453	0.4586	0.5494	0.4508	0.5031
0.7146	0.5003	0.3718	0.4542	0.4548	0.5479	0.3570	0.4503	0.4559	0.5998	0.4051	0.5449	0.4466	0.6465	0.4004	0.5453	0.4020	0.5494	0.4508	0.5031
0.2216	0.5003	1.0000	0.4542	0.1705	0.3081	0.3570	0.4503	0.4117	0.3579	0.4051	0.5449	0.5467	0.5954	0.4004	0.5453	0.4566	0.5494	0.4508	0.5031
0.4567	0.5003	0.6462	0.4542	0.3494	0.3081	0.3570	0.4503	0.4545	0.6891	0.4051	0.5449	0.3618	0.3527	0.4370	0.5453	0.4566	0.5494	0.4508	0.5031
1.0000	0.5003	0.6462	0.4542	0.3494	0.3081	0.3570	0.4503	0.5003	0.6891	0.4051	0.5449	0.3618	0.3527	0.4370	0.5453	0.4566	0.5494	0.4508	0.5031
0.5946	0.5003	0.6462	0.4542	0.3494	0.3081	0.3570	0.4503	0.5003	0.6891	0.4051	0.5449	0.7292	0.3527	0.3995	0.5453	0.4566	0.5494	0.4508	0.5031
0.4444	0.5003	0.6462	0.4542	0.3494	0.3081	0.4549	0.5522	0.5003	0.6891	0.4051	0.5449	0.0000	0.6396	0.5980	0.5453	0.4566	0.5494	0.4508	0.5031
0.4451	0.5003	0.6022	0.4949	0.3494	0.3081	0.4549	0.5522	0.5003	0.6891	0.4051	0.5449	0.3549	0.6396	0.5523	0.5453	0.4566	0.5494	0.4508	0.5031
0.4930	0.5003	0.6396	0.4949	0.3494	0.3081	0.4549	0.4503	0.5003	0.6891	0.4051	0.5449	0.6954	0.6396	0.5528	0.5453	0.4566	0.5494	0.4508	0.5031
0.4930	0.5003	0.6396	0.4949	0.3494	0.3081	0.4549	0.4503	0.5003	0.6891	0.4051	0.5449	0.2558	0.4957	0.4997	0.5453	0.4566	0.5494	0.4508	0.5031
0.4930	0.5003	0.6396	0.4513	0.3494	0.4086	0.4549	0.4503	0.5003	0.6891	0.4051	0.5486	0.2558	0.4957	0.4997	0.5453	0.4566	0.5494	0.4508	0.5031
0.2693	0.5003	0.6396	0.4513	0.5527	0.4086	0.4549	0.4503	0.5003	0.6891	0.4051	0.4578	0.6486	0.4957	0.4997	0.5453	0.4566	0.5494	0.4508	0.5031
0.2693	0.5003	0.6396	0.4513	0.5527	0.4086	0.4549	0.4503	0.5003	0.6891	0.4051	0.4578	0.6486	0.4957	0.4997	0.5453	0.4566	0.5494	0.4508	0.5031
0.6045	0.5003	0.6396	0.4513	0.5527	0.4086	0.4549	0.4503	0.5003	0.6891	0.4051	0.4578	0.6486	0.4957	0.4997	0.5453	0.4566	0.5433	0.4508	0.5031
0.6045	0.5003	0.6396	0.4513	0.5527	0.4086	0.4549	0.4503	0.5003	0.6891	0.4051	0.4578	0.4028	0.4957	0.4997	0.5453	0.4566	0.4516	0.4508	0.5031
0.6045	0.5003	0.6474	0.4479	0.5527	0.4086	0.4549	0.4503	0.4605	0.6891	0.4051	0.4578	0.4028	0.4957	0.4997	0.5453	0.4566	0.4516	0.4508	0.5031
0.6839	0.5003	0.4587	0.4479	0.5527	0.4086	0.4549	0.4503	0.4605	0.6891	0.4051	0.4578	0.4028	0.4957	0.4997	0.5453	0.4566	0.4516	0.4508	0.5031
0.6364	0.5003	0.5869	0.4479	0.5527	0.4547	0.4549	0.4503	0.4037	0.6891	0.4051	0.4578	0.4028	0.4957	0.4997	0.5453	0.4566	0.4516	0.4508	0.5031
0.6364	0.5003	0.5869	0.4479	0.5527	0.4547	0.4549	0.4503	0.4037	0.6891	0.4051	0.4578	0.5026	0.4957	0.4997	0.5453	0.4566	0.4516	0.4508	0.5031
0.6364	0.5003	0.5869	0.4479	0.5527	0.4547	0.4540	0.4503	0.4037	0.6891	0.4051	0.4591	0.5026	0.4957	0.4997	0.5453	0.4566	0.4516	0.4508	0.5031
0.6364	0.5003	0.5869	0.4479	0.5527	0.4547	0.4540	0.4503	0.4975	0.3531	0.4051	0.4591	0.5026	0.4957	0.4997	0.5453	0.4566	0.4053	0.4508	0.5031
0.4510	0.5003	0.5869	0.4479	0.5527	0.4547	0.4540	0.4503	0.4975	0.3531	0.4051	0.4591	0.5026	0.4957	0.4997	0.5453	0.4566	0.4053	0.4508	0.5989
0.4510	0.5003	0.5869	0.4479	0.5527	0.4547	0.4540	0.4503	0.4975	0.3531	0.4051	0.4591	0.4943	0.4957	0.4997	0.5453	0.4566	0.4053	0.4508	0.5989
0.4510	0.5003	0.5869	0.4479	0.5527	0.4547	0.4540	0.4503	0.4975	0.3531	0.4051	0.4083	0.5055	0.4957	0.4997	0.5453	0.4566	0.4053	0.4508	0.4078
0.4510	0.5003	0.5869	0.4479	0.5527	0.5976	0.4540	0.4503	0.4975	0.3531	0.4051	0.4083	0.5055	0.4957	0.4997	0.5453	0.4566	0.4053	0.4508	0.4078
0.4510	0.5003	0.5869	0.4479	0.5527	0.5976	0.4540	0.4503	0.4975	0.3531	0.4051	0.4083	0.4490	0.4957	0.4997	0.5453	0.4566	0.4053	0.4508	0.5449
0.4510	0.5003	0.5869	0.4479	0.5527	0.5976	0.4540	0.4503	0.4975	0.3531	0.4051	0.4083	0.4490	0.4957	0.4997	0.5453	0.4566	0.4458	0.4508	0.5449
0.4510	0.5003	0.4971	0.4479	0.5527	0.5976	0.4540	0.4503	0.4975	0.3531	0.4051	0.4083	0.4490	0.4957	0.4997	0.5453	0.4566	0.4458	0.4508	0.5449
0.4510	0.5003	0.4971	0.4479	0.5527	0.5976	0.4540	0.4503	0.4975	0.3531	0.4051	0.4083	0.4490	0.4957	0.4997	0.5453	0.4566	0.4541	0.4508	0.5449
0.4510	0.5003	0.4971	0.4479	0.5527	0.4520	0.4540	0.4503	0.5039	0.4065	0.4051	0.4083	0.4490	0.4957	0.4997	0.5453	0.4566	0.5488	0.4508	0.6432
0.4510	0.5003	0.4971	0.4479	0.5527	0.4520	0.4540	0.4503	0.5039	0.4065	0.4051	0.4083	0.4490	0.4957	0.4997	0.4553	0.4566	0.5477	0.4508	0.6042
0.4510	0.5003	0.4971	0.4479	0.5527	0.4520	0.4540	0.4503	0.5039	0.4065	0.4051	0.4083	0.4490	0.4957	0.4997	0.4553	0.5956	0.5477	0.4508	0.6433
0.4510	0.5003	0.4971	0.4479	0.5527	0.5045	0.4540	0.4503	0.5039	0.4485	0.4051	0.4083	0.4490	0.4957	0.4997	0.4553	0.5956	0.5477	0.4508	0.6433
0.4510	0.5003	0.4971	0.4479	0.5527	0.5045	0.4540	0.4503	0.5039	0.4485	0.4531	0.4083	0.4490	0.4957	0.4997	0.4553	0.5956	0.5477	0.4508	0.6433
0.4510	0.5003	0.4971	0.4479	0.5527	0.5045	0.4540	0.5459	0.5039	0.4485	0.4531	0.4083	0.4490	0.4957	0.4997	0.4553	0.5956	0.5477	0.4508	0.4519
0.4510	0.5003	0.4971	0.4479	0.5527	0.5045	0.4540	0.5459	0.5039	0.4485	0.4531	0.4083	0.4490	0.4957	0.4997	0.4553	0.5956	0.6924	0.4508	0.4519
0.4510	0.5003	0.4971	0.4479	0.5527	0.5045	0.4540	0.5459	0.5039	0.4485	0.4531	0.4083	0.4490	0.4957	0.4997	0.4553	0.5956	0.6924	0.4508	0.4519
0.4510	0.5003	0.4971	0.4479	0.5527	0.5045	0.4540	0.5459	0.5039	0.4552	0.4531	0.4083	0.4490	0.4957	0.4997	0.4553	0.5956	0.6924	0.4508	0.4519
0.4510	0.5003	0.4971	0.4479	0.5527	0.5045	0.4540	0.5459	0.5039	0.4552	0.4531	0.4083	0.4490	0.4957	0.4997	0.4553	0.5956	0.6924	0.4508	0.4519
0.4510	0.5003	0.4971	0.4479	0.5527	0.5045	0.4540	0.5459	0.5039	0.4552	0.4531	0.4083	0.4490	0.4957	0.4997	0.4553	0.5956	0.6924	0.4508	0.4519
0.4510	0.5003	0.4971	0.4479	0.5527	0.5045	0.4540	0.5459	0.5039	0.4552	0.4531	0.4083	0.4490	0.4957	0.4997	0.4553	0.5956	0.6924	0.4508	0.4519
0.4510	0.5003	0.4971	0.4479	0.5527	0.5045	0.4540	0.5459	0.5039	0.4552	0.4531	0.4083	0.4490	0.4957	0.4997	0.5445	0.5956	0.6924	0.4508	0.4519
0.4510	0.5003	0.4971	0.4479	0.5527	0.5045	0.4540	0.5459	0.5039	0.4552	0.4531	0.4083	0.4490	0.4957	0.4997	0.5445	0.5956	0.6924	0.4508	0.4519
0.4510	0.5003	0.4971	0.4479	0.5527	0.5045	0.4540	0.5459	0.5039	0.4552	0.4531	0.4083	0.4490	0.4518	0.4997	0.5445	0.5956	0.6924	0.4508	0.4519
0.4510	0.5003	0.4971	0.4479	0.5527	0.5045	0.4540	0.5459	0.5039	0.4552	0.4531	0.4083	0.4490	0.4518	0.4997	0.5445	0.5956	0.6924	0.4508	0.4519
0.4510	0.5003	0.4971	0.4479	0.5527	0.5045	0.4540	0.5459	0.5039	0.4552	0.4531	0.4083	0.4490	0.4518	0.4997	0.5445	0.5956	0.6924	0.4508	0.4519
0.4510	0.5003	0.4971	0.4479	0.5527	0.5045	0.4540	0.5459	0.5039	0.4552	0.4531	0.4083	0.4490	0.4518	0.4997	0.5445	0.5956	0.6924	0.4508	0.4519
0.5006	0.5003	0.4971	0.4479	0.5527	0.5045	0.4540	0.5459	0.5039	0.4552	0.4531	0.4083	0.4490	0.4518	0.4997	0.5445	0.5956	0.4561	0.4508	0.4519
0.5006	0.5003	0.4971	0.4479	0.5527	0.5045	0.4540	0.5459	0.5039	0.4552	0.4531	0.4083	0.4490	0.4518	0.4997	0.5445	0.5956	0.4561	0.4508	0.4519
0.5006	0.5003	0.4971	0.4479	0.5527	0.5045	0.4540	0.5459	0.5039	0.4552	0.4531	0.4083	0.4490	0.4518	0.4997	0.5445	0.5956	0.5511	0.4508	0.4519
0.5006	0.5003	0.4971	0.4479	0.5527	0.5045	0.4540	0.5459	0.5039	0.4552	0.4531	0.4083	0.4490	0.4518	0.4997	0.5445	0.5956	0.5511	0.4508	0.4519
0.5006	0.5003	0.4971	0.4479	0.5527	0.5045	0.4540	0.5459	0.5039	0.4552	0.4531	0.4083	0.4490	0.4518	0.4997	0.5445	0.5956	0.5511	0.4508	0.4519
0.5006	0.5003	0.4971	0.4479	0.5527	0.5045	0.4540	0.5459	0.5039	0.4552	0.4531	0.4083	0.4490	0.4518	0.4997	0.5445	0.5956	0.5511	0.4508	0.4519
0.5006	0.5003	0.4971	0.4479	0.5527	0.5045	0.4540	0.5459	0.5039	0.4552	0.4531	0.5001	0.4490	0.4518	0.4997	0.5445	0.5956	0.4001	0.4508	0.4519
0.5006	0.5003	0.4971	0.4479	0.5527	0.5045	0.4540	0.5459	0.5039	0.4552	0.4531	0.5001	0.4490	0.4518	0.4997	0.5445	0.5956	0.4001	0.4508	0.4519
0.5006	0.5008	0.4971	0.4479	0.5527	0.5045	0.4540	0.5459	0.5039	0.4552	0.4531	0.5001	0.4490	0.4518	0.4997	0.5445	0.5956	0.4539	0.4508	0.4519
0.5006	0.5008	0.4971	0.4479	0.5527	0.5045	0.4540	0.5459	0.5039	0.4552	0.4531	0.5001	0.4490	0.4518	0.4997	0.5445	0.5956	0.4539	0.4508	0.4519
0.5006	0.5008	0.4971	0.4479	0.5527	0.5045	0.4540	0.5459	0.5039	0.4552	0.4531	0.5001	0.4490	0.4518	0.4997	0.5445	0.5956	0.4539	0.4508	0.4519
0.5006	0.5008	0.4971	0.4479	0.5527	0.5045	0.4540	0.5459	0.5039	0.4552	0.4531	0.5001	0.4490	0.4518	0.4997	0.5445	0.5956	0.4539	0.4508	0.4519
0.5006	0.5008	0.4971	0.4479	0.4967	0.5045	0.4540	0.5459	0.5039	0.4552	0.4531	0.5001	0.4490	0.4518	0.4997	0.5445	0.5956	0.4539	0.4508	0.4519
0.5006	0.5008	0.4971	0.4479	0.4967	0.5045	0.4540	0.5459	0.5039	0.4552	0.4531	0.5001	0.4490	0.4518	0.4997	0.5445	0.5956	0.4539	0.4508	0.4519
0.5006	0.5008	0.4971	0.4479	0.4967	0.5045	0.4540	0.5459	0.5039	0.4552	0.4531	0.5001	0.4490	0.4518	0.4997	0.5445	0.5956	0.4539	0.4508	0.4519
0.5006	0.5008	0.4971	0.4479	0.4967	0.5045	0.4540	0.5459	0.5039	0.4552	0.4531	0.5001	0.4490	0.4518	0.4997	0.5445	0.5956	0.4539	0.4508	0.4519
0.5006	0.5008	0.4971	0.4479	0.4967	0.5045	0.4540	0.5459	0.5039	0.4552	0.4531	0.5001	0.4490	0.4518	0.4997	0.5445	0.5956	0.4539	0.4508	0.4519
0.5006	0.5008	0.4971	0.4479	0.4967	0.5045	0.4540	0.5459	0.5039	0.4552	0.4531	0.5001	0.4490	0.4518	0.4997	0.5445	0.5956	0.4539	0.4508	0.4519
0.5006	0.5008	0.4971	0.4479	0.4967	0.5045	0.4540	0.5459	0.5039	0.4552	0.4531	0.5001	0.4490	0.4518	0.4997	0.5445	0.5956	0.4539	0.4508	0.4519
0.5006	0.5008	0.5015	0.4479	0.4967	0.5045	0.4540	0.5459	0.5039	0.4552	0.4531	0.5001	0.4490	0.4518	0.4997	0.5445	0.5956	0.4539	0.4508	0.4519
0.5006	0.5008	0.5015	0.4479	0.4967	0.5045	0.4540	0.5459	0.5039	0.4552	0.4531	0.5001	0.4490	0.4518	0.4997	0.5445	0.5956	0.4539	0.4508	0.4519
0.5006	0.5008	0.5015	0.4479	0.4967	0.5045	0.4540	0.5459	0.5039	0.4552	0.4531	0.5001	0.4490	0.4518	0.4997	0.5445	0.5956	0.4539	0.4508	0.4519
0.5006	0.5008	0.5015	0.4479	0.4967	0.5045	0.4540	0.5459	0.5039	0.4552	0.4531	0.5001	0.4490	0.4518	0.4997	0.5445	0.5956	0.4539	0.4508	0.4519
0.5006	0.5008	0.5015	0.4479	0.4967	0.5045	0.4540	0.5459	0.5039	0.4552	0.4531	0.5001	0.4490	0.4518	0.4997	0.5445	0.5956	0.4539	0.4508	0.4519
0.5006	0.5008	0.5015	0.4479	0.4967	0.5045	0.4540	0.5459	0.5039	0.4552	0.4531	0.5001	0.4490	0.4518	0.4997	0.5445	0.5956	0.4539	0.4508	0.4519
0.5006	0.5008	0.5015	0.4479	0.4967	0.5045	0.4540	0.5459	0.5039	0.4552	0.4531	0.5001	0.4490	0.4518	0.4997	0.5445	0.5956	0.4539	0.4508	0.4519
0.5006	0.5008	0.5015	0.4479	0.4967	0.5045	0.4540	0.5459	0.5039	0.4552	0.4531	0.5001	0.4490	0.4518	0.4997	0.5445	0.5956	0.4539	0.4508	0.4519
