0.7383	0.7725	0.5426	0.7313	0.0900	0.9716	0.7340	0.8506	0.3153	0.7016
0.0000	0.6543	0.6618	0.2425	0.4934	0.8841	0.0000	0.3956	0.3539	0.4970
0.5556	0.0520	0.4665	0.3953	0.6770	0.3224	0.0000	0.6129	0.3040	0.4406
0.2608	0.4353	0.7703	0.5124	0.6249	0.8363	0.0888	0.5201	1.0000	0.0000
0.2660	0.4324	0.3038	0.6349	0.6249	0.7530	0.0408	0.0565	0.8328	0.9315
0.1285	0.3748	0.2829	1.0000	0.6249	0.4978	0.5715	0.5134	0.9301	0.8674
0.0258	0.6422	0.4362	0.6045	0.6249	0.3727	0.7740	0.0000	0.4362	0.0000
0.1522	0.4353	0.4362	0.5058	0.6792	1.0000	0.0000	0.5512	0.3196	0.2756
0.9061	0.7298	0.4446	0.6107	0.3818	0.1128	0.1600	0.6043	0.4877	1.0000
1.0000	0.4418	0.4446	0.6107	0.5071	0.4376	0.2650	1.0000	0.6152	0.3256
0.7896	0.4380	0.4446	0.6107	0.4307	0.5861	0.5188	0.3864	0.6152	0.4969
0.0000	0.4380	0.4993	0.6107	0.7375	0.9534	0.3136	0.6890	0.6843	0.4969
0.4880	0.4380	0.4993	0.4988	0.5652	0.5249	0.3177	0.5082	0.6858	0.8408
1.0000	0.4480	0.4993	0.4988	0.5652	0.0000	0.3739	0.4346	0.5690	0.1599
0.4409	0.4480	0.4993	0.3260	0.5652	0.5477	0.6230	0.2546	0.3303	0.3320
0.4409	0.4387	0.4993	0.0000	0.8209	0.6201	0.6178	0.3562	0.4434	0.6338
0.0000	0.4387	0.4991	0.1876	1.0000	0.6201	0.6178	0.1158	0.6816	0.5577
0.4620	0.4387	0.4991	0.3638	0.3235	0.5574	0.5032	1.0000	0.6816	0.3918
0.2620	1.0000	0.4991	0.6158	0.3235	0.5574	0.5338	0.6679	0.4975	0.3779
1.0000	0.3286	0.4991	0.6158	0.3235	0.5574	0.5081	0.5626	0.4390	0.3779
0.6683	0.2816	0.4991	0.6158	0.3235	0.5574	0.5720	0.3198	0.5674	0.3857
0.6107	0.3879	0.4991	0.6158	0.3235	0.5579	0.4943	0.4406	0.5969	0.3309
0.4643	0.5005	0.4991	0.6158	0.3235	0.5579	0.4943	0.4406	0.4467	0.3309
0.3158	0.5005	0.4991	0.6158	0.5046	0.4357	0.4943	0.4406	0.7362	0.3309
0.7219	0.5005	0.4991	0.6158	0.5046	0.3122	0.4943	0.4406	0.2001	0.4484
0.4656	0.5005	0.4991	0.6158	0.5046	0.4361	0.5926	0.4406	0.4395	0.4484
0.6026	0.5005	0.4991	0.6158	0.5046	0.4361	0.1866	0.5023	0.4395	0.4484
0.9423	0.5005	0.4991	0.6158	0.5046	0.4505	0.4802	0.5023	0.4395	0.4484
0.6099	0.5005	0.4991	0.6158	0.5046	0.4505	0.3281	0.5023	0.4395	0.4417
0.5709	0.5050	0.4991	0.6158	0.5046	0.5528	0.2809	0.5023	0.4395	0.4417
0.4847	0.5050	0.4991	0.6158	0.5046	0.5528	0.4485	0.2360	0.4395	0.4417
0.3910	0.5050	0.4991	0.6158	0.5046	0.5528	0.4853	0.4402	0.4395	0.4417
0.2671	0.5050	0.4991	0.6158	0.5046	0.6193	1.0000	0.4402	0.4395	0.4417
0.2671	0.5050	0.4991	0.6158	0.5046	0.5526	1.0000	0.4402	0.4395	0.4417
0.5002	0.5050	0.4991	0.6158	0.5046	0.5526	0.5649	0.4402	0.4395	0.7362
0.5002	0.5050	0.4991	0.6158	0.5046	0.5603	0.2554	0.4402	0.4395	0.7362
0.5002	0.5050	0.4991	0.6158	0.5046	0.5603	0.6875	0.4402	0.6161	0.4386
0.5002	0.5050	0.4991	0.6158	0.5046	0.5603	0.3782	0.4402	0.6161	0.4386
0.5002	0.5050	0.4991	0.6158	0.5046	0.5603	0.0909	0.4402	0.6161	0.4386
0.5002	0.5050	0.4991	0.6158	0.5046	0.5603	0.9519	0.4402	0.6161	0.4386
0.4975	0.5050	0.4991	0.6158	0.5046	0.6205	0.0000	0.4402	0.6161	0.5007
0.4975	0.5050	0.4991	0.6158	0.5046	0.6205	0.5641	0.4402	0.6161	0.5007
0.4975	0.5050	0.4991	0.6158	0.5046	0.6205	0.5641	0.4402	0.6161	0.5007
0.4975	0.5050	0.4991	0.6158	0.5046	0.6205	0.5641	0.4402	0.6161	0.5007
0.4975	0.5050	0.4991	0.6158	0.5046	0.6205	0.5641	0.4402	0.6161	0.5007
0.4975	0.5050	0.4991	0.6158	0.5068	0.6205	0.5641	0.4402	0.6161	0.5007
0.4386	0.5050	0.4991	0.6158	0.5068	0.6205	0.6769	0.4402	0.6161	0.5007
0.4386	0.5050	0.4991	0.6158	0.5068	0.6205	0.6769	0.4402	0.6161	0.5007
0.4386	0.5050	0.4991	0.6158	0.5068	0.6205	0.6769	0.4402	0.6161	0.5007
0.4386	0.5050	0.4991	0.6158	0.5068	0.6205	0.5514	0.4402	0.6161	0.5007
0.4386	0.5050	0.4991	0.6158	0.5068	0.6205	0.5514	0.4402	0.6161	0.5007
0.4386	0.4453	0.4991	0.6158	0.5068	0.6205	0.4333	0.4402	0.6161	0.5007
0.4386	0.4453	0.5012	0.6158	0.5068	0.6205	0.4333	0.4402	0.4419	0.5007
0.4386	0.5528	0.5012	0.6158	0.5068	0.6205	0.4333	0.4402	0.4419	0.5007
0.4410	0.5528	0.5012	0.6158	0.5068	0.6205	0.4333	0.4402	0.4419	0.5007
0.4410	0.5528	0.5012	0.6158	0.5068	0.6205	0.4333	0.4402	0.5591	0.5007
0.4410	0.5528	0.5012	0.6158	0.5068	0.6205	0.4333	0.4402	0.5591	0.5007
0.4410	0.5528	0.5012	0.6158	0.5068	0.6205	0.4358	0.4402	0.5591	0.5007
0.4410	0.5528	0.5012	0.5567	0.5068	0.6205	0.4358	0.4402	0.5591	0.5007
0.4410	0.5528	0.5012	0.5567	0.5068	0.6205	0.4358	0.4402	0.5591	0.6209
0.5555	0.5528	0.5012	0.5567	0.5068	0.6205	0.4358	0.4402	0.5591	0.6209
0.5555	0.5528	0.5012	0.5567	0.5068	0.6205	0.4358	0.4402	0.5591	0.6209
0.5555	0.5528	0.5012	0.5567	0.5068	0.6205	0.4438	0.4402	0.5591	0.6209
0.5555	0.5528	0.5012	0.5567	0.5068	0.6205	0.4438	0.4402	0.5591	0.6209
0.5555	0.5528	0.5012	0.5567	0.5068	0.6205	0.4438	0.4402	0.5591	0.6209
0.5555	0.5528	0.5012	0.5567	0.5068	0.6205	0.4438	0.4402	0.5591	0.6209
0.5555	0.5528	0.5012	0.5567	0.5068	0.6205	0.4366	0.4402	0.5591	0.6209
0.5555	0.5528	0.5012	0.5567	0.5068	0.3282	0.4366	0.4402	0.5591	0.6209
0.5555	0.5528	0.5012	0.5567	0.5068	0.3282	0.4366	0.4402	0.5591	0.6209
0.5555	0.5528	0.5012	0.5567	0.5068	0.3282	0.4366	0.4402	0.5591	0.6170
0.5555	0.5528	0.5012	0.5567	0.5068	0.3282	0.4366	0.4402	0.5591	0.6170
0.5555	0.5528	0.5012	0.5567	0.6155	0.5006	0.4366	0.4402	0.5591	0.6170
0.5555	0.5528	0.5012	0.5567	0.6155	0.5006	0.4366	0.4443	0.5591	0.6170
0.5555	0.5528	0.5012	0.5567	0.6155	0.5006	0.4398	0.4443	0.5591	0.5052
0.5555	0.5528	0.5012	0.5567	0.6155	0.5006	0.4398	0.4443	0.5591	0.5052
0.5555	0.5528	0.5012	0.5567	0.6155	0.5006	0.4398	0.4443	0.5591	0.5052
0.5555	0.4986	0.5012	0.5567	0.6155	0.5006	0.4398	0.4443	0.5591	0.5052
0.5555	0.4986	0.5012	0.5567	0.6155	0.5006	0.4398	0.4443	0.5591	0.5052
0.5555	0.4986	0.5012	0.5567	0.6155	0.5006	0.4398	0.4443	0.5591	0.5052
0.5555	0.4986	0.5012	0.5567	0.6155	0.5006	0.4398	0.4443	0.5591	0.5052
0.5555	0.4986	0.5012	0.5567	0.6155	0.5046	0.4398	0.4443	0.5591	0.5052
0.5555	0.4986	0.5012	0.5567	0.6155	0.5046	0.4398	0.4443	0.5591	0.5052
0.5555	0.4986	0.5012	0.5567	0.6155	0.5046	0.4398	0.4443	0.5591	0.5052
0.5555	0.4986	0.5012	0.5567	0.6155	0.5046	0.4398	0.4443	0.5591	0.5052
0.5555	0.4986	0.5012	0.5567	0.4977	0.5046	0.4398	0.4443	0.5591	0.5052
0.5555	0.3841	0.5012	0.5567	0.4977	0.5046	0.4398	0.4443	0.5591	0.5052
0.5555	0.3841	0.5012	0.5567	0.4977	0.5046	0.4398	0.4443	0.5591	0.5052
0.5555	0.3841	0.5012	0.5567	0.4977	0.5046	0.4398	0.4443	0.5591	0.5052
0.5555	0.3841	0.5012	0.5567	0.4977	0.5046	0.4398	0.4443	0.5591	0.5052
0.5555	0.4993	0.5012	0.5567	0.4977	0.5046	0.4398	0.4443	0.5591	0.5052
0.5555	0.4993	0.5012	0.5567	0.4977	0.5046	0.4398	0.4443	0.5591	0.5052
0.5555	0.4993	0.5012	0.5567	0.4977	0.4449	0.4398	0.4443	0.5591	0.5052
0.5555	0.4993	0.5012	0.5567	0.4977	0.4449	0.4398	0.4443	0.5591	0.5052
0.5555	0.4993	0.5012	0.5567	0.4977	0.4449	0.4398	0.4443	0.5591	0.5052
0.5555	0.4993	0.5012	0.5567	0.4977	0.4449	0.4398	0.4443	0.5591	0.5052
0.5555	0.4993	0.5012	0.5567	0.4977	0.4449	0.4398	0.4443	0.5591	0.5052
0.5555	0.4993	0.5012	0.5567	0.4977	0.4449	0.4398	0.4443	0.5591	0.5052
0.5555	0.4993	0.5012	0.5567	0.4977	0.4449	0.4398	0.4443	0.5591	0.5052
0.5555	0.4993	0.5012	0.5567	0.4977	0.4449	0.4398	0.4443	0.5591	0.5052
0.5555	0.4993	0.5012	0.5567	0.4977	0.4449	0.4398	0.4443	0.5591	0.5052
0.5555	0.4993	0.5012	0.5567	0.4977	0.4449	0.4398	0.4443	0.5591	0.5052
