0.2024	0.3365	0.4492	0.6608	0.5031	0.2586	0.5834	0.8136	0.0181	0.7666
0.6537	0.7319	0.5108	0.6901	1.0000	0.3681	1.0000	0.5262	0.7160	1.0000
0.7634	0.5654	0.1390	0.6901	0.7286	0.3344	0.5064	0.6751	0.9272	0.4823
0.3000	0.9939	0.7000	0.6797	0.4499	0.4829	0.4991	0.7228	0.5008	0.5560
0.5167	0.6549	0.0000	0.6984	0.5235	0.4829	0.5205	0.4766	0.8083	1.0000
0.3077	1.0000	0.3445	0.6984	0.5235	0.1912	0.2876	0.5297	1.0000	0.5438
0.5075	0.1222	0.3475	0.6984	0.5235	0.9468	0.7291	0.5155	0.4152	0.5857
0.5075	0.5053	1.0000	0.6984	0.5235	0.8628	0.4599	0.6527	0.5914	0.4327
0.5075	0.5500	0.3043	0.6984	0.5200	0.4247	0.8541	0.3919	1.0000	0.6685
0.5075	0.2997	0.0000	0.6984	0.5200	0.6639	0.7097	0.5910	0.0937	0.2873
0.5075	0.9916	0.4904	0.6984	0.5200	0.4836	0.0000	0.1215	0.5796	0.2873
0.5075	0.0000	0.7246	0.6984	0.5200	0.6842	0.4860	0.6864	0.5958	0.2873
0.5075	0.3074	0.4138	1.0000	0.5200	0.3139	0.3281	0.3424	0.3228	0.2873
0.5075	0.3074	0.8288	0.5334	0.5200	0.6732	0.6973	0.4873	0.5296	0.2873
0.5075	0.0000	0.4729	0.9854	0.5200	0.6732	0.6973	0.6985	1.0000	0.4994
0.5075	0.1768	0.5798	0.1997	0.5200	0.4740	0.4987	0.0000	0.2983	0.4994
0.5075	0.3419	0.7371	0.2627	0.5200	0.2850	0.4987	0.4871	0.5040	0.4994
0.5075	0.4963	0.7510	0.8613	0.5200	0.5058	0.6251	0.4871	0.0000	0.5198
0.5075	0.4963	0.0000	0.6783	0.5200	0.5058	0.5605	0.4871	0.5264	0.5198
0.5075	0.4963	0.7036	0.7316	0.5200	0.4707	0.3000	0.4871	0.5264	0.5198
0.5075	0.4963	0.7036	0.5205	0.5200	0.5856	0.3000	0.4871	0.3322	0.5198
0.5075	0.2642	0.0364	0.3064	0.5200	0.2843	0.9991	0.4852	0.0000	0.5198
0.5075	1.0000	0.6155	0.3064	0.5200	0.4723	0.0000	0.5180	0.2666	0.5198
0.5075	0.6905	0.6889	0.3064	0.5200	0.3246	0.0000	0.5180	0.4729	0.5198
0.5075	0.0000	0.5044	0.3064	0.5200	1.0000	0.5307	0.5180	0.4451	0.5198
0.5075	0.3290	0.5044	0.3064	0.5200	1.0000	0.4785	0.5180	0.3023	0.5198
0.4808	0.6600	0.5081	0.3064	0.5200	1.0000	0.4785	0.5180	0.2910	0.5198
0.4808	0.5125	0.5081	0.3064	0.5200	0.0000	0.5336	0.5180	0.5108	0.5198
0.4808	0.5125	0.5081	0.3064	0.5200	0.0578	0.5336	0.5180	0.6901	0.5198
0.4808	0.5125	0.5081	0.3064	0.5200	0.6949	0.5336	0.5180	0.6901	0.5198
0.4808	0.5125	0.5081	0.3064	0.5200	0.0000	0.5336	0.5180	0.6901	0.5198
0.4808	0.5125	0.5081	0.3064	0.5200	0.4936	0.4918	0.5180	0.7067	0.5198
0.4808	0.5125	0.5081	0.3064	0.5200	0.4877	0.4918	0.5180	0.7067	0.5198
0.4808	0.5125	0.5081	0.5084	0.5200	0.4877	0.3036	0.5180	0.5052	0.5198
0.4808	0.5125	0.5007	0.5084	0.5200	0.4877	0.3036	0.5180	0.5052	0.5198
0.4808	0.5125	0.5007	0.5084	0.5200	0.4964	0.4924	0.5180	0.5052	0.5198
0.4808	0.5125	0.5150	0.5084	0.5200	0.4964	0.4924	0.5180	0.5052	0.5198
0.4808	0.5125	0.5150	0.5084	0.5200	0.4964	0.4924	0.5180	0.5052	0.5198
0.4808	0.5125	0.5150	0.5084	0.5200	0.4964	0.4924	0.5180	0.5052	0.5198
0.4808	0.5125	0.5150	0.5084	0.5200	0.4964	0.4924	0.5180	0.5052	0.5198
0.4808	0.5125	0.4868	0.5084	0.5200	0.4964	0.4924	0.5180	0.5052	0.5198
0.4808	0.5125	0.4868	0.5084	0.5200	0.4964	0.4924	0.5180	0.5052	0.5198
0.4808	0.5125	0.4868	0.5084	0.5200	0.4964	0.4924	0.5180	0.5052	0.5198
0.4808	0.5125	0.4868	0.5084	0.5200	0.4964	0.4924	0.4956	0.5052	0.5198
0.4808	0.5125	0.4868	0.5084	0.5200	0.4964	0.4924	0.4956	0.5052	0.5198
0.4808	0.5125	0.4868	0.5084	0.5200	0.4964	0.4924	0.4956	0.5052	0.5198
0.4808	0.5125	0.4868	0.5084	0.5200	0.4964	0.4924	0.4956	0.5052	0.5198
0.4808	0.5125	0.4868	0.5084	0.5200	0.4964	0.4924	0.4956	0.5052	0.5198
0.4808	0.5125	0.4868	0.5084	0.5200	0.4964	0.4924	0.4956	0.5052	0.5198
0.4808	0.5125	0.4868	0.5084	0.5200	0.4964	0.4924	0.4956	0.5052	0.5198
0.4808	0.5125	0.4868	0.5084	0.5200	0.4964	0.4924	0.4956	0.5052	0.5198
0.4808	0.5125	0.4868	0.5084	0.5200	0.4964	0.4924	0.4956	0.5052	0.5198
0.4808	0.5125	0.4868	0.5084	0.5200	0.4964	0.4924	0.4956	0.5052	0.5198
0.4808	0.5125	0.4868	0.5084	0.5200	0.4964	0.4924	0.4956	0.4873	0.5198
0.4808	0.5125	0.4868	0.5084	0.5200	0.4964	0.4924	0.4956	0.4873	0.5198
0.4808	0.5125	0.4868	0.5084	0.5200	0.4964	0.4924	0.4956	0.4873	0.5198
0.4808	0.5125	0.4868	0.5084	0.5200	0.4964	0.4924	0.4956	0.4873	0.5198
0.4808	0.5125	0.4868	0.5084	0.5200	0.4964	0.4924	0.4956	0.4873	0.5198
0.4808	0.5125	0.4868	0.5084	0.5200	0.4964	0.4924	0.4956	0.4873	0.5198
0.4808	0.5125	0.4868	0.5084	0.5200	0.4964	0.4924	0.4956	0.4873	0.5198
0.4808	0.5125	0.4868	0.5084	0.5200	0.4964	0.4924	0.4956	0.4873	0.5198
0.4808	0.5125	0.4868	0.5084	0.5200	0.4964	0.4924	0.4956	0.4873	0.5198
0.4808	0.5125	0.4868	0.5084	0.5200	0.4964	0.4924	0.4956	0.4873	0.5198
0.4808	0.5125	0.4868	0.5084	0.5200	0.4964	0.4924	0.4956	0.4873	0.5198
0.4808	0.5125	0.4868	0.5084	0.5200	0.4964	0.4924	0.4956	0.4873	0.5198
0.4808	0.5125	0.4868	0.5084	0.5200	0.4964	0.4924	0.4956	0.4873	0.5198
0.4808	0.5125	0.4868	0.5084	0.5200	0.4964	0.4924	0.4956	0.4873	0.5198
0.4808	0.5125	0.4868	0.5084	0.5200	0.4964	0.4924	0.4956	0.4873	0.5198
0.4808	0.5125	0.4868	0.5084	0.5200	0.4964	0.4924	0.4956	0.4873	0.5198
0.4808	0.5125	0.4868	0.5084	0.5200	0.4964	0.4924	0.4956	0.4873	0.4844
0.4808	0.5125	0.4868	0.5084	0.5200	0.4964	0.4924	0.4956	0.4873	0.5060
0.4808	0.5125	0.4868	0.5084	0.5200	0.4964	0.4924	0.4956	0.4873	0.5060
0.4808	0.5125	0.4868	0.5084	0.5200	0.4964	0.4924	0.4956	0.4873	0.5060
0.4808	0.5125	0.4868	0.5084	0.5200	0.4964	0.4924	0.4956	0.4873	0.5060
0.4808	0.5125	0.4868	0.5084	0.5200	0.4964	0.4924	0.4956	0.4873	0.5060
0.4808	0.5125	0.4868	0.5084	0.5200	0.4964	0.4924	0.4956	0.4873	0.5060
0.4808	0.5125	0.4868	0.5084	0.5200	0.4964	0.4924	0.4956	0.4873	0.5060
0.4808	0.5125	0.4868	0.5084	0.5200	0.4964	0.4924	0.4956	0.4873	0.5060
0.4808	0.5125	0.4868	0.5084	0.5200	0.4964	0.4924	0.4956	0.4873	0.5060
0.4808	0.5125	0.4868	0.5084	0.5200	0.4964	0.4924	0.4956	0.4873	0.5060
0.4808	0.5125	0.4868	0.5084	0.5200	0.4964	0.4924	0.4956	0.4873	0.5060
0.4808	0.5125	0.5047	0.5084	0.5200	0.4964	0.4924	0.4956	0.4873	0.5060
0.4808	0.5056	0.5047	0.5084	0.5200	0.4964	0.4924	0.4956	0.4873	0.5060
0.4808	0.5056	0.5047	0.5084	0.5200	0.4964	0.4924	0.4956	0.4873	0.5060
0.4808	0.5056	0.5047	0.5084	0.5200	0.4964	0.4924	0.4956	0.4873	0.5060
0.4808	0.5056	0.5047	0.5084	0.5200	0.4964	0.4924	0.4956	0.4873	0.5060
0.4808	0.5056	0.5047	0.5084	0.5200	0.4964	0.4924	0.4956	0.4873	0.5060
0.4808	0.5056	0.5047	0.5084	0.5200	0.4964	0.4924	0.4978	0.4873	0.5060
0.4853	0.5056	0.5047	0.5084	0.5200	0.4964	0.4924	0.4978	0.4873	0.5060
0.4853	0.5056	0.5047	0.5084	0.5200	0.4964	0.4924	0.4978	0.4873	0.5060
0.4853	0.5056	0.5047	0.5084	0.5200	0.4964	0.4924	0.4978	0.4873	0.5060
0.4853	0.5056	0.5047	0.5084	0.5200	0.4964	0.4924	0.4978	0.4873	0.5060
0.4853	0.5056	0.5047	0.5084	0.5200	0.4964	0.4924	0.4978	0.4873	0.5060
0.4853	0.5056	0.5047	0.5084	0.5200	0.4964	0.4924	0.4978	0.4873	0.5060
0.4853	0.5056	0.5047	0.5084	0.5200	0.4964	0.4924	0.4978	0.4873	0.4987
0.4853	0.5056	0.5047	0.5084	0.4935	0.4964	0.4924	0.4978	0.4873	0.4987
0.4853	0.5056	0.5047	0.5084	0.4935	0.4964	0.4924	0.4978	0.4873	0.4987
0.4853	0.5056	0.5047	0.5084	0.4935	0.4964	0.4924	0.4978	0.4873	0.4987
0.4853	0.5056	0.5047	0.5084	0.4935	0.4964	0.4924	0.4978	0.4873	0.4987
0.4853	0.5056	0.5047	0.5084	0.4935	0.4964	0.4924	0.4978	0.4873	0.4987
0.4853	0.5056	0.5047	0.5084	0.4935	0.4964	0.4924	0.4978	0.4873	0.4987
