0.1397	0.5612	0.8952	0.8552	0.6831	0.1023	0.8756	0.6734	0.2706	0.8711	0.1385	0.6296	0.8096	0.1972	0.5929	0.9297	0.0538	0.5498	0.3019	0.8512
0.0291	0.1625	0.8791	0.3350	0.8021	1.0000	0.5705	0.5919	0.3142	0.5497	0.5527	0.0000	0.0000	0.2591	0.6178	0.7371	0.2764	0.6693	0.0000	0.3441
0.9193	0.2822	0.4511	0.2493	0.3035	0.6704	0.6734	0.4332	0.0536	0.4263	1.0000	0.9162	0.0501	0.6853	0.8690	0.4844	1.0000	0.7121	0.4318	0.5528
0.2274	0.7345	0.6176	0.2716	0.4538	0.6704	0.0000	0.7109	0.3842	0.3849	0.6412	0.4375	0.7923	0.1452	0.8069	0.2646	0.7347	0.4986	0.5728	0.1561
0.7347	0.0000	0.6176	0.3835	0.4831	0.0000	0.4643	0.2378	0.3842	0.0767	0.1462	0.7316	0.2574	0.9868	0.3236	1.0000	0.4369	0.3273	0.4816	0.3049
0.4360	0.4679	0.3877	0.3835	1.0000	0.7277	0.4481	0.6206	0.3842	0.2305	0.5452	0.6172	0.7243	0.3973	0.3934	0.3840	0.0000	0.3985	0.5558	0.0000
0.2714	0.4397	0.3877	0.3835	0.8340	0.7388	0.7648	0.5520	0.3842	1.0000	0.6149	0.8082	0.3203	0.0000	0.7001	0.5525	0.3918	0.5917	0.4663	0.2645
0.0000	0.4397	0.3877	0.3835	0.1153	1.0000	0.3252	0.4530	0.5055	0.5146	0.5035	0.4773	0.4359	0.6270	0.6710	0.3502	0.3794	0.4938	0.6804	0.4935
0.3912	0.6174	0.3877	0.3835	0.5314	0.5055	0.5730	0.3719	0.5055	0.1498	0.5035	0.3142	0.4359	0.4966	0.6715	0.8954	0.0000	0.3834	0.0000	0.0000
0.8514	0.6174	0.3877	0.3835	0.8442	0.6702	1.0000	0.7207	0.5055	0.0000	0.5035	0.4814	0.4359	0.4966	0.7660	0.6133	0.0000	0.3834	0.3597	0.4380
0.5286	0.6174	0.3877	0.3835	0.7373	0.5380	0.7749	1.0000	0.6254	0.4990	0.5035	0.8843	0.3799	0.4966	0.3799	0.6133	0.4971	0.3834	0.4403	0.4380
0.1243	0.6174	0.3877	0.3835	0.3050	0.5913	0.2548	0.6130	0.3680	0.4990	0.5035	0.0000	0.5628	0.4966	0.7334	0.6133	0.4971	0.3834	0.4403	0.4380
0.0355	0.6174	0.3877	0.4982	0.4953	0.3869	0.0000	0.0708	0.2619	0.4990	0.5035	1.0000	0.5628	0.4966	0.8708	0.6133	0.4971	0.3834	0.4403	0.5543
0.4335	0.3805	0.3877	0.4982	0.4953	0.3869	0.6245	0.6118	0.0000	0.4990	0.5035	0.4287	0.5628	0.4966	0.5706	1.0000	0.5580	0.3834	0.3859	0.5543
0.6253	0.3805	0.3877	0.4982	0.4953	0.3171	0.6245	0.6118	0.3051	0.4990	0.4480	0.4287	0.5628	0.4966	0.4481	1.0000	0.5580	0.3834	0.5488	0.4460
0.4800	0.5009	0.3877	0.4982	0.4953	0.6904	0.6245	0.6118	0.5717	0.6239	0.4480	0.4287	0.5628	0.4966	0.3464	0.4932	0.5580	0.3834	0.0000	0.7282
0.5138	0.5009	0.3877	0.4982	0.4953	0.2027	0.5015	0.2655	0.5717	0.3886	0.4300	0.7293	0.5628	0.4966	0.4392	0.4365	0.5029	0.3834	0.6895	0.3787
0.3194	0.5009	0.3877	0.4982	0.4953	0.2655	0.5015	0.4948	0.5523	0.3886	0.6389	0.6677	0.5628	0.4966	0.4392	0.4365	0.5029	0.3834	0.4539	0.4339
0.6053	0.5009	0.3877	0.4982	0.4953	0.4451	0.5015	0.0000	0.5523	0.3898	0.3027	0.4466	0.5628	0.4966	0.4392	0.4365	0.5029	0.4905	0.3307	0.4339
0.0881	0.5009	0.4327	0.4982	0.4953	0.4451	0.5015	0.1865	0.5523	0.3898	0.4485	0.3257	0.5628	0.4966	0.2669	0.4365	0.5029	0.4948	0.0000	0.4339
0.7442	0.5009	0.4327	0.4982	0.4953	0.3213	0.5015	0.4934	0.5523	0.3898	0.4485	0.3257	0.4457	0.4966	0.8613	0.4354	0.5029	0.4948	1.0000	0.4392
0.0000	0.5009	0.4327	0.4982	0.4953	0.2677	0.4913	0.2159	0.5523	0.7366	0.5596	0.3257	0.4457	0.4966	0.7998	0.4354	0.5029	0.4948	0.4528	0.4392
0.7438	0.5009	0.4327	0.4982	0.4953	0.3159	0.4913	0.3680	0.5523	0.4365	0.5596	0.6242	0.4457	0.4966	0.0000	0.4354	0.5029	0.4948	0.5540	0.5630
0.7438	0.5009	0.4327	0.4982	0.4953	0.8656	0.4913	0.3259	0.5523	0.0000	0.5596	0.6242	0.4457	0.4966	0.5132	0.4354	0.5029	0.4948	0.5540	0.5630
0.7438	0.5009	0.5652	0.4982	0.4953	0.3891	0.3785	0.4987	0.5523	0.5654	0.5596	0.4957	0.4457	0.3801	0.5132	0.4354	0.5029	0.4948	0.5540	0.5630
0.7260	0.5009	0.5652	0.4982	0.4953	0.2171	0.5062	0.6767	0.5523	0.5654	0.5596	0.4957	0.4457	0.3801	0.3205	0.4354	0.5029	0.4948	0.5540	0.5630
0.3712	0.5009	0.5652	0.4982	0.4996	0.6859	0.5062	0.5018	0.5523	0.5654	0.5596	0.4957	0.4457	0.3801	0.6254	0.6766	0.5029	0.4948	0.5540	0.5630
0.6706	0.5009	0.5652	0.4982	0.4996	0.0000	0.3233	0.5018	0.5523	0.5654	0.5596	0.4957	0.4457	0.3801	0.6254	0.3156	0.5029	0.4948	0.5540	0.5630
0.6706	0.5009	0.5652	0.4982	0.4996	0.4829	0.3233	0.5018	0.5523	0.5654	0.5596	0.4957	0.4457	0.3801	0.6254	0.3156	0.5029	0.6157	0.5540	0.5630
0.6706	0.5009	0.5652	0.4982	0.4996	0.4947	0.3781	0.5018	0.5523	0.5654	0.5596	0.4957	0.4457	0.3801	0.6805	0.6202	0.5029	0.5562	0.5540	0.5630
0.6706	0.5009	0.5652	0.4982	0.4996	0.5580	0.3781	0.5018	0.3814	0.5654	0.6728	0.4957	0.4457	0.3801	0.6805	0.4494	0.5029	0.5562	0.5540	0.5630
0.6706	0.5009	0.5652	0.4982	0.4996	0.5580	0.3781	0.5018	0.3814	0.5654	0.6728	0.4957	0.4457	0.3801	0.6805	0.4455	0.5029	0.3810	0.3221	0.5630
0.5078	0.5009	0.5652	0.4982	0.4996	0.5580	0.3781	0.5018	0.3814	0.5654	0.6728	0.4957	0.4457	0.3801	0.6805	0.4455	0.5029	0.3810	0.3221	0.5630
0.5078	0.5009	0.5652	0.4982	0.4996	0.5580	0.3781	0.3819	0.3814	0.5654	0.6728	0.4957	0.4457	0.3801	0.6805	0.4455	0.5029	0.3810	0.3221	0.5630
0.5078	0.5009	0.5652	0.4982	0.4996	0.3248	0.3781	0.3819	0.3814	0.5654	0.6728	0.5572	0.4457	0.3801	0.6805	0.4927	0.5029	0.3810	0.3221	0.5630
0.5078	0.5009	0.5652	0.4982	0.4996	0.3248	0.3781	0.3819	0.3814	0.5654	0.6728	0.5572	0.4457	0.3801	0.6805	0.6165	0.5029	0.3810	0.3221	0.5630
0.5078	0.5009	0.5652	0.4982	0.4996	0.3248	0.3781	0.3763	0.3814	0.4956	0.6728	0.5572	0.4457	0.3801	0.5088	0.6165	0.5029	0.3810	0.6764	0.5630
0.5078	0.5009	0.5652	0.4982	0.4996	0.4937	0.3781	0.3763	0.3814	0.4956	0.6728	0.5572	0.4457	0.4360	0.5088	0.6165	0.5029	0.3810	0.6764	0.5630
0.5078	0.5009	0.5652	0.4982	0.4996	0.4937	0.5505	0.5144	0.3814	0.4956	0.6728	0.5572	0.4457	0.4360	0.5088	0.6165	0.5029	0.3810	0.4352	0.5630
0.5078	0.5009	0.5652	0.4982	0.4996	0.4937	0.5510	0.5144	0.3814	0.4956	0.6728	0.5572	0.4457	0.4360	0.5088	0.6165	0.5029	0.3810	0.4352	0.5630
0.5078	0.5009	0.5652	0.4982	0.4996	0.4937	0.5510	0.6814	0.3814	0.4956	0.5609	0.5572	0.4457	0.4360	0.5088	0.6165	0.5029	0.3810	0.4352	0.5630
0.5078	0.5009	0.5652	0.4982	0.4996	0.4937	0.5022	0.6814	0.3814	0.4956	0.5609	0.5572	0.4457	0.4360	0.5088	0.6165	0.5029	0.3810	0.4352	0.5630
0.5078	0.5009	0.5652	0.4982	0.4996	0.4937	0.5509	0.6814	0.3814	0.4956	0.5609	0.5572	0.4457	0.4360	0.5088	0.6165	0.5029	0.3810	0.3847	0.5630
0.5078	0.5009	0.5652	0.4982	0.4996	0.5046	0.4984	0.6814	0.3814	0.4956	0.5609	0.5572	0.4457	0.4360	0.5543	0.3231	0.5029	0.4457	0.3847	0.5630
0.5078	0.5009	0.5652	0.4982	0.4996	0.5046	0.4984	0.5092	0.3814	0.4956	0.5609	0.5572	0.4457	0.4360	0.5010	0.3231	0.5029	0.4457	0.3847	0.5630
0.5078	0.5009	0.5652	0.4982	0.4996	0.5046	0.4984	0.5092	0.3814	0.4956	0.5609	0.5572	0.4457	0.4360	0.5010	0.3231	0.5029	0.4457	0.3847	0.5630
0.5078	0.5009	0.5652	0.4982	0.4996	0.5046	0.4984	0.5092	0.3814	0.4956	0.5609	0.5572	0.4457	0.4360	0.5645	0.5539	0.5029	0.4457	0.6148	0.5030
0.5002	0.5009	0.5652	0.4982	0.4996	0.5046	0.4984	0.5092	0.3814	0.4956	0.5609	0.5579	0.4457	0.4360	0.5645	0.5539	0.5029	0.4457	0.6148	0.5030
0.5002	0.5009	0.5652	0.4982	0.4996	0.5046	0.4984	0.5092	0.3814	0.4956	0.5609	0.5579	0.4457	0.4360	0.5645	0.5539	0.5029	0.4457	0.6148	0.5030
0.5002	0.5009	0.5652	0.4982	0.4996	0.5046	0.4984	0.5092	0.3814	0.4956	0.5609	0.5579	0.4457	0.4360	0.5645	0.5539	0.5029	0.4457	0.6148	0.5030
0.5002	0.5009	0.5549	0.4982	0.4996	0.5046	0.4984	0.5092	0.3814	0.4956	0.5609	0.5579	0.4457	0.4360	0.5645	0.5539	0.5029	0.4457	0.6148	0.5030
0.5052	0.5009	0.5051	0.4982	0.4996	0.5046	0.4984	0.4343	0.3814	0.4956	0.5609	0.5579	0.4457	0.4360	0.5645	0.5539	0.5029	0.4457	0.6148	0.5030
0.5052	0.5009	0.5051	0.4982	0.4996	0.5046	0.4984	0.4343	0.3814	0.4956	0.5609	0.5579	0.4457	0.4360	0.5645	0.5539	0.5029	0.5068	0.6148	0.5030
0.4472	0.5009	0.5051	0.4982	0.4996	0.5046	0.4984	0.4343	0.3814	0.4956	0.5609	0.5579	0.4457	0.4360	0.4332	0.5539	0.5029	0.5068	0.6148	0.5030
0.4472	0.5009	0.5051	0.4982	0.4996	0.5046	0.4984	0.5023	0.3814	0.4956	0.5609	0.5579	0.4457	0.4360	0.6766	0.5539	0.5029	0.5068	0.6148	0.5030
0.4472	0.5009	0.5051	0.4982	0.4996	0.5046	0.4984	0.5023	0.3814	0.4956	0.5609	0.5579	0.4457	0.4360	0.6766	0.5539	0.5029	0.5068	0.6148	0.5030
0.4472	0.5009	0.5051	0.4982	0.4996	0.5046	0.5547	0.5023	0.3814	0.4956	0.5609	0.5579	0.4457	0.4360	0.6766	0.5539	0.5029	0.5068	0.6148	0.5030
0.4472	0.5009	0.5051	0.4982	0.4996	0.5046	0.5547	0.5023	0.3814	0.4956	0.5609	0.5579	0.4457	0.4360	0.6766	0.5539	0.5029	0.5068	0.6148	0.5030
0.4472	0.5009	0.5051	0.4987	0.4996	0.5046	0.5547	0.5023	0.3814	0.4956	0.5609	0.5579	0.4457	0.4360	0.5659	0.5539	0.5029	0.5068	0.6148	0.5030
0.4472	0.5009	0.5051	0.4987	0.4996	0.5046	0.5057	0.5582	0.4973	0.4956	0.3840	0.5579	0.4457	0.4360	0.5662	0.6128	0.5029	0.5068	0.6148	0.5030
0.4472	0.5009	0.5051	0.4987	0.4996	0.5046	0.5057	0.5582	0.4973	0.4956	0.3840	0.5579	0.4457	0.4360	0.5662	0.6128	0.5029	0.5068	0.6148	0.5030
0.4472	0.5009	0.5051	0.4987	0.4996	0.5046	0.5057	0.5582	0.4973	0.4956	0.3840	0.5579	0.4457	0.4360	0.5662	0.6128	0.5029	0.5068	0.6148	0.5030
0.4472	0.5009	0.5051	0.4987	0.4996	0.5046	0.5057	0.5582	0.4973	0.4956	0.3840	0.5579	0.4457	0.4360	0.5662	0.6128	0.5029	0.5068	0.6148	0.5030
0.4472	0.5009	0.5051	0.4987	0.4996	0.5046	0.5057	0.5582	0.4973	0.4956	0.3840	0.5579	0.4457	0.4360	0.5662	0.6107	0.5029	0.5068	0.6148	0.5030
0.4472	0.5009	0.5051	0.4987	0.4996	0.5046	0.5057	0.5582	0.4973	0.4956	0.3840	0.5579	0.4457	0.4360	0.5662	0.6107	0.5029	0.5068	0.4989	0.5030
0.4472	0.5009	0.5051	0.4987	0.4996	0.5046	0.5057	0.5582	0.4973	0.4956	0.3840	0.5579	0.4457	0.4360	0.5662	0.6107	0.5029	0.5068	0.4989	0.5030
0.4472	0.5009	0.5051	0.4987	0.4996	0.5046	0.5057	0.5582	0.4973	0.4956	0.3840	0.5579	0.4388	0.4360	0.5662	0.6107	0.5029	0.5068	0.4989	0.5030
0.4472	0.5009	0.5051	0.4987	0.4996	0.5046	0.5057	0.5582	0.4973	0.4956	0.3840	0.5579	0.4388	0.4360	0.5662	0.6107	0.5029	0.5068	0.4989	0.5030
0.4472	0.5009	0.5051	0.4987	0.4996	0.5046	0.5057	0.5582	0.4973	0.4956	0.3840	0.5579	0.4388	0.4360	0.5662	0.6107	0.5029	0.5068	0.4989	0.5030
0.4472	0.5009	0.5051	0.4987	0.4996	0.5046	0.5057	0.5582	0.4973	0.4956	0.3840	0.5579	0.4388	0.4360	0.5662	0.6107	0.5029	0.5068	0.4989	0.5030
0.4472	0.5009	0.5051	0.5604	0.4996	0.5046	0.5057	0.5582	0.4973	0.4956	0.3840	0.5579	0.4388	0.4360	0.5662	0.6107	0.5029	0.5068	0.4989	0.5030
0.4472	0.5009	0.5051	0.5604	0.4996	0.5046	0.5057	0.5582	0.4973	0.4960	0.3840	0.5579	0.4388	0.4360	0.5662	0.6107	0.5029	0.5068	0.4989	0.5030
0.4472	0.5009	0.5051	0.5604	0.4996	0.5046	0.5057	0.5582	0.4973	0.4960	0.3840	0.5579	0.4388	0.4360	0.5662	0.6107	0.5029	0.5068	0.4989	0.5030
0.4472	0.5009	0.5051	0.5604	0.4996	0.5046	0.5057	0.5582	0.4973	0.4960	0.3840	0.5579	0.4388	0.4360	0.5662	0.6107	0.5029	0.5068	0.4989	0.5030
0.4472	0.5009	0.5051	0.5604	0.4996	0.5046	0.5057	0.5582	0.4973	0.4960	0.3840	0.5579	0.4388	0.4360	0.5662	0.6107	0.5029	0.5068	0.4989	0.5030
0.4472	0.5009	0.5051	0.5604	0.4996	0.5046	0.3886	0.5582	0.4973	0.4960	0.3840	0.5031	0.4388	0.4360	0.5662	0.6107	0.5029	0.5068	0.4989	0.5030
0.4472	0.5009	0.5051	0.5604	0.4996	0.5046	0.3886	0.5582	0.4973	0.4960	0.3840	0.5031	0.4388	0.4360	0.5662	0.6107	0.5029	0.5068	0.4989	0.5030
0.4472	0.5009	0.5051	0.5604	0.4996	0.5046	0.3886	0.5582	0.4973	0.4960	0.3840	0.5031	0.4388	0.4360	0.5662	0.6107	0.5029	0.5068	0.4989	0.5030
0.4472	0.5009	0.5051	0.5604	0.4996	0.5046	0.3886	0.5582	0.4973	0.4960	0.3840	0.5031	0.4388	0.4360	0.5662	0.6107	0.5029	0.5068	0.4989	0.4374
0.4472	0.5009	0.5051	0.5604	0.4996	0.5046	0.3886	0.5582	0.4973	0.4960	0.3840	0.5031	0.4388	0.4360	0.5662	0.6107	0.5029	0.5068	0.4989	0.4374
0.4472	0.5009	0.5051	0.5604	0.4996	0.5046	0.3886	0.5582	0.4973	0.4960	0.3840	0.5031	0.4388	0.4360	0.5662	0.5580	0.5029	0.5068	0.4989	0.4374
0.4472	0.5009	0.5051	0.5604	0.5600	0.5046	0.3886	0.5582	0.4973	0.4960	0.3840	0.5031	0.4388	0.4360	0.5662	0.5580	0.5029	0.5068	0.4989	0.4374
0.4472	0.5009	0.5051	0.5604	0.5600	0.5046	0.3886	0.5582	0.4973	0.4960	0.3840	0.5031	0.4388	0.4360	0.5662	0.5580	0.5029	0.5068	0.4989	0.4374
0.4472	0.5009	0.5051	0.4427	0.5600	0.5046	0.3886	0.5582	0.4973	0.4960	0.3840	0.5031	0.4388	0.4360	0.5662	0.5580	0.5029	0.5068	0.4989	0.4987
0.4472	0.5009	0.5051	0.4427	0.5600	0.5046	0.6131	0.5582	0.4973	0.4960	0.3840	0.5031	0.4388	0.4360	0.5662	0.5580	0.5029	0.5068	0.4989	0.4987
0.4472	0.5009	0.5051	0.4427	0.5600	0.5046	0.6131	0.5582	0.4973	0.4960	0.3840	0.5031	0.4388	0.4360	0.5662	0.5580	0.5029	0.5068	0.4989	0.4987
0.4472	0.5009	0.5051	0.4427	0.5600	0.5046	0.6131	0.5582	0.4973	0.4960	0.3840	0.5031	0.4388	0.4360	0.5662	0.5580	0.5029	0.5068	0.4989	0.4987
0.4472	0.5009	0.5051	0.4427	0.5600	0.5046	0.5577	0.5582	0.4973	0.4960	0.3840	0.5031	0.4388	0.4360	0.5662	0.5580	0.5029	0.5068	0.4989	0.4987
0.4472	0.5009	0.5051	0.4427	0.5600	0.5046	0.5577	0.5582	0.4973	0.4960	0.3840	0.5031	0.4388	0.3806	0.5662	0.5580	0.5029	0.5068	0.4989	0.4987
0.4472	0.5009	0.5051	0.4427	0.5600	0.5046	0.5577	0.5582	0.4973	0.4960	0.4445	0.5031	0.4388	0.3806	0.4416	0.5580	0.5029	0.5068	0.4989	0.4987
0.4472	0.5009	0.5051	0.4427	0.5600	0.5046	0.5577	0.5582	0.4973	0.4960	0.4445	0.5031	0.4388	0.4431	0.4416	0.5580	0.5029	0.5068	0.4989	0.4987
0.4472	0.5009	0.5051	0.4427	0.5600	0.5046	0.5577	0.5582	0.4973	0.4960	0.4445	0.5031	0.4388	0.4431	0.4416	0.5580	0.5029	0.5068	0.4989	0.4987
0.4472	0.5009	0.5051	0.4427	0.5600	0.5046	0.5577	0.5582	0.4973	0.4960	0.4445	0.5031	0.4388	0.4431	0.4416	0.5580	0.4397	0.5068	0.4989	0.4987
0.4472	0.5009	0.5051	0.4427	0.5600	0.5046	0.5577	0.5582	0.4973	0.4960	0.4445	0.5031	0.4388	0.4431	0.4461	0.5580	0.4397	0.5068	0.4989	0.4987
0.4472	0.5009	0.5051	0.4427	0.5600	0.5046	0.5577	0.5582	0.4973	0.4970	0.4445	0.4977	0.4388	0.4431	0.4461	0.5580	0.4397	0.5068	0.4989	0.4987
0.4472	0.5009	0.5051	0.4427	0.5600	0.5046	0.5577	0.5582	0.4973	0.4970	0.4445	0.4977	0.4388	0.4431	0.4461	0.5580	0.4397	0.5068	0.4989	0.4987
0.4472	0.5009	0.5051	0.4427	0.5600	0.5046	0.5577	0.5582	0.4973	0.4970	0.4445	0.4977	0.4388	0.4431	0.4461	0.5580	0.4397	0.5068	0.4989	0.4987
0.4472	0.5009	0.5051	0.4427	0.5600	0.5046	0.5577	0.5582	0.4973	0.4970	0.4445	0.4977	0.4388	0.4431	0.4461	0.5580	0.4397	0.5068	0.4989	0.4987
0.4472	0.5009	0.5051	0.4427	0.5600	0.5046	0.5577	0.5582	0.4973	0.4970	0.4445	0.4977	0.4388	0.4431	0.4461	0.5580	0.4397	0.5068	0.4989	0.4987
0.4472	0.5009	0.5051	0.4427	0.5600	0.4446	0.5577	0.5582	0.4973	0.4970	0.4445	0.4977	0.4388	0.4431	0.4461	0.4959	0.4397	0.5068	0.4989	0.4987
0.4472	0.5009	0.5051	0.4427	0.5600	0.4446	0.5577	0.5582	0.4973	0.4970	0.4445	0.4977	0.4388	0.4431	0.4461	0.4959	0.4397	0.5068	0.4989	0.4987
