0.4276	0.9895	0.8726	0.6688	0.2024	0.7402	0.2138	0.4873	0.5758	0.1890
1.0000	0.0550	1.0000	1.0000	0.4834	1.0000	0.6232	0.3552	0.6722	0.4583
0.0267	0.4669	0.3840	0.5118	0.6689	0.0226	0.4715	0.5542	0.0552	0.4880
0.0000	1.0000	0.3840	0.5204	0.6410	0.8516	0.6559	0.5246	0.3700	0.9232
0.3363	0.7704	0.3840	0.3691	0.0799	0.3301	0.2902	0.3241	0.2196	0.9576
0.3363	0.2949	0.3840	0.0624	0.3606	0.3301	0.2485	0.7799	0.2196	0.2977
0.0519	1.0000	0.4847	0.4724	0.3603	0.3357	0.3416	0.6384	0.2196	0.0000
0.0000	0.3358	0.4847	0.7808	0.1430	0.3357	0.3562	0.4914	0.0098	0.6740
0.4883	0.5206	0.4067	0.2113	0.0000	0.3357	0.0000	0.4914	0.4887	1.0000
0.3826	0.0382	0.0082	0.5103	0.7135	0.3357	0.0000	0.4914	0.4887	0.8158
1.0000	0.0543	0.2080	0.5103	1.0000	1.0000	1.0000	0.4914	0.4887	0.0000
0.4798	0.5046	0.6578	0.5103	0.0000	0.6365	0.5256	0.6257	0.5083	1.0000
0.0000	0.5046	0.6578	0.5103	0.7158	0.6365	0.4775	0.6257	0.5083	0.9154
0.7299	0.5046	0.4949	0.5103	0.0000	0.6490	0.4775	0.6257	0.5083	0.6277
0.6810	0.5046	0.4949	0.5103	0.6463	0.6490	0.4041	0.6257	0.5083	0.2189
0.6259	0.5046	0.4949	0.5103	0.0000	0.3635	0.3967	0.6257	0.5083	0.0000
0.6259	0.5046	0.4949	0.5103	0.5389	0.3635	0.3563	0.6257	0.4931	0.5012
0.6259	0.5046	0.4949	0.5103	0.4997	0.3635	0.8809	0.6257	0.5063	0.5012
0.4868	0.5046	0.4949	0.5103	0.4997	0.3635	0.5174	0.6257	0.5063	0.5210
0.3215	0.5046	0.4949	0.6401	0.4997	0.3635	0.3818	0.6257	0.5063	0.4989
0.1915	0.5046	0.4949	1.0000	0.4997	0.3635	0.5451	0.6257	0.5063	0.6569
0.3537	0.5046	0.4959	0.3225	0.5139	0.3635	0.4896	0.5044	0.5063	0.6569
0.4817	0.5046	0.4959	0.0000	0.5139	0.4894	0.5084	0.5044	0.5063	0.4985
0.4817	0.5046	0.4959	0.6043	0.5139	0.4894	0.5084	0.5044	0.5063	0.6703
0.4817	0.5046	0.4959	0.4731	0.5139	0.4894	0.5084	0.5044	0.5063	1.0000
0.4817	0.5046	0.4959	0.4961	0.7750	0.4894	0.4798	0.5044	0.5063	0.6533
0.4817	0.5046	0.4959	0.4938	0.4847	0.4894	0.5067	0.5044	0.5063	0.6533
0.4817	0.5046	0.4959	0.4938	0.3729	0.4894	1.0000	0.5044	0.5089	0.6533
0.4817	0.5046	0.4959	0.6417	0.3517	0.4894	1.0000	0.5044	0.5089	0.6533
0.4817	0.5046	0.4959	0.5128	0.3517	0.4894	0.4839	0.5264	0.5089	0.6533
0.3656	0.5046	0.4959	0.5128	0.4806	0.4894	0.5107	0.5225	0.5089	0.6557
0.3656	0.5046	0.4959	0.5128	0.3557	0.5044	0.5107	0.5225	0.5089	0.4890
0.3656	0.5046	0.4959	0.5128	0.3557	0.5044	0.5107	0.5225	0.5089	0.4890
0.3656	0.5046	0.4959	0.5128	0.3557	0.5044	0.2199	0.5225	0.5089	0.4890
0.3656	0.5046	0.4959	0.5128	0.3557	0.5044	0.5036	0.5225	0.5089	0.4890
0.3656	0.5046	0.4959	0.5128	0.3557	0.5044	0.5036	0.5225	0.5089	0.4890
0.3656	0.5046	0.4959	0.5128	0.3557	0.5044	0.2800	0.5225	0.5089	0.4890
0.4889	0.5046	0.4897	0.5128	0.3557	0.5044	0.6847	0.5225	0.5089	0.4890
0.4889	0.5046	0.6270	0.3512	0.3557	0.5044	0.3824	0.5225	0.5089	0.4890
0.4889	0.5046	0.6270	0.3512	0.3557	0.5044	0.4682	0.5225	0.5089	0.4890
0.4889	0.5046	0.6270	0.3512	0.3557	0.5044	0.5233	0.5225	0.5089	0.4890
0.4889	0.5046	0.6270	0.3512	0.3557	0.5044	0.3682	0.5225	0.5089	0.4890
0.4889	0.5046	0.6270	0.3512	0.3557	0.5044	0.3682	0.5225	0.5089	0.4890
0.4889	0.5046	0.6270	0.3512	0.3557	0.5044	0.5364	0.5225	0.5089	0.4890
0.4889	0.4940	0.6270	0.3512	0.3557	0.5044	0.1941	0.5225	0.5089	0.4890
0.4889	0.4940	0.6270	0.3512	0.3557	0.5044	0.7870	0.5225	0.5089	0.4890
0.4889	0.4940	0.6270	0.3579	0.3557	0.5002	0.6385	0.5225	0.5089	0.4890
0.4889	0.4940	0.6270	0.3579	0.3557	0.5002	0.6385	0.5225	0.5089	0.4890
0.4889	0.4940	0.6270	0.3579	0.3557	0.5002	0.2266	0.5225	0.5089	0.4890
0.4889	0.4940	0.6270	0.3579	0.3557	0.5002	0.5061	0.5225	0.5089	0.4890
0.4889	0.4940	0.6270	0.3579	0.3557	0.5135	0.6452	0.5225	0.5089	0.4890
0.4889	0.4940	0.6270	0.3579	0.3557	0.5135	0.6620	0.5225	0.5089	0.4890
0.4889	0.4940	0.6270	0.3579	0.3557	0.5135	0.6567	0.5225	0.5089	0.4890
0.4889	0.4940	0.6270	0.3579	0.3557	0.5135	0.5103	0.5225	0.5089	0.4890
0.4889	0.4940	0.6270	0.3579	0.3557	0.5135	0.5103	0.5225	0.5089	0.4890
0.4889	0.4940	0.6270	0.4874	0.3557	0.5135	0.5103	0.5225	0.5089	0.4890
0.4889	0.4940	0.6270	0.4874	0.3557	0.5135	0.3401	0.5225	0.5089	0.4890
0.4889	0.4940	0.6270	0.4874	0.3557	0.5137	0.3477	0.5225	0.5089	0.4890
0.4889	0.4940	0.6270	0.4874	0.3557	0.5137	0.3477	0.5225	0.5089	0.4890
0.4889	0.4940	0.5191	0.4874	0.5085	0.5137	0.3477	0.5225	0.5089	0.4890
0.4889	0.4940	0.5191	0.4836	0.5085	0.5137	0.3477	0.5225	0.5089	0.4890
0.4889	0.4940	0.5191	0.4836	0.5085	0.5137	0.3477	0.3548	0.5089	0.4890
0.4889	0.4940	0.5191	0.4836	0.5085	0.5137	0.3477	0.3548	0.5089	0.4890
0.4889	0.4940	0.5191	0.4836	0.5085	0.5137	0.3477	0.3548	0.5089	0.4890
0.4889	0.4940	0.5191	0.4836	0.5085	0.5137	0.3477	0.3548	0.5089	0.4890
0.4889	0.4940	0.3662	0.4836	0.5085	0.5137	0.3477	0.3548	0.5089	0.4890
0.4889	0.4940	0.3662	0.4836	0.5085	0.5137	0.3477	0.3548	0.5089	0.4890
0.4889	0.4940	0.3662	0.4836	0.5085	0.5137	0.6403	0.3548	0.5089	0.4890
0.4889	0.4940	0.3662	0.4836	0.5041	0.5137	0.6403	0.3548	0.5089	0.4890
0.4889	0.4940	0.3662	0.4836	0.5041	0.5137	0.6403	0.3548	0.5089	0.4890
0.4889	0.4940	0.3662	0.4836	0.5041	0.5137	0.6403	0.3548	0.5065	0.4890
0.4889	0.4940	0.3662	0.4836	0.5041	0.5137	0.6403	0.3548	0.5065	0.4890
0.4889	0.4940	0.3662	0.4836	0.5041	0.5137	0.6403	0.3548	0.5065	0.4890
0.4889	0.4940	0.3662	0.4836	0.5041	0.5137	0.6403	0.3548	0.5065	0.4890
0.4889	0.4940	0.3662	0.4836	0.5041	0.5137	0.6403	0.3548	0.5065	0.4890
0.4889	0.4940	0.3662	0.4836	0.5041	0.5137	0.6403	0.3548	0.5065	0.4890
0.4889	0.4940	0.3662	0.4836	0.5041	0.5137	0.3780	0.3548	0.5065	0.4890
0.4889	0.4940	0.3662	0.4836	0.5041	0.5137	0.3780	0.3548	0.5065	0.4890
0.4889	0.4940	0.3662	0.4836	0.5041	0.5137	0.3780	0.3548	0.5065	0.4890
0.4889	0.4940	0.3662	0.4836	0.5041	0.5137	0.5216	0.3548	0.5065	0.4890
0.4889	0.4940	0.3662	0.4836	0.5041	0.5137	0.5216	0.3548	0.5065	0.4890
0.4889	0.4940	0.3662	0.4836	0.5041	0.5137	0.5216	0.3548	0.5065	0.4890
0.4889	0.4940	0.3662	0.4836	0.5041	0.5137	0.5216	0.3548	0.5065	0.4890
0.4889	0.4940	0.3662	0.4836	0.5041	0.5137	0.4828	0.3548	0.5065	0.4890
0.4889	0.4940	0.3662	0.4836	0.5041	0.5137	0.6327	0.3548	0.5065	0.4890
0.4889	0.4940	0.3662	0.4836	0.4926	0.5137	0.6327	0.3548	0.5065	0.4890
0.4889	0.4940	0.3662	0.4836	0.4926	0.5137	0.6327	0.3548	0.5065	0.4890
0.4889	0.4940	0.3662	0.4836	0.4926	0.5137	0.6327	0.3548	0.5065	0.4890
0.4889	0.4940	0.3662	0.4836	0.4926	0.5137	0.6327	0.3548	0.5065	0.4890
0.4889	0.4940	0.3662	0.4836	0.4926	0.5137	0.6327	0.3548	0.5065	0.4890
0.4889	0.4940	0.3662	0.4836	0.4926	0.5137	0.6327	0.3548	0.5065	0.4890
0.4889	0.4940	0.3662	0.4836	0.4926	0.5137	0.6327	0.3548	0.5065	0.4890
0.4889	0.4940	0.3662	0.4836	0.4926	0.5137	0.6327	0.3548	0.5065	0.4890
0.4889	0.4940	0.3662	0.4836	0.4926	0.5137	0.6327	0.5048	0.5065	0.4890
0.4889	0.4940	0.3662	0.4836	0.4926	0.5137	0.6327	0.5048	0.5065	0.4890
0.4889	0.4940	0.3662	0.4836	0.4926	0.5137	0.6327	0.5048	0.5065	0.4890
0.4889	0.4940	0.3662	0.4836	0.4926	0.5137	0.6327	0.5048	0.5065	0.4890
0.4889	0.4946	0.3662	0.4836	0.4926	0.5137	0.6327	0.5048	0.5065	0.4890
0.4889	0.4946	0.3662	0.4836	0.4926	0.5137	0.6327	0.5048	0.5065	0.4890
0.4889	0.4946	0.3662	0.4836	0.4926	0.5137	0.6327	0.5048	0.5065	0.4890
0.4889	0.4946	0.3662	0.4836	0.4926	0.5137	0.6327	0.5048	0.5065	0.4890
