0.6632	0.5784	0.0343	0.7356	0.1709	0.9766	0.2169	0.1123	0.3552	0.9674	0.1567	0.5331	0.6983	0.2270	0.4752	0.6088	0.1859	0.1872	0.7008	0.0715
0.2362	0.8640	0.2258	0.2391	0.7279	1.0000	0.0454	1.0000	0.0000	0.1233	0.4452	0.5021	0.6401	0.4361	0.8635	0.2640	0.1292	0.6464	0.6496	0.4093
0.3325	0.0000	0.7628	0.5363	0.8679	0.0000	0.6699	0.2962	0.2758	0.5001	0.0000	0.2338	0.2545	0.3423	0.5854	0.7104	0.0000	0.3745	0.8215	0.9299
0.6708	1.0000	0.4227	0.5363	0.2323	1.0000	0.4914	0.5237	0.5507	0.5001	0.4677	1.0000	0.9254	0.7114	0.6666	0.3221	1.0000	0.0000	0.3792	0.2949
0.6708	0.6745	0.6992	0.5363	0.5783	0.3277	0.1278	0.9658	0.6860	0.0000	0.0000	0.5591	0.2719	0.4918	1.0000	0.0525	0.6831	0.7322	0.2663	0.5111
0.6708	0.4885	0.4720	0.6885	1.0000	0.6413	0.6305	0.4681	0.0000	0.4826	0.7988	1.0000	0.7023	0.4603	0.7134	1.0000	0.0621	0.4970	0.7310	0.5111
0.3031	0.4885	0.9091	0.6885	0.8906	0.6573	0.5167	0.0000	0.5192	0.6979	0.5764	0.3057	0.4849	0.4603	0.6745	1.0000	0.9762	0.4970	0.2457	0.5111
0.3031	1.0000	0.3528	0.6885	0.5464	1.0000	0.3228	0.5985	0.4397	0.0000	0.2987	0.0000	0.0000	0.0000	0.1118	0.4758	0.5555	0.0766	0.6701	0.5111
0.2966	0.7108	0.3271	0.6885	0.3956	1.0000	0.5770	1.0000	0.0000	0.8586	0.7512	0.2982	0.2957	0.5450	0.2147	0.4612	0.5027	0.1694	0.6701	0.5111
0.2966	0.7108	1.0000	0.6885	0.2889	0.8156	0.4988	0.0000	0.0881	0.9675	0.5572	0.1246	0.7956	0.8793	0.4582	0.4612	0.0000	1.0000	0.5122	0.5111
0.2966	0.7108	0.2929	0.6885	0.2889	0.3177	0.2933	0.5514	0.5451	0.3558	0.4929	1.0000	1.0000	0.5320	0.5688	0.4612	0.5173	0.5264	0.5122	0.5111
0.9996	0.5035	0.2758	0.6885	0.4788	0.8617	0.2335	0.8204	0.5451	0.4642	0.4996	0.5301	0.0827	0.5320	0.7018	0.5365	0.4508	0.5264	0.5122	0.5111
0.2905	0.5035	0.5148	0.6885	1.0000	0.7032	0.7176	0.0000	0.5451	0.6645	0.8488	0.7000	0.0000	0.7181	0.2902	0.4968	0.7208	0.3271	0.5122	0.5111
0.2977	0.5035	0.1083	0.6885	0.3152	0.7089	1.0000	0.2627	0.8867	0.7183	0.6087	0.7000	0.3286	0.7181	0.3057	0.3024	0.9146	1.0000	0.5122	0.5272
0.9326	0.7313	0.3099	0.7094	0.6674	0.2940	0.4877	0.4972	0.3275	0.3153	0.8147	0.6570	0.7045	0.7181	0.7771	0.6781	0.0000	0.5516	0.5122	0.5272
0.2971	0.3007	0.0000	0.7094	0.2784	0.4363	0.2899	0.9223	1.0000	0.3093	0.5160	0.3366	1.0000	0.6545	0.3422	0.6781	0.0000	0.7389	0.4978	0.5272
0.5171	0.3007	0.4566	0.7094	0.5035	1.0000	0.4812	0.2594	0.5008	0.3093	0.7075	0.3312	0.7254	0.6909	0.5265	0.6781	0.3142	0.5259	0.4978	0.5272
0.5246	0.3007	0.3214	0.2869	0.6901	0.3124	0.2928	0.4546	0.5124	0.2735	0.2804	0.4874	0.5298	0.3095	0.4716	0.6781	0.5395	0.2963	0.4978	0.5272
0.5246	0.3007	0.3214	0.2869	0.5148	0.5181	0.0000	0.4546	0.5294	0.6060	0.4765	0.4874	0.3346	0.2957	0.4716	0.6781	0.6613	0.7054	0.4978	0.7492
0.5172	0.3007	0.5319	0.5574	0.5148	0.5181	0.8655	0.5316	0.2571	0.0000	0.4765	0.0000	0.2779	0.4717	0.4716	0.6781	0.6613	0.4832	0.4978	0.2531
0.3274	0.3007	0.0000	0.2727	0.5148	0.5181	0.4792	0.4837	0.3131	0.6688	0.6995	0.4947	0.2779	0.4866	0.4716	0.6845	0.5469	0.4832	0.5279	0.5321
0.9615	0.3007	0.2929	0.5315	0.4869	0.5181	0.5024	0.2855	0.4802	0.8156	0.6995	0.4947	0.2691	0.4866	0.4716	0.4817	0.6955	0.3166	0.5279	0.3239
1.0000	0.3379	0.6908	0.7098	0.5065	0.5181	0.5024	0.4164	0.4802	0.4429	0.2815	0.4947	0.3063	0.3122	0.4716	0.4817	0.6955	0.6948	0.5279	0.6896
0.4729	0.3379	0.6581	0.7098	0.5065	0.5181	0.5024	0.1927	0.6675	0.8403	1.0000	0.4947	0.4706	0.3122	0.4716	0.4817	0.2658	0.5564	0.5279	0.4928
0.6851	0.6573	0.2335	0.2825	0.4949	0.3214	0.5024	0.6259	0.5083	0.5040	0.2218	0.4947	0.4706	0.6997	0.4716	0.4817	0.5134	0.2837	0.5279	0.4928
0.6851	0.4600	0.5294	0.4857	0.4949	0.4285	0.5024	0.1020	0.6825	0.5040	0.4860	0.4947	0.3486	0.5346	0.3159	0.4817	0.4805	0.2837	0.5279	0.3196
0.3057	0.1677	0.5294	0.4857	0.4949	0.0000	0.5024	1.0000	0.6825	0.5040	0.4860	0.4947	0.3486	0.6795	0.3159	0.4816	0.3361	0.4804	0.5279	0.3057
0.3057	0.2682	0.5294	0.4857	0.4949	1.0000	0.5024	0.7053	0.6825	0.5040	0.4860	0.4911	0.4982	0.6795	0.3159	0.4816	0.5188	0.4804	0.5279	0.3057
0.4672	0.4790	0.5294	0.4857	0.4949	0.0000	0.5024	0.4595	0.4873	0.5040	0.4860	0.4911	0.4982	0.6795	0.3159	0.4816	0.5188	0.4804	0.5279	0.3057
0.4672	0.6749	0.5294	0.4857	0.4949	0.4715	0.5024	0.4595	0.4873	0.5040	0.4860	0.4911	0.4982	0.5434	0.3159	0.4816	0.5188	0.4804	0.5279	0.3057
0.4672	0.6749	0.5294	0.4857	0.4949	0.4715	0.5024	0.4692	0.4873	0.2774	0.4860	0.4911	0.4982	0.2892	0.3159	0.4816	0.5188	0.4804	0.5279	0.3057
0.5189	0.6749	0.5294	0.4857	0.4949	0.3199	0.5024	0.7166	0.5263	0.2774	0.4860	0.4911	0.4982	0.7643	0.7857	0.4816	0.5188	0.4804	0.4694	0.3057
0.5189	0.2875	0.5294	0.4857	0.4949	0.4922	0.5024	0.6877	0.3333	0.5052	0.4860	0.4911	0.4982	0.3689	0.8555	0.4816	0.5188	0.4804	0.4874	0.3057
0.5189	0.2875	0.5294	0.4857	0.4949	0.5169	0.5024	0.5023	0.4954	0.5052	0.4860	0.4822	0.4982	0.0000	0.4945	0.4816	0.4811	0.4804	0.4762	0.3057
0.5189	0.2875	0.5294	0.4857	0.4949	0.5169	0.5024	0.5023	0.4954	0.5052	0.4860	0.4822	0.4982	0.4650	0.4945	0.4816	0.4811	0.4804	0.6890	0.3057
0.5189	0.2875	0.5294	0.4857	0.4949	0.5169	0.5024	0.5132	0.5246	0.5052	0.4860	0.4822	0.4982	0.4650	0.4945	0.4816	0.4811	0.4964	0.6890	0.3057
0.5189	0.2875	0.5294	0.4857	0.4949	0.5169	0.5024	0.5132	0.5246	0.5052	0.3038	0.4822	0.4982	0.4650	0.4945	0.4816	0.4890	0.4964	0.4914	0.4716
0.5189	0.2875	0.5294	0.4857	0.4949	0.5169	0.5024	0.5132	0.5246	0.5052	0.3038	0.4822	0.4982	0.4650	0.4945	0.4816	0.6904	0.4964	0.4914	0.6993
0.5189	0.2875	0.5294	0.4857	0.4949	0.5169	0.5024	0.5132	0.5246	0.5052	0.4826	0.4822	0.4982	0.4650	0.4945	0.4816	0.6904	0.4964	0.4914	0.6993
0.5189	0.2875	0.5294	0.4857	0.4949	0.5169	0.5024	0.5132	0.5246	0.5052	0.4922	0.4822	0.4982	0.4650	0.4945	0.4816	0.6904	0.4964	0.4914	0.6993
0.5189	0.2875	0.5294	0.4857	0.4949	0.5169	0.7025	0.5132	0.5246	0.5052	0.4922	0.4822	0.4982	0.4650	0.4945	0.4816	0.6904	0.4964	0.4914	0.6993
0.5189	0.2875	0.5294	0.4857	0.4949	0.5169	0.7025	0.5132	0.5246	0.5052	0.4959	0.4822	0.4982	0.4650	0.4945	0.4816	0.6904	0.4964	0.4914	0.5328
0.5189	0.2875	0.5294	0.4857	0.4949	0.5169	0.3174	0.5132	0.5246	0.5052	0.4959	0.4822	0.4982	0.4921	0.4945	0.4816	0.6904	0.4964	0.4914	0.3142
0.5189	0.4964	0.5294	0.4857	0.4949	0.5169	0.3174	0.5132	0.4957	0.5052	0.4959	0.4822	0.4982	0.4921	0.4945	0.4816	0.6904	0.4964	0.4914	0.3142
0.5189	0.4964	0.5294	0.4857	0.4949	0.5169	0.3174	0.5132	0.4957	0.5052	0.4959	0.4822	0.4982	0.4636	0.4945	0.4816	0.5191	0.4964	0.4914	0.5081
0.5189	0.4964	0.5294	0.4857	0.4949	0.5169	0.3174	0.5132	0.4957	0.5052	0.4959	0.4822	0.4982	0.4636	0.4945	0.4816	0.5191	0.4964	0.4914	0.5081
0.5189	0.4964	0.5294	0.4857	0.4949	0.5169	0.3174	0.5132	0.4957	0.5052	0.4959	0.4822	0.4982	0.4636	0.4945	0.4816	0.5191	0.4964	0.4914	0.5081
0.5189	0.4964	0.5294	0.4857	0.4949	0.5169	0.3174	0.5132	0.4957	0.5052	0.4959	0.4822	0.4982	0.4636	0.4945	0.4816	0.5191	0.4964	0.4914	0.5081
0.5189	0.4964	0.5294	0.4943	0.4949	0.5169	0.3174	0.5132	0.4957	0.5052	0.4959	0.4822	0.4982	0.4636	0.4945	0.4816	0.5191	0.4964	0.4914	0.4987
0.5189	0.4964	0.5294	0.4943	0.4949	0.5169	0.3174	0.5132	0.4957	0.5052	0.4959	0.4822	0.4982	0.5310	0.4945	0.4816	0.5191	0.4964	0.4914	0.4987
0.5189	0.4929	0.5294	0.4943	0.4949	0.5169	0.3174	0.5132	0.4957	0.5052	0.4959	0.4822	0.4982	0.5310	0.4945	0.4816	0.5191	0.5014	0.4914	0.4987
0.5189	0.4929	0.5294	0.4943	0.4949	0.5169	0.3174	0.5132	0.4957	0.5052	0.4959	0.4822	0.4982	0.5151	0.4945	0.4816	0.5191	0.5014	0.4914	0.4987
0.5189	0.4929	0.5294	0.5209	0.4949	0.5169	0.3174	0.5132	0.4957	0.5052	0.4959	0.4822	0.4982	0.5151	0.4945	0.4816	0.5191	0.5014	0.4914	0.4987
0.5189	0.4929	0.5294	0.4754	0.4949	0.5169	0.3174	0.5132	0.4957	0.5052	0.4959	0.4822	0.4982	0.5151	0.4945	0.4816	0.5191	0.5014	0.4914	0.4987
0.5189	0.4929	0.5294	0.4754	0.4949	0.5169	0.3174	0.5132	0.4957	0.5052	0.4959	0.4822	0.4982	0.5151	0.4945	0.4816	0.5191	0.5014	0.4914	0.4987
0.5189	0.4929	0.5127	0.2913	0.4949	0.5169	0.3174	0.5132	0.4957	0.5052	0.4959	0.4822	0.4982	0.5151	0.4945	0.4816	0.5191	0.5014	0.4914	0.4987
0.5189	0.4929	0.5127	0.2913	0.4949	0.5169	0.4902	0.5132	0.4957	0.5052	0.4959	0.4822	0.4982	0.5151	0.4945	0.4816	0.5191	0.5014	0.4914	0.4987
0.5189	0.4929	0.5127	0.2913	0.4949	0.5169	0.4902	0.5132	0.4957	0.5052	0.4959	0.4822	0.4982	0.5151	0.4928	0.4816	0.5191	0.5014	0.4914	0.4987
0.5189	0.4929	0.5127	0.2913	0.4949	0.5169	0.4902	0.5132	0.4957	0.5052	0.4959	0.4822	0.4982	0.5151	0.4928	0.4816	0.5191	0.5014	0.4914	0.4987
0.5189	0.4929	0.5127	0.2913	0.4949	0.5169	0.3132	0.5132	0.4957	0.5052	0.4959	0.4822	0.4982	0.5151	0.4928	0.4816	0.5191	0.5014	0.4914	0.4987
0.5189	0.4929	0.5127	0.2913	0.4949	0.5169	0.3132	0.5132	0.4957	0.5052	0.4959	0.4822	0.4982	0.5151	0.4928	0.4816	0.5191	0.5014	0.4914	0.4981
0.5189	0.4929	0.5127	0.2913	0.4949	0.5169	0.3132	0.5132	0.4957	0.5052	0.4959	0.4822	0.4982	0.5151	0.4928	0.4816	0.5191	0.5014	0.4914	0.4981
0.5189	0.4804	0.5127	0.2913	0.4949	0.5169	0.4791	0.5132	0.4957	0.5052	0.4959	0.4822	0.4982	0.5151	0.4928	0.4816	0.5191	0.5014	0.4914	0.4981
0.5189	0.4804	0.5127	0.2913	0.4949	0.5169	0.4861	0.4891	0.4957	0.5052	0.4959	0.4822	0.4982	0.5151	0.4928	0.4935	0.5191	0.5014	0.4914	0.4981
0.5189	0.4804	0.5127	0.2913	0.4949	0.5169	0.4861	0.4891	0.4957	0.5052	0.4959	0.4822	0.4982	0.5151	0.4928	0.4935	0.4779	0.5014	0.4914	0.4981
0.5189	0.4804	0.5127	0.2913	0.4949	0.5169	0.4645	0.4891	0.4957	0.5052	0.4959	0.4822	0.4982	0.5151	0.4928	0.4935	0.4779	0.5014	0.4914	0.4981
0.5189	0.4804	0.5127	0.2913	0.4949	0.5169	0.4645	0.4891	0.4957	0.5052	0.4959	0.4822	0.4982	0.5151	0.4928	0.4935	0.4779	0.5014	0.4914	0.4981
0.5189	0.4804	0.5127	0.2913	0.4949	0.5169	0.5053	0.4891	0.4957	0.5052	0.4959	0.4822	0.4982	0.4894	0.4928	0.4935	0.4779	0.5014	0.4914	0.4981
0.5189	0.4804	0.5127	0.2913	0.4949	0.5169	0.5053	0.4891	0.4957	0.5052	0.4959	0.4822	0.4982	0.4894	0.4868	0.4935	0.4779	0.5014	0.4914	0.4981
0.5189	0.4804	0.5127	0.2913	0.4949	0.5169	0.5053	0.4891	0.4957	0.5052	0.4959	0.4822	0.4982	0.4894	0.4868	0.4935	0.4779	0.5014	0.4914	0.4981
0.5189	0.4804	0.5127	0.2877	0.4949	0.5169	0.5053	0.4891	0.4957	0.5052	0.4959	0.4822	0.4982	0.4894	0.4868	0.4935	0.4779	0.5014	0.4914	0.4981
0.5189	0.4804	0.5127	0.2877	0.4949	0.5169	0.5053	0.4891	0.4957	0.5052	0.4959	0.4822	0.4982	0.4894	0.4868	0.4935	0.4779	0.5014	0.4914	0.4981
0.5189	0.4804	0.5127	0.2877	0.4949	0.5169	0.5053	0.4891	0.4957	0.5052	0.4959	0.4822	0.4982	0.4894	0.4868	0.4935	0.4779	0.5014	0.4914	0.4981
0.5189	0.4804	0.5127	0.2877	0.4949	0.5169	0.5053	0.4891	0.4957	0.5052	0.4959	0.4822	0.4982	0.4894	0.4868	0.4935	0.4779	0.5014	0.4914	0.4981
0.5189	0.4804	0.5127	0.2877	0.4949	0.5169	0.5053	0.4891	0.4957	0.5052	0.4959	0.4822	0.4982	0.4894	0.4868	0.4935	0.4779	0.5014	0.4914	0.4981
0.5189	0.4804	0.5127	0.2877	0.4949	0.5169	0.4956	0.4891	0.4957	0.5052	0.4959	0.4822	0.4982	0.4894	0.4868	0.4935	0.4779	0.5014	0.4914	0.4981
0.5189	0.4804	0.5127	0.2877	0.4949	0.5169	0.4956	0.4891	0.4957	0.5052	0.4959	0.4822	0.4982	0.4894	0.4868	0.4935	0.4779	0.5014	0.4914	0.4981
0.5189	0.4804	0.5127	0.7118	0.4949	0.5169	0.4956	0.4891	0.4957	0.5052	0.4959	0.4822	0.4982	0.4894	0.4868	0.4935	0.4779	0.5014	0.4914	0.4981
0.4939	0.4804	0.5127	0.7118	0.4949	0.5169	0.4956	0.4891	0.4957	0.5052	0.4959	0.4822	0.4982	0.4894	0.4868	0.4935	0.4779	0.5014	0.4914	0.4981
0.4939	0.4804	0.5127	0.7118	0.4949	0.5169	0.4956	0.4891	0.4957	0.5052	0.4959	0.4822	0.4982	0.4894	0.4868	0.4935	0.4779	0.5014	0.4914	0.4981
0.4939	0.4804	0.5127	0.7118	0.4949	0.5169	0.5356	0.4891	0.4957	0.5052	0.4959	0.4822	0.4982	0.4894	0.4868	0.4935	0.4779	0.5014	0.4914	0.4981
0.4939	0.4804	0.5127	0.7118	0.4949	0.5169	0.5356	0.4891	0.4957	0.5052	0.4959	0.4822	0.4982	0.4894	0.4868	0.4935	0.4779	0.5014	0.4914	0.4981
0.4939	0.4804	0.5127	0.7118	0.4949	0.5169	0.5356	0.4891	0.4957	0.5052	0.4959	0.4822	0.4982	0.4894	0.4868	0.4935	0.4779	0.5014	0.4914	0.4981
0.4939	0.4804	0.5127	0.7118	0.4949	0.5169	0.5356	0.4891	0.4957	0.5052	0.4959	0.4822	0.4982	0.4894	0.4868	0.4935	0.4779	0.5014	0.4914	0.4981
0.4939	0.4804	0.5127	0.4815	0.4949	0.5169	0.4923	0.4891	0.4957	0.5052	0.4959	0.4822	0.4982	0.4894	0.4868	0.4935	0.4779	0.5014	0.4914	0.4981
0.4939	0.4804	0.5127	0.4815	0.4949	0.5169	0.4923	0.4891	0.4957	0.5052	0.4959	0.4822	0.4982	0.4894	0.4800	0.4935	0.4779	0.5014	0.4914	0.4981
0.4939	0.4804	0.5127	0.4815	0.4949	0.5169	0.4923	0.4891	0.4957	0.5052	0.4959	0.4822	0.4982	0.4894	0.4800	0.4935	0.5172	0.5014	0.4914	0.4981
0.4939	0.4804	0.5127	0.4815	0.4949	0.5169	0.4923	0.4923	0.4957	0.5052	0.4959	0.4822	0.4982	0.4894	0.5070	0.4935	0.5172	0.5014	0.4914	0.4981
0.4939	0.4804	0.5127	0.4815	0.4949	0.5169	0.4923	0.4923	0.4957	0.5052	0.4959	0.4822	0.4982	0.4894	0.5070	0.4935	0.5172	0.5014	0.4914	0.4981
0.4939	0.4804	0.5127	0.4815	0.4949	0.5169	0.4923	0.4923	0.4957	0.5052	0.4959	0.4822	0.4982	0.4894	0.5070	0.4978	0.5172	0.5014	0.4914	0.4981
0.4939	0.4804	0.5127	0.4815	0.4949	0.5169	0.4923	0.4923	0.4957	0.5052	0.4959	0.4822	0.4982	0.4894	0.5070	0.4978	0.5172	0.5014	0.4914	0.4981
0.4939	0.4804	0.5127	0.4815	0.4949	0.5169	0.4923	0.4923	0.4957	0.5052	0.4959	0.4822	0.4982	0.4894	0.5070	0.4978	0.5172	0.5014	0.4914	0.4981
0.4939	0.4804	0.5127	0.4815	0.4949	0.5169	0.4923	0.4923	0.4957	0.5052	0.4959	0.4822	0.4982	0.4894	0.5070	0.4978	0.5172	0.5014	0.4914	0.4981
0.4939	0.4804	0.5127	0.4815	0.4949	0.5169	0.4923	0.4923	0.4957	0.5052	0.4959	0.4822	0.4982	0.4894	0.5070	0.4978	0.5172	0.5014	0.4914	0.4981
0.4939	0.4804	0.5154	0.4815	0.4949	0.5169	0.4923	0.4923	0.4957	0.5052	0.4959	0.4822	0.4982	0.4894	0.5070	0.4978	0.5172	0.5014	0.4914	0.4981
0.4939	0.4804	0.5154	0.4815	0.4949	0.5169	0.4923	0.4923	0.4957	0.5052	0.4959	0.5076	0.4982	0.4894	0.5070	0.4978	0.5172	0.5014	0.4914	0.4981
0.4939	0.4804	0.5154	0.5000	0.4949	0.5169	0.4923	0.4923	0.4957	0.5052	0.4959	0.5076	0.4982	0.4894	0.5070	0.4978	0.5172	0.5014	0.4914	0.4981
0.4939	0.4804	0.5154	0.5000	0.4949	0.5169	0.4923	0.4923	0.4957	0.5052	0.4959	0.5076	0.4982	0.4894	0.5070	0.4978	0.5172	0.5014	0.4914	0.4981
0.4939	0.4804	0.4872	0.5000	0.4949	0.5169	0.4923	0.4923	0.4957	0.5052	0.4959	0.5076	0.4982	0.4894	0.5070	0.4978	0.5172	0.5014	0.4914	0.4981
0.4939	0.4804	0.4872	0.5000	0.4949	0.5169	0.4923	0.4923	0.4957	0.5052	0.4959	0.5076	0.4982	0.4894	0.5070	0.4978	0.5172	0.5014	0.4914	0.4981
0.4939	0.4804	0.4872	0.5000	0.4949	0.5169	0.4923	0.4923	0.4957	0.5052	0.4959	0.5076	0.4982	0.4894	0.5070	0.4978	0.5172	0.5014	0.4914	0.4981
