0.2519	0.0969	0.2477	0.4241	0.0201	0.6337	0.6827	0.0791	0.1953	0.9968	0.3006	0.7907	0.1026	0.6173	0.7783	0.0385	0.2328	0.2866	0.3297	0.1761
0.0000	0.6510	0.0025	0.3208	0.6166	0.2675	0.5734	0.0376	0.5057	0.4072	0.0000	0.3964	0.4250	0.4205	0.4418	0.6932	0.8990	1.0000	0.6296	0.5965
0.0471	0.4212	1.0000	0.5729	0.3279	0.7684	0.0000	0.5685	0.0000	0.6876	0.0000	0.1044	0.3042	0.4205	1.0000	0.6037	0.6362	0.2287	0.7933	0.0000
0.5382	0.4389	0.2121	0.5626	0.6312	0.0000	0.5258	0.9806	0.0097	0.1127	0.2380	0.0000	0.6150	0.4205	0.6083	0.5008	0.5426	0.0000	0.6155	1.0000
1.0000	0.5664	1.0000	0.5626	1.0000	0.2508	0.3776	0.0000	0.9200	0.5671	0.6287	0.0544	0.3659	0.3751	0.5497	0.5095	0.6244	0.5655	0.0000	0.1039
0.3699	0.4979	0.4657	0.5626	0.6504	0.4983	0.2965	0.0000	0.3042	1.0000	0.6287	0.8301	0.1656	1.0000	0.6944	0.1244	0.6244	0.5655	0.8494	0.4229
0.4306	0.4979	1.0000	0.5626	0.1618	0.4983	0.0000	0.7223	0.3042	0.4107	0.8275	0.5895	0.0000	0.3887	0.6146	0.4250	0.6244	0.4306	0.1734	0.5963
0.0000	0.4979	0.7112	0.5626	1.0000	0.4983	0.4949	0.6309	0.3042	0.5782	0.5100	1.0000	0.4331	0.0441	0.7081	0.9096	0.5773	0.7634	0.6139	0.4463
0.4983	0.4979	1.0000	0.5626	0.0323	0.4162	0.4949	0.5732	0.3666	1.0000	0.5100	0.4233	0.4842	0.3442	0.3749	0.7157	0.5773	1.0000	0.5069	0.3739
0.4983	0.0000	0.5743	0.5626	0.5351	0.0000	0.4953	0.2375	0.7002	0.4266	0.2369	1.0000	0.7986	0.2951	0.3749	0.7048	0.5098	0.7018	0.5069	0.5483
0.4983	0.3337	0.5743	0.6346	0.6839	0.0000	0.5657	0.2375	0.5229	0.7830	0.5633	0.7547	0.2505	0.8866	0.3749	0.2444	0.5098	0.0000	0.5069	0.4898
0.4983	0.7647	0.5743	0.6346	0.3815	0.3029	0.5657	0.3946	1.0000	0.3675	0.1830	0.5113	0.2022	0.2381	0.3749	0.6939	0.5098	0.5681	0.5069	0.4898
0.4983	0.5475	0.5743	0.6346	0.4874	0.6298	0.5657	0.2759	0.3177	1.0000	1.0000	0.4439	0.1670	0.2381	0.2638	0.1427	0.5098	1.0000	0.5713	0.6215
0.4983	0.5741	0.5743	0.6346	0.4874	0.5775	0.5657	0.5904	0.2633	0.9201	0.3682	0.4108	0.8818	0.6559	0.4962	0.2999	0.5098	0.0700	0.5713	0.4800
0.4983	0.5741	0.5743	0.6346	0.4874	0.4917	0.6929	1.0000	0.4255	0.7140	0.3027	0.0000	0.6973	0.4364	0.4253	0.2217	0.3651	0.4311	0.5713	0.4989
0.6266	0.5741	0.5743	0.3595	0.4874	0.4917	0.5623	0.3775	0.7141	0.5659	0.3027	0.0000	0.0000	0.4364	0.4939	0.5098	0.3651	0.5290	0.5713	0.4989
0.6266	0.7021	0.5743	0.4375	0.5021	0.4917	0.4992	0.4383	0.7024	0.5659	0.4415	0.4268	0.6358	0.4364	0.4108	0.4911	0.3651	0.3574	0.5713	0.6194
0.6266	0.7021	0.6423	0.4375	0.5021	0.4258	0.4992	0.4383	0.0000	0.5659	0.4245	0.4937	0.4974	0.4364	0.6852	0.3093	0.3651	0.6979	0.5713	0.5157
0.5838	1.0000	0.6423	0.4375	0.5021	0.6189	0.4992	0.4383	0.0000	0.4918	0.4454	0.4937	0.4974	0.4364	1.0000	0.6993	0.3651	0.6979	0.5713	0.6424
0.0211	0.1190	0.6423	0.4375	0.5021	0.2945	0.4992	0.4383	0.3096	0.6787	0.5768	0.4937	0.3684	0.4455	0.6119	0.6993	0.3651	0.6307	0.5713	0.3665
0.7949	0.5046	0.6423	0.4375	0.5021	0.3660	0.4992	0.4383	0.7012	0.0000	0.3026	0.6322	0.4190	0.3592	0.2286	1.0000	0.3651	0.6307	0.4959	0.3665
1.0000	0.0000	0.3664	0.4375	0.5021	0.3660	0.4992	0.5703	0.6998	0.0000	0.0763	0.4359	0.8247	0.5549	0.2286	0.4889	0.3651	0.5074	0.4959	0.3665
0.3179	0.2578	0.3664	0.4375	0.5021	0.5657	0.4992	0.5703	0.5614	0.4450	0.2913	0.4359	0.5662	0.5549	0.4249	0.6226	0.3651	0.5074	0.4959	0.3665
1.0000	0.5460	0.3664	0.4375	0.5021	0.5657	0.4992	0.7137	0.5006	0.4450	0.7658	0.4359	0.5662	0.5549	0.4249	0.6226	0.3651	0.5074	0.4959	0.3665
1.0000	0.5702	0.3664	0.4375	0.5021	0.4354	0.4992	0.9558	0.5680	0.0000	0.7658	0.7522	0.4901	0.4363	0.2379	0.6226	0.4279	0.5074	0.4959	0.3704
0.6451	0.5702	0.5736	0.4375	0.5021	0.5012	0.4992	0.3844	0.5680	0.7037	0.6397	0.7522	0.4901	0.4363	0.6043	0.6226	0.4279	0.5074	0.4959	0.4951
0.6451	0.4998	0.3674	0.4928	0.5021	0.5012	0.4420	1.0000	0.5680	0.5053	0.0000	0.2973	0.4901	0.4363	0.7846	0.4616	0.4279	0.5074	0.4959	0.4951
0.4236	0.4998	0.3674	0.4326	0.5021	0.5012	0.6351	0.1268	0.7045	0.6334	0.4869	0.2973	0.9722	0.4363	0.9223	0.8927	0.4279	0.5074	0.4959	0.4951
0.5568	0.4998	0.3674	0.4326	0.5021	0.5744	0.6270	0.5120	0.7045	0.0000	0.6993	0.2973	0.5698	0.4363	0.3734	0.3703	0.4279	0.5074	0.4959	0.4951
0.5568	0.4998	0.3674	0.4326	0.5021	0.5018	0.6909	0.5705	0.5617	0.3752	0.4255	0.3619	0.5698	0.4879	0.0967	0.3703	0.4279	0.5074	0.4959	0.4951
0.5568	0.4998	0.3674	0.4326	0.5021	0.5018	0.6909	0.5705	0.5617	0.5692	0.4255	0.3619	0.5698	0.4879	0.9012	0.7424	0.4279	0.5074	0.4959	0.4951
0.5568	0.4998	0.3674	0.4326	0.5021	0.5018	0.6909	0.5705	0.5617	0.4423	0.4255	0.3619	0.5698	0.5608	0.0000	0.5685	0.4279	0.5074	0.4959	0.4951
0.5568	0.4998	0.3674	0.4326	0.5021	0.5018	0.4399	0.4979	0.6249	0.5694	0.4255	0.3619	0.5086	0.3018	0.7624	0.4964	0.4279	0.5074	0.4959	0.4951
0.5568	0.4998	0.3674	0.4326	0.5021	0.5018	0.3640	0.4979	0.6249	0.5694	0.4255	0.3619	0.5086	0.3018	0.6200	0.4964	0.6310	0.5074	0.4959	0.4951
0.5753	0.4998	0.3674	0.4326	0.5021	0.5018	0.3640	0.4979	0.6249	0.5694	0.4255	0.3619	0.5086	0.3018	0.6200	0.4964	0.6310	0.5074	0.4959	0.4951
0.5753	0.4998	0.3674	0.4326	0.5021	0.5018	0.3640	0.4979	0.6249	0.5694	0.4255	0.3619	0.5086	0.6288	0.6200	0.4964	0.6310	0.5065	0.4959	0.4951
0.5753	0.5747	0.3674	0.4326	0.5021	0.5018	0.3640	0.4979	0.6249	0.5694	0.4389	0.3619	0.5086	0.6288	0.6955	0.4964	0.6310	0.5065	0.4959	0.5037
0.5753	0.5747	0.3674	0.4326	0.5021	0.5018	0.4945	0.4979	0.6249	0.5694	0.3658	0.3619	0.4370	0.3605	0.6954	0.4964	0.6310	0.5065	0.4959	0.5037
0.5753	0.5747	0.5652	0.4326	0.5021	0.5018	0.4945	0.4979	0.6249	0.5012	0.3658	0.3619	0.4370	0.3605	0.3648	0.4964	0.6310	0.5723	0.5717	0.5037
0.5753	0.5747	0.5652	0.4326	0.5021	0.5018	0.4945	0.4979	0.6249	0.5012	0.3658	0.3619	0.4370	0.3605	0.3648	0.4964	0.6310	0.5723	0.5717	0.5037
0.5753	0.5747	0.5652	0.4326	0.5021	0.5018	0.4945	0.4979	0.6249	0.5012	0.3658	0.3619	0.4370	0.3605	0.3648	0.4964	0.6310	0.5723	0.5717	0.5037
0.5753	0.5747	0.5652	0.4326	0.5021	0.5018	0.4945	0.4979	0.6249	0.6312	0.3658	0.3619	0.4370	0.3605	0.3648	0.4964	0.6310	0.4993	0.4337	0.5037
0.5753	0.5747	0.5652	0.4326	0.5021	0.5018	0.4945	0.4979	0.6249	0.6312	0.3658	0.3619	0.4370	0.3605	0.3648	0.4964	0.6310	0.4350	0.4337	0.5037
0.4248	0.5747	0.5652	0.4326	0.5021	0.5018	0.4945	0.4979	0.6249	0.6312	0.3658	0.3619	0.4370	0.3605	0.6390	0.4964	0.6310	0.4350	0.4337	0.5037
0.4248	0.5747	0.5652	0.4326	0.5021	0.5018	0.4945	0.4979	0.6249	0.5016	0.3658	0.3619	0.3654	0.6364	0.6390	0.4964	0.6310	0.4350	0.4337	0.5037
0.4248	0.5747	0.5652	0.4326	0.5021	0.5658	0.4945	0.4979	0.6249	0.5016	0.3658	0.3619	0.3654	0.6364	0.6390	0.4964	0.6310	0.4350	0.4337	0.5037
0.4295	0.5747	0.5652	0.4326	0.5021	0.5658	0.4945	0.4979	0.6249	0.5016	0.3658	0.3619	0.3654	0.6364	0.6390	0.4964	0.6310	0.4350	0.4337	0.5037
0.4295	0.5747	0.5652	0.4369	0.5699	0.5658	0.4945	0.4979	0.6249	0.5016	0.3658	0.3619	0.3654	0.5744	0.6390	0.4964	0.6310	0.3713	0.4337	0.5037
0.5048	0.5747	0.5652	0.4369	0.5699	0.5658	0.4945	0.4979	0.6249	0.5016	0.3658	0.3619	0.4387	0.5744	0.4418	0.5630	0.6310	0.3713	0.4337	0.5037
0.5048	0.5041	0.5652	0.4369	0.5699	0.4977	0.4945	0.4979	0.3688	0.5016	0.3658	0.3619	0.4387	0.4301	0.4418	0.5630	0.4306	0.3713	0.4337	0.5037
0.5048	0.5041	0.5652	0.4369	0.5699	0.4977	0.4945	0.4979	0.3688	0.5016	0.3658	0.3619	0.4387	0.4301	0.4418	0.5630	0.4306	0.3713	0.4337	0.5037
0.5048	0.5041	0.5652	0.4369	0.5699	0.4977	0.3667	0.4979	0.3688	0.5016	0.3658	0.3619	0.4387	0.4301	0.4418	0.5696	0.5046	0.3713	0.4337	0.5037
0.5048	0.5041	0.5652	0.4369	0.5699	0.4977	0.3667	0.4979	0.3688	0.5016	0.3658	0.3619	0.4387	0.4301	0.4418	0.5696	0.5046	0.3713	0.4337	0.5037
0.5048	0.5041	0.5652	0.4369	0.5699	0.4977	0.3667	0.4979	0.3688	0.5016	0.3658	0.3619	0.4387	0.4301	0.4418	0.5696	0.5046	0.3713	0.4337	0.5037
0.5048	0.5041	0.5652	0.4369	0.4989	0.4977	0.3667	0.4979	0.3688	0.5016	0.3658	0.4307	0.4387	0.4301	0.4418	0.5696	0.5046	0.3713	0.4337	0.5037
0.5048	0.5041	0.4936	0.4369	0.4989	0.4977	0.3667	0.4979	0.3688	0.5016	0.3658	0.4307	0.4387	0.4301	0.4418	0.5696	0.5046	0.3713	0.4337	0.5037
0.5048	0.5041	0.4936	0.4369	0.4989	0.4977	0.3667	0.4979	0.3688	0.5016	0.3658	0.4307	0.4387	0.4301	0.4418	0.5696	0.5046	0.3713	0.4337	0.5037
0.5048	0.5041	0.4936	0.4369	0.4989	0.4977	0.5021	0.4979	0.5700	0.5016	0.3658	0.4307	0.4387	0.4301	0.4418	0.5696	0.5046	0.3713	0.4337	0.5037
0.5048	0.5041	0.4936	0.4369	0.4989	0.4977	0.5021	0.4979	0.5700	0.5016	0.3658	0.4307	0.4387	0.4301	0.4418	0.5696	0.5046	0.4987	0.4337	0.5037
0.5048	0.5041	0.4936	0.4369	0.4989	0.4977	0.5021	0.4979	0.5700	0.5016	0.3658	0.4307	0.4387	0.5638	0.4418	0.5696	0.5046	0.4987	0.4337	0.5037
0.5048	0.5041	0.5709	0.4369	0.4989	0.4977	0.5021	0.4291	0.5700	0.5016	0.3658	0.4307	0.5015	0.5638	0.4418	0.5696	0.5046	0.4987	0.4337	0.5037
0.5048	0.5041	0.5709	0.4369	0.4989	0.4977	0.5021	0.4291	0.5700	0.5016	0.3658	0.4307	0.5015	0.5638	0.4418	0.5046	0.5648	0.5706	0.4337	0.5037
0.5048	0.5041	0.5709	0.4369	0.4989	0.4977	0.5021	0.4291	0.5700	0.5016	0.3658	0.4307	0.5015	0.5638	0.4418	0.5046	0.5648	0.5706	0.4337	0.5037
0.5048	0.5041	0.5709	0.4369	0.4989	0.4977	0.5021	0.4291	0.5700	0.5016	0.3658	0.4307	0.5015	0.5638	0.4986	0.5046	0.5648	0.5706	0.4337	0.5037
0.5048	0.5041	0.5709	0.4369	0.4989	0.4977	0.5021	0.4291	0.5700	0.5016	0.3658	0.4307	0.5015	0.5638	0.4986	0.5046	0.5648	0.5706	0.4337	0.5037
0.5048	0.5041	0.5709	0.4369	0.4989	0.4977	0.5021	0.4291	0.5700	0.5016	0.3658	0.4307	0.5015	0.5638	0.4986	0.5046	0.5648	0.5706	0.4337	0.5037
0.5048	0.5041	0.5709	0.4369	0.4989	0.4977	0.5021	0.4291	0.5700	0.5016	0.3658	0.4307	0.5015	0.5638	0.4986	0.5046	0.5648	0.5706	0.4337	0.5037
0.5048	0.5041	0.5709	0.4369	0.4989	0.4977	0.5021	0.4291	0.5700	0.5016	0.3658	0.4307	0.5015	0.5638	0.4986	0.5046	0.4299	0.5706	0.4337	0.5037
0.5048	0.5041	0.5709	0.4369	0.4989	0.4977	0.5021	0.4291	0.5700	0.5016	0.3658	0.4307	0.5015	0.5638	0.5713	0.5046	0.4299	0.5706	0.4337	0.5037
0.5048	0.5041	0.5709	0.4369	0.4989	0.4977	0.5029	0.4291	0.5700	0.5016	0.3658	0.4307	0.5015	0.5638	0.5657	0.5625	0.4299	0.5706	0.4337	0.5037
0.5048	0.5041	0.5709	0.4369	0.4989	0.4977	0.5029	0.4291	0.5700	0.5016	0.3658	0.4307	0.5015	0.5638	0.5657	0.5625	0.4299	0.5706	0.4337	0.5037
0.5048	0.5041	0.5709	0.4369	0.4989	0.4977	0.5029	0.4291	0.5700	0.5016	0.3658	0.4307	0.5015	0.5638	0.5657	0.5625	0.4299	0.5706	0.4337	0.5037
0.5048	0.5041	0.5709	0.4369	0.4989	0.4977	0.5029	0.4291	0.5700	0.5662	0.5050	0.4307	0.5015	0.5638	0.5657	0.5625	0.4299	0.5706	0.4337	0.5037
0.5048	0.5041	0.5709	0.4369	0.4989	0.4977	0.5029	0.4291	0.5700	0.5662	0.5050	0.4307	0.5015	0.5638	0.5657	0.5625	0.4299	0.5706	0.4337	0.5037
0.5048	0.5041	0.5709	0.4368	0.4989	0.4977	0.5029	0.4291	0.5700	0.5662	0.5050	0.4307	0.5015	0.5638	0.5657	0.5625	0.4299	0.5706	0.4337	0.5037
0.5048	0.5041	0.5709	0.4368	0.4989	0.4977	0.5029	0.4291	0.5700	0.5662	0.5050	0.4307	0.5015	0.5638	0.5657	0.5625	0.4299	0.5706	0.4337	0.5037
0.5048	0.5041	0.5709	0.4368	0.4989	0.4977	0.4289	0.4291	0.5700	0.5662	0.3713	0.4307	0.5015	0.5638	0.5657	0.5625	0.5013	0.5706	0.4337	0.5037
0.5048	0.5041	0.5709	0.4368	0.4989	0.4977	0.4289	0.4291	0.5700	0.5662	0.3713	0.4307	0.5015	0.5638	0.5657	0.5625	0.5013	0.5706	0.4337	0.5037
0.5048	0.5041	0.5709	0.4368	0.4989	0.4977	0.4289	0.4291	0.5700	0.5662	0.3713	0.4355	0.5015	0.5638	0.5657	0.5625	0.5013	0.5706	0.4337	0.5037
0.5048	0.4956	0.5709	0.4368	0.4989	0.4977	0.4289	0.4291	0.5700	0.5662	0.3713	0.4355	0.5015	0.5638	0.5657	0.5625	0.5013	0.5706	0.4337	0.5037
0.5048	0.4956	0.5709	0.4368	0.4989	0.4977	0.4289	0.4291	0.5700	0.5662	0.3713	0.4355	0.5015	0.5638	0.5657	0.5625	0.5013	0.5706	0.4337	0.5037
0.5048	0.4956	0.5709	0.4368	0.4989	0.4977	0.4289	0.4291	0.5700	0.5662	0.3713	0.4355	0.5015	0.5638	0.5657	0.5625	0.5013	0.5706	0.4337	0.5037
0.5048	0.4956	0.5709	0.4368	0.4989	0.4977	0.4289	0.4291	0.5700	0.5662	0.3713	0.4355	0.5015	0.5638	0.5657	0.5625	0.5013	0.5706	0.4337	0.5037
0.5048	0.5059	0.5709	0.4368	0.4989	0.4977	0.4289	0.4291	0.5700	0.5662	0.3713	0.4355	0.5015	0.5638	0.5657	0.5625	0.5013	0.5706	0.4337	0.5037
0.5048	0.5059	0.5709	0.4368	0.4989	0.4977	0.4289	0.4291	0.5700	0.5697	0.3713	0.4355	0.5015	0.5638	0.5657	0.5625	0.5013	0.5706	0.4337	0.5037
0.5048	0.5059	0.5709	0.4368	0.4989	0.4977	0.4289	0.4291	0.5700	0.5697	0.3713	0.4355	0.5015	0.5638	0.5657	0.5625	0.5013	0.5706	0.4337	0.5037
0.5048	0.5059	0.5709	0.5622	0.4989	0.4977	0.4289	0.4291	0.5700	0.5697	0.3713	0.4355	0.5015	0.5638	0.5657	0.5625	0.5013	0.5706	0.4337	0.5037
0.5048	0.5059	0.5709	0.5622	0.4989	0.4977	0.4289	0.4291	0.5700	0.5697	0.3713	0.4355	0.5015	0.5638	0.5657	0.5625	0.5013	0.5706	0.4337	0.5037
0.5048	0.5059	0.5709	0.5622	0.4989	0.4977	0.4289	0.4291	0.5700	0.5697	0.3713	0.4355	0.5015	0.5638	0.5657	0.5625	0.5013	0.5706	0.4337	0.5037
0.5048	0.5059	0.5709	0.5622	0.4989	0.4977	0.5688	0.4291	0.5700	0.5697	0.3713	0.4355	0.5015	0.5638	0.5657	0.5625	0.5013	0.5706	0.4337	0.5037
0.5048	0.5059	0.5709	0.5622	0.4989	0.4977	0.5688	0.4291	0.5700	0.5697	0.3713	0.4355	0.5015	0.5638	0.5657	0.5625	0.5013	0.5706	0.4337	0.5040
0.5048	0.5059	0.5709	0.5622	0.4989	0.4977	0.5688	0.4291	0.5700	0.5697	0.3713	0.4355	0.5015	0.5638	0.5657	0.5625	0.5013	0.5706	0.4337	0.5040
0.5048	0.5059	0.5709	0.5622	0.4989	0.4977	0.5688	0.4291	0.5700	0.5697	0.3713	0.4355	0.5015	0.5638	0.5657	0.5625	0.5013	0.5706	0.4337	0.5040
0.5048	0.5059	0.5709	0.5622	0.4989	0.4977	0.5688	0.4291	0.5700	0.5697	0.3713	0.4355	0.5015	0.5638	0.5657	0.5625	0.5013	0.5706	0.4337	0.5040
0.5048	0.5059	0.5709	0.5075	0.4989	0.4977	0.5688	0.4291	0.5700	0.5697	0.3713	0.4355	0.5015	0.5638	0.5657	0.5625	0.5013	0.5706	0.4337	0.5040
0.5048	0.5059	0.5709	0.5075	0.4989	0.4977	0.5688	0.4291	0.5700	0.5697	0.3713	0.4355	0.5015	0.5638	0.5657	0.5625	0.5013	0.5706	0.4337	0.5040
0.5048	0.5059	0.5709	0.5075	0.4989	0.4977	0.5688	0.4291	0.5700	0.5697	0.3713	0.4355	0.5015	0.5638	0.5657	0.5625	0.5013	0.5706	0.4337	0.5040
0.5048	0.5059	0.5709	0.5075	0.4989	0.4977	0.5688	0.4291	0.5700	0.5697	0.3713	0.4355	0.5015	0.5638	0.5657	0.5625	0.5013	0.5706	0.4337	0.5040
0.5048	0.5059	0.5709	0.5075	0.4989	0.4977	0.5688	0.4291	0.5700	0.5697	0.3713	0.4355	0.5015	0.5638	0.5657	0.5625	0.5013	0.5706	0.4337	0.5040
0.5048	0.5059	0.5709	0.5075	0.4989	0.4977	0.5688	0.4291	0.5700	0.5697	0.4350	0.4355	0.5015	0.5638	0.5657	0.5625	0.5013	0.5706	0.4337	0.5040
0.5048	0.5059	0.5709	0.5075	0.4989	0.4977	0.5688	0.4291	0.5700	0.5697	0.4350	0.4355	0.5015	0.5638	0.5657	0.5625	0.5013	0.5706	0.4337	0.5040
