0.2574	0.7461	0.5437	0.7353	0.5078	0.8819	0.1514	0.7187	0.6051	0.0407
0.6293	0.1985	0.5032	0.0000	0.3630	0.7996	0.8770	0.1833	0.4098	0.3526
0.4376	0.0000	0.6223	0.3137	0.6385	1.0000	0.0000	0.8387	0.4532	0.5269
0.5351	0.6165	0.5301	0.0814	0.6285	0.6572	1.0000	1.0000	0.4337	0.5071
0.8562	0.5099	0.5301	0.5261	0.6468	0.5059	0.3835	1.0000	0.8889	0.3446
0.3128	0.5831	0.5301	0.7573	0.5170	0.5059	0.0000	0.0285	0.2064	0.0000
0.0000	0.4955	0.2024	0.6407	0.5361	1.0000	1.0000	0.6618	0.2628	0.0000
0.4700	0.7252	0.3518	0.6407	0.0000	0.5116	0.8530	0.9291	0.4891	0.0000
0.5030	0.8331	0.4945	0.6407	0.6417	1.0000	0.3616	0.6462	0.4891	0.0000
0.7710	0.4876	0.3408	0.5102	0.3943	0.3581	1.0000	0.6462	0.4891	0.5148
1.0000	0.6492	0.2575	0.5102	0.2027	0.0000	0.2314	0.6462	0.5813	0.5148
0.4850	0.6492	0.8492	0.5102	0.0000	0.5688	0.3578	0.6462	0.4858	0.5148
0.2455	0.6492	0.0000	0.5102	0.5046	0.6488	0.6337	0.6462	0.5089	0.0959
0.9972	0.5139	0.6482	0.5102	0.1129	0.4759	0.6397	0.6462	0.4596	0.6251
0.4695	0.5139	0.5990	0.5102	0.4892	0.4759	0.6397	0.6462	0.4269	0.6571
0.7957	0.5139	0.7923	0.5102	0.4892	0.4759	0.6397	0.6462	0.1585	0.6571
0.2468	0.3812	0.3320	0.5102	0.4892	0.4765	0.6397	0.6462	0.3735	0.6571
0.4073	0.6310	0.3784	0.5102	0.4892	0.9781	0.6397	0.6462	0.5010	0.3569
1.0000	0.3726	0.0000	0.5102	1.0000	0.0000	0.6397	0.6462	0.3697	0.3569
0.2038	0.3638	0.0000	0.5102	0.1592	0.0000	0.6397	0.6462	0.3697	0.3569
0.6573	0.3638	0.4438	0.5102	1.0000	0.5032	0.6397	0.6462	0.3638	0.3569
0.4873	0.6456	0.4849	0.3730	0.5108	0.5032	0.6397	0.6462	0.3364	0.3569
0.4873	0.0000	0.3653	0.3730	0.8377	0.0000	0.6397	0.6462	0.4783	0.3569
0.4873	0.6396	0.3653	0.3730	0.5032	0.4060	0.6397	0.6462	0.4783	0.3569
0.4873	0.6396	0.6525	0.5098	0.5032	0.4991	0.6684	0.6462	0.4783	0.3569
0.4873	0.6396	0.6525	0.5098	0.5032	0.4991	0.4098	0.6462	0.5008	0.3569
0.4873	0.4803	1.0000	0.3589	0.5032	0.5117	0.5982	0.6462	0.6381	0.5088
0.4873	0.4803	0.7767	0.3589	0.5032	0.4955	0.9185	0.6462	0.6381	0.5088
0.4873	0.4803	0.4973	0.3589	0.5032	0.4955	0.6191	0.6462	0.5121	0.3546
0.4873	0.4803	0.4973	0.3589	0.5032	0.4955	0.6582	0.6462	0.5121	0.3546
0.4873	0.4803	0.4973	0.3589	0.5032	0.4955	0.5046	0.6462	0.3536	0.3546
0.4873	0.4803	0.4973	0.6327	0.5032	0.4955	0.5046	0.3672	0.3536	0.3546
0.4873	0.6310	0.4973	0.6327	0.5032	0.4955	0.5046	0.3672	0.3536	0.3546
0.4873	0.6310	0.4973	0.6327	0.5032	0.4955	0.5046	0.3672	0.3536	0.3546
0.4873	0.6310	0.4973	0.6266	0.5032	0.4955	0.5046	0.3672	0.3536	0.3546
0.4873	0.6310	0.4973	0.6266	0.5032	0.3541	0.3638	0.3672	0.6441	0.6326
0.4873	0.6310	0.4973	0.6317	0.5032	0.3541	0.5139	0.3672	0.6441	0.4890
0.4873	0.6310	0.4973	0.6317	0.5032	0.6401	0.5139	0.3672	0.5188	0.4890
0.4873	0.6310	0.4973	0.4893	0.5032	0.7731	0.5139	0.3672	0.5188	0.4890
0.4873	0.6310	0.4973	0.4893	0.5032	0.4889	0.6339	0.3672	0.5188	0.4937
0.4873	0.6310	0.4973	0.4893	0.5032	0.4889	0.6339	0.3672	0.3777	0.4937
0.4873	0.6310	0.4973	0.4893	0.5032	0.4889	0.6339	0.3672	0.3777	0.4937
0.4873	0.6310	0.4973	0.4893	0.5032	0.4889	0.6339	0.3672	0.2097	0.4937
0.4873	0.6310	0.4973	0.4893	0.5032	0.4889	0.6339	0.3672	0.6805	0.4948
0.4873	0.6310	0.4973	0.4893	0.5032	0.4889	0.5052	0.3672	0.5062	0.4948
0.4873	0.6310	0.4973	0.4893	0.5032	0.4889	0.5052	0.3672	0.4773	0.4948
0.4873	0.4781	0.4973	0.4893	0.5032	0.4889	0.5052	0.3672	0.6395	0.4948
0.4873	0.4781	0.4973	0.4893	0.5032	0.4889	0.5052	0.3672	0.6395	0.4948
0.4873	0.4781	0.4973	0.4893	0.5032	0.4889	0.4844	0.3672	0.6395	0.4948
0.4873	0.4781	0.4973	0.4893	0.5032	0.4889	0.4844	0.3672	0.6395	0.4948
0.4873	0.4781	0.4973	0.4893	0.5032	0.4889	0.4844	0.3672	0.6395	0.4948
0.4873	0.4781	0.4973	0.4893	0.5032	0.4889	0.4844	0.3672	0.6395	0.4948
0.4873	0.4781	0.4973	0.4893	0.5032	0.4889	0.4844	0.3672	0.6395	0.4948
0.4873	0.4781	0.4973	0.4893	0.5032	0.4889	0.4844	0.4959	0.3679	0.4948
0.4873	0.4781	0.4973	0.4893	0.5032	0.4889	0.6294	0.4959	0.3679	0.4948
0.4873	0.4781	0.4973	0.4893	0.4837	0.4889	0.6294	0.4959	0.3679	0.4948
0.4873	0.4781	0.4973	0.4893	0.4837	0.4889	0.6294	0.4959	0.3679	0.4948
0.4873	0.4781	0.4973	0.4893	0.4837	0.4889	0.5016	0.3636	0.3679	0.4948
0.4873	0.4781	0.4973	0.5115	0.4837	0.4889	0.5016	0.3636	0.4868	0.4948
0.4873	0.4781	0.4973	0.4916	0.4837	0.4889	0.5016	0.3636	0.4868	0.4948
0.4873	0.4781	0.4973	0.4916	0.4837	0.4889	0.5016	0.3636	0.4868	0.4948
0.4873	0.4781	0.4973	0.4916	0.4837	0.4889	0.5016	0.3636	0.4868	0.4948
0.4873	0.4781	0.4973	0.4916	0.4837	0.4889	0.5016	0.3636	0.4868	0.4948
0.4873	0.4781	0.4973	0.4916	0.4837	0.4889	0.5013	0.3636	0.4868	0.4948
0.4873	0.4781	0.4973	0.4916	0.4837	0.4889	0.5013	0.3636	0.4868	0.4948
0.4873	0.4781	0.4973	0.4916	0.4837	0.4889	0.5013	0.3636	0.4868	0.4948
0.4873	0.4781	0.4973	0.4916	0.4837	0.4889	0.5013	0.3636	0.4868	0.4948
0.4873	0.4781	0.4973	0.4916	0.6339	0.4889	0.5013	0.3636	0.4868	0.4948
0.4873	0.4781	0.4973	0.4916	0.4913	0.4889	0.5013	0.3636	0.4868	0.4948
0.4873	0.4781	0.4973	0.4916	0.4913	0.4889	0.5013	0.3636	0.4868	0.4948
0.4873	0.4781	0.4973	0.4916	0.4913	0.4889	0.5013	0.3636	0.6553	0.4948
0.4873	0.4781	0.4973	0.4916	0.4913	0.4889	0.5013	0.3636	0.6553	0.4948
0.4873	0.4781	0.4973	0.4916	0.4913	0.4889	0.5013	0.3636	0.6553	0.4948
0.4873	0.4781	0.4973	0.4916	0.4913	0.4889	0.5013	0.3636	0.6553	0.4948
0.4873	0.4781	0.4973	0.4916	0.4913	0.4889	0.5013	0.3636	0.6553	0.4948
0.4873	0.4781	0.4973	0.4916	0.4913	0.4889	0.5013	0.3636	0.6553	0.4948
0.4873	0.3630	0.4973	0.4916	0.4913	0.4889	0.5013	0.3636	0.6553	0.4948
0.4873	0.3630	0.4973	0.4916	0.4913	0.4889	0.5013	0.3636	0.6553	0.4948
0.4873	0.3630	0.4973	0.4916	0.4913	0.4889	0.5013	0.3636	0.6465	0.4948
0.4873	0.3630	0.4973	0.4916	0.4913	0.4889	0.5013	0.3636	0.6465	0.4948
0.4873	0.3630	0.4973	0.4916	0.4913	0.4889	0.5013	0.3636	0.6465	0.4948
0.4873	0.3630	0.4973	0.4916	0.4913	0.4889	0.5013	0.3636	0.6465	0.4948
0.4873	0.3630	0.4973	0.4916	0.4913	0.4889	0.5013	0.3636	0.6465	0.4948
0.4873	0.3630	0.4973	0.4916	0.4913	0.4889	0.5013	0.3636	0.6465	0.4948
0.4873	0.3630	0.4973	0.4916	0.4913	0.4889	0.5013	0.3636	0.6465	0.4948
0.4873	0.3630	0.4973	0.4916	0.4913	0.4889	0.5013	0.3636	0.6465	0.4948
0.4873	0.3630	0.4973	0.4916	0.4913	0.4889	0.4945	0.3636	0.6465	0.4948
0.4873	0.3630	0.4973	0.4916	0.4913	0.4889	0.4945	0.3636	0.6465	0.4948
0.4873	0.3630	0.4973	0.4916	0.4913	0.6317	0.4945	0.3636	0.6465	0.4948
0.4873	0.3630	0.4973	0.4916	0.4913	0.6317	0.4945	0.3636	0.6465	0.4948
0.4873	0.3630	0.4973	0.4916	0.4913	0.6317	0.4945	0.3636	0.6465	0.4948
0.4873	0.3630	0.4973	0.4916	0.4913	0.6317	0.4945	0.3636	0.6465	0.4948
0.4873	0.3630	0.4973	0.4916	0.4913	0.6317	0.4945	0.3636	0.6465	0.4948
0.4873	0.3630	0.4973	0.4916	0.4913	0.6317	0.4945	0.5086	0.6465	0.4948
0.4873	0.3630	0.4973	0.4916	0.4913	0.6317	0.4945	0.5086	0.6465	0.4948
0.4873	0.3630	0.4973	0.4916	0.4913	0.6317	0.4945	0.5086	0.6465	0.4948
0.5005	0.3630	0.4973	0.4916	0.4913	0.6317	0.4945	0.5086	0.6465	0.4948
0.5005	0.3630	0.4973	0.4916	0.5182	0.6317	0.4945	0.5086	0.6465	0.4948
0.5005	0.3630	0.4973	0.4916	0.5182	0.6317	0.4945	0.5086	0.6465	0.4948
0.5005	0.3630	0.4973	0.4916	0.5182	0.6317	0.4945	0.5086	0.6465	0.4948
0.5005	0.3630	0.4973	0.4916	0.5182	0.6317	0.4945	0.5086	0.6465	0.4948
