0.4895	0.8337	0.7026	0.8530	0.3817	0.7838	0.6076	0.5192	0.5498	0.4073	0.9348	0.2934	0.2776	0.7001	0.7773	0.8525	0.2922	0.8123	0.3265	0.3749
0.5044	0.6459	0.4247	0.4859	0.7563	0.5134	0.3547	0.8951	0.4810	0.0511	0.6827	0.7306	0.1437	0.6590	0.5592	0.4985	0.8923	0.4149	0.6843	0.7424
0.3239	0.1919	0.2513	0.5194	0.9227	1.0000	0.3167	0.6136	0.0000	0.3715	0.4565	0.4691	1.0000	0.4960	0.4576	0.7664	0.6350	0.7690	0.5233	0.4859
0.0000	0.5321	0.6793	0.7067	0.3515	0.2157	0.7014	0.4874	0.0521	0.6234	0.5096	0.5955	0.7003	0.4960	1.0000	0.7096	1.0000	0.6071	1.0000	0.6014
0.6998	0.5052	0.5046	1.0000	0.8683	0.5353	0.7014	0.4874	0.3581	1.0000	0.4746	0.9827	0.6742	1.0000	0.6988	0.2932	0.2789	0.7825	0.0408	0.0000
0.8314	0.5052	0.4416	0.4367	0.5224	1.0000	0.7014	0.4874	0.5471	0.4829	0.2806	0.4765	0.2841	0.7461	0.4716	1.0000	0.3174	1.0000	0.3381	0.4866
0.5178	0.5052	0.2979	0.4592	0.5224	1.0000	0.4421	0.4874	1.0000	0.3205	0.9179	0.8760	0.3459	0.5494	0.7209	0.0000	0.3174	0.6330	0.5069	0.0631
0.6599	0.5052	0.9257	0.4592	0.7139	0.7290	0.4784	0.4874	0.5686	0.5442	0.1882	0.8824	0.6825	0.7072	0.5014	0.4972	0.7015	0.5537	0.6567	0.4686
0.7707	0.5052	0.3076	0.1438	0.7139	0.4885	0.0000	0.4874	0.4567	0.7696	0.5254	1.0000	0.6825	0.6800	0.2946	0.4972	0.5114	0.0528	0.3129	0.0000
0.7348	0.5052	0.8162	0.1838	0.7139	0.4885	0.5459	0.4874	0.0326	0.4803	0.5417	0.7571	0.7335	0.8860	1.0000	0.6832	0.5222	0.5145	0.3129	0.5112
0.5771	0.5052	0.3105	0.5263	0.5345	0.4913	0.0000	0.4874	0.8368	0.3259	0.2977	0.4718	0.4327	1.0000	0.5339	0.0838	0.0000	0.2607	0.3129	0.4544
0.0987	0.5052	0.3105	0.5263	0.7193	0.7198	0.4975	0.4874	0.4538	0.3259	0.1856	0.5102	1.0000	0.3466	0.4894	0.0000	1.0000	0.6724	0.3129	0.6558
0.3536	0.5052	0.3144	0.5263	0.7193	0.0996	0.5232	0.4874	0.0571	1.0000	1.0000	0.5102	0.2815	0.3030	0.5011	0.3196	1.0000	0.2986	0.7562	1.0000
0.8118	0.5052	0.3144	1.0000	1.0000	0.2767	0.9883	0.4874	1.0000	0.7524	0.1549	0.5102	1.0000	0.3278	0.6980	0.5092	0.4859	0.5006	0.4603	0.5106
0.5024	0.5052	0.3031	0.6790	0.1835	0.2767	0.2917	0.4874	0.0430	0.5400	0.6777	0.5011	0.9510	0.3937	0.5206	0.8609	0.4859	1.0000	0.2972	0.5106
0.5429	0.5052	1.0000	0.4400	0.7939	0.4596	0.2917	0.4874	0.2697	0.5432	0.3612	0.5011	0.4987	0.4868	0.4901	0.0000	0.4859	0.9589	0.2972	0.7152
0.0000	0.5052	0.0000	0.7109	0.0732	0.3608	0.2917	0.4874	0.7324	0.7019	0.2763	0.5011	0.4987	0.1840	0.4901	0.6671	0.4859	0.8425	0.2972	0.7152
0.5281	0.5052	0.4546	0.2993	0.4856	0.5097	0.3069	0.4874	0.4959	0.4737	0.7181	0.5011	0.4987	0.4703	0.4901	0.7160	0.4859	0.5083	0.2972	0.7152
0.7093	0.5052	0.6746	0.0000	0.5191	0.2753	0.0000	0.4874	0.4959	0.2669	0.6270	0.5011	0.1946	0.2637	0.4901	0.6400	0.4859	0.0663	0.2972	0.1562
0.6985	0.5052	0.6746	0.4392	0.5191	0.6833	0.5437	0.4874	0.4959	0.5476	0.5256	0.5011	0.4964	0.5111	0.4901	0.5017	0.4859	0.0986	0.2972	0.4958
0.9112	0.5052	0.7045	0.5170	0.3023	0.6833	0.5437	0.4874	0.4959	0.4563	0.4835	0.5011	0.4964	0.5111	0.0000	0.8812	0.4859	0.5392	0.5237	0.5186
0.5178	0.5052	0.3374	0.2847	0.6942	0.6833	0.5645	0.4874	0.4959	0.4563	0.4835	0.5011	0.2954	0.4900	0.0000	0.0000	0.4859	0.3459	0.5237	0.5186
0.5247	0.5052	0.5055	0.4960	0.6942	0.3150	0.6683	0.4874	0.4959	0.2976	0.4835	0.5011	0.7069	0.4900	1.0000	0.2675	0.4859	0.1763	0.5237	0.5186
0.5247	0.5052	0.5055	0.4960	0.4717	0.3150	0.3109	0.4874	0.4959	0.4948	0.4595	0.5011	1.0000	0.4900	0.4752	1.0000	0.4859	0.5134	0.5237	0.5186
0.5247	0.5052	0.5055	0.4960	0.4717	0.5294	0.3109	0.4874	0.4959	0.4730	0.0000	0.5011	0.7083	0.4900	0.4752	0.6934	0.4859	0.5134	0.5237	0.5186
0.4839	0.5052	0.5055	0.4960	0.3218	0.5294	0.3109	0.4874	0.6818	0.2765	0.3430	0.5011	0.7083	0.4900	0.6858	0.7181	0.4859	0.5134	0.4769	0.5186
0.4839	0.5052	0.6865	0.4960	0.3218	0.5294	0.5086	0.4874	0.6718	0.3092	0.4756	0.5011	0.7011	0.5184	0.0000	0.7181	0.4859	0.5134	0.4769	0.1833
0.4567	0.5052	0.4856	0.4960	0.3218	0.5294	0.5086	0.4874	0.2984	0.3092	0.6913	0.5011	0.5074	0.5184	0.3477	0.7181	0.4859	0.5134	0.4769	0.6809
0.7190	0.5052	0.5033	0.4960	0.3218	0.5294	0.5086	0.4874	0.6691	0.3092	0.4901	0.5011	0.5074	0.5184	0.4833	0.7181	0.4859	0.5134	0.6990	0.8710
0.4997	0.5052	0.4825	0.4960	0.4667	0.0000	0.5086	0.4874	0.4828	0.5051	0.4901	0.5011	0.5074	0.5184	0.4666	0.7181	0.4894	0.5134	0.6990	0.2524
0.4997	0.5052	0.4666	0.4960	0.2968	0.4664	0.5086	0.4874	0.7308	0.5051	0.4901	0.5011	0.5074	0.5184	0.4666	0.2972	0.4894	0.5134	0.6990	1.0000
0.4997	0.5052	0.4666	0.4960	0.2968	1.0000	0.5086	0.4874	0.7123	0.5051	0.4901	0.5011	0.5074	0.5184	0.4666	0.2972	0.4894	0.5134	0.6990	0.0126
0.4997	0.5052	0.4666	0.4960	0.4824	0.4989	0.5086	0.4874	1.0000	0.5051	0.4901	0.5011	0.5074	0.5184	0.5203	0.2972	0.4894	0.5134	0.6990	0.3144
0.4997	0.5052	0.4666	0.4960	0.5330	0.4989	0.5086	0.4874	0.0000	0.5051	0.5422	0.5011	0.5074	0.5197	0.5203	0.4772	0.4894	0.5134	0.6990	0.3144
0.4945	0.5052	0.4666	0.4960	0.6548	0.4985	0.5086	0.4874	0.5060	0.5051	0.5422	0.5011	0.5074	0.5197	0.5203	0.4772	0.4894	0.5134	0.6990	0.7037
0.4945	0.5052	0.4147	0.4960	0.7183	0.4985	0.5086	0.4874	0.6600	0.5051	0.5422	0.5011	0.5074	0.5197	0.5203	0.4772	0.4894	0.5134	0.6990	0.7065
0.4945	0.5052	0.0000	0.4960	0.4650	0.4985	0.5086	0.4874	0.4677	0.5051	0.5422	0.5011	0.5074	0.5197	0.5203	0.4772	0.4894	0.5134	0.6990	0.7311
0.4785	0.5052	0.0000	0.4960	0.6837	0.4985	0.5086	0.4874	0.4677	0.5051	0.5422	0.5011	0.5074	0.5197	0.5203	0.5087	0.4894	0.5134	0.4987	0.7098
0.4785	0.5052	0.0930	0.4960	0.7103	0.5335	0.5086	0.4874	0.4677	0.5051	0.3213	0.5011	0.5074	0.5197	0.5203	0.4766	0.4894	0.5134	0.4987	0.3171
0.4785	0.5052	0.4620	0.4960	0.6692	0.5335	0.5086	0.4874	0.4607	0.5051	0.5312	0.5011	0.5074	0.5197	0.5203	0.4766	0.4894	0.5134	0.4987	0.5050
0.4785	0.5052	0.2454	0.4960	0.5166	0.5335	0.5086	0.4874	0.4607	0.5051	0.2833	0.5011	0.5074	0.5197	0.5203	0.4787	0.4894	0.5134	0.4987	0.4765
0.4785	0.5052	0.4127	0.4960	0.5166	0.5335	0.5086	0.4874	0.4607	0.5051	0.4695	0.5011	0.5074	0.5197	0.5203	0.4944	0.4894	0.5134	0.4987	0.4765
0.4785	0.5052	0.7447	0.4924	0.2981	0.5074	0.5086	0.4874	0.4987	0.5051	0.6998	0.5011	0.4938	0.5197	0.5203	0.4944	0.4894	0.5134	0.4987	0.4765
0.4785	0.5052	0.2954	0.4924	0.4850	0.5074	0.5086	0.4874	0.4856	0.5051	0.6998	0.5011	0.4938	0.5197	0.5203	0.4944	0.5001	0.5134	0.4987	0.4765
0.4785	0.5052	0.2945	0.4924	0.4850	0.5074	0.5086	0.4874	0.4856	0.5051	0.6998	0.5057	0.4938	0.4884	0.5203	0.4944	0.5001	0.5134	0.4987	0.4765
0.4785	0.5052	0.2945	0.4924	0.4850	0.5074	0.5086	0.4874	0.4856	0.5051	0.6998	0.5411	0.4938	0.4884	0.5203	0.3012	0.5001	0.5134	0.4987	0.4765
0.4785	0.5052	0.2598	0.4924	0.4850	0.5074	0.5086	0.4874	0.4856	0.5051	0.6998	0.5411	0.4938	0.4884	0.5203	0.3012	0.5001	0.5134	0.4987	0.4765
0.4785	0.5052	0.5155	0.4924	0.4850	0.5074	0.5086	0.4874	0.4856	0.5051	0.2906	0.5411	0.4938	0.4884	0.5203	0.3012	0.5001	0.5134	0.4987	0.6999
0.4785	0.5052	0.5155	0.4924	0.4850	0.5085	0.5086	0.4874	0.4856	0.5051	0.2906	0.7091	0.4938	0.4884	0.5203	0.5185	0.5001	0.5134	0.4987	0.6999
0.4785	0.5052	0.5155	0.4924	0.5120	0.5085	0.5086	0.4874	0.4856	0.5051	0.2906	0.3140	0.4938	0.4884	0.5203	0.5185	0.4965	0.5134	0.4987	0.6999
0.4785	0.5052	0.5155	0.4924	0.5120	0.5085	0.5086	0.4874	0.4856	0.5051	0.3176	0.3140	0.5114	0.4884	0.5203	0.5185	0.4965	0.5134	0.4987	0.6999
0.4785	0.5052	0.5155	0.4924	0.5120	0.5085	0.5086	0.4874	0.4856	0.5051	0.4799	0.5384	0.5114	0.4884	0.5203	0.5185	0.4965	0.5134	0.4987	0.6999
0.4785	0.5052	0.5155	0.4924	0.5120	0.5085	0.5086	0.4874	0.4856	0.5051	0.4944	0.5384	0.5114	0.4884	0.5203	0.5185	0.4965	0.5134	0.4987	0.6999
0.4785	0.5052	0.5155	0.4924	0.5120	0.5085	0.5086	0.4874	0.4856	0.5051	0.4944	0.4868	0.5114	0.4884	0.5203	0.5185	0.4965	0.5134	0.4987	0.6999
0.4785	0.5052	0.5155	0.4924	0.5120	0.5085	0.5086	0.4874	0.4856	0.5051	0.4944	0.4868	0.5114	0.4884	0.5203	0.5185	0.4965	0.5134	0.4987	0.6999
0.4785	0.5052	0.5031	0.4924	0.5120	0.5085	0.5086	0.4874	0.4856	0.5051	0.4944	0.3182	0.5114	0.4884	0.5203	0.5185	0.4965	0.5134	0.4987	0.6999
0.4785	0.5052	0.5031	0.4924	0.5120	0.5085	0.5086	0.4874	0.4856	0.5051	0.4944	0.4773	0.5114	0.4884	0.5203	0.5185	0.4965	0.5134	0.4987	0.5375
0.4785	0.4870	0.5031	0.4924	0.5120	0.5085	0.5086	0.4874	0.4856	0.5051	0.4704	0.4773	0.5114	0.4884	0.5203	0.5185	0.4965	0.5134	0.4987	0.5375
0.4785	0.4870	0.5031	0.4924	0.5120	0.5085	0.5086	0.4874	0.4856	0.5051	0.4704	0.4773	0.5114	0.4884	0.5203	0.5185	0.4965	0.5134	0.4987	0.5166
0.4785	0.4870	0.5031	0.4924	0.5120	0.5085	0.5086	0.4874	0.4856	0.5051	0.4704	0.4773	0.5114	0.4884	0.5203	0.5185	0.4965	0.5134	0.4987	0.5166
0.4785	0.4870	0.5031	0.4924	0.5120	0.5085	0.5086	0.4874	0.4856	0.5051	0.4704	0.4773	0.5114	0.4884	0.5203	0.5185	0.4965	0.5134	0.4987	0.5166
0.4785	0.4870	0.5031	0.4924	0.5120	0.5085	0.5086	0.4874	0.4856	0.5051	0.4704	0.4773	0.5114	0.4884	0.5203	0.5185	0.4965	0.5134	0.4987	0.5039
0.4785	0.4870	0.5031	0.4924	0.5120	0.5258	0.5086	0.4874	0.4856	0.5051	0.4704	0.4773	0.5114	0.4884	0.5203	0.5185	0.4965	0.5134	0.4987	0.5039
0.4785	0.4870	0.5031	0.4924	0.5120	0.5258	0.5086	0.4874	0.4856	0.5051	0.4704	0.4773	0.5114	0.4884	0.5203	0.5185	0.4965	0.5134	0.4987	0.5278
0.4785	0.4870	0.5031	0.4924	0.5120	0.5258	0.5086	0.4874	0.4856	0.5051	0.4704	0.4773	0.5114	0.4884	0.5203	0.5185	0.4965	0.5134	0.4987	0.5278
0.4785	0.4870	0.5031	0.4924	0.5120	0.5258	0.4888	0.4874	0.4856	0.5051	0.4704	0.4773	0.5114	0.4884	0.5203	0.5185	0.4965	0.5134	0.4987	0.5278
0.4785	0.4870	0.5031	0.4924	0.5120	0.5258	0.4888	0.4874	0.4856	0.5051	0.4704	0.4773	0.5114	0.4884	0.5203	0.5185	0.4965	0.5134	0.4987	0.5278
0.4785	0.4870	0.5031	0.5121	0.5120	0.5258	0.4888	0.4874	0.4856	0.5051	0.4704	0.4773	0.5114	0.4884	0.5203	0.5185	0.4965	0.5134	0.4987	0.6911
0.4785	0.4870	0.5031	0.5121	0.5120	0.5258	0.4888	0.4874	0.4856	0.5051	0.4704	0.4773	0.5114	0.4884	0.5203	0.5185	0.4965	0.5038	0.4987	0.6911
0.4785	0.4870	0.5031	0.5121	0.5120	0.5258	0.4888	0.4874	0.4856	0.5051	0.4704	0.4773	0.5114	0.4884	0.5203	0.5185	0.4965	0.5038	0.4987	0.6911
0.4785	0.4870	0.5031	0.5121	0.5120	0.5258	0.4888	0.4874	0.4856	0.5051	0.4704	0.4773	0.5114	0.4884	0.5203	0.5185	0.4965	0.4982	0.4987	0.6911
0.4785	0.4870	0.5031	0.5121	0.5120	0.5258	0.4888	0.4874	0.4856	0.5051	0.4704	0.4773	0.5114	0.4884	0.5203	0.5165	0.4965	0.4982	0.4987	0.3129
0.4785	0.4870	0.5031	0.5121	0.5120	0.5258	0.4888	0.4874	0.4856	0.5051	0.4704	0.4773	0.5114	0.4884	0.5203	0.5165	0.4965	0.4982	0.4987	0.5178
0.4785	0.4870	0.5031	0.5121	0.5120	0.5258	0.4888	0.4874	0.4856	0.5051	0.4704	0.4773	0.5117	0.4884	0.5203	0.5165	0.4965	0.4982	0.4987	0.5178
0.4785	0.4870	0.5031	0.5121	0.5120	0.5258	0.4888	0.4874	0.4856	0.5051	0.4704	0.4773	0.5117	0.4884	0.5203	0.5165	0.4965	0.4982	0.4987	0.5178
0.4785	0.4870	0.5031	0.5121	0.5120	0.5258	0.4888	0.4874	0.4856	0.5051	0.4704	0.4773	0.5117	0.4884	0.5203	0.5165	0.4965	0.4982	0.4987	0.5178
0.4785	0.4870	0.5031	0.5121	0.5120	0.5258	0.4888	0.4874	0.4856	0.5051	0.4704	0.4773	0.5117	0.4884	0.5203	0.5159	0.4965	0.4982	0.4987	0.5178
0.4785	0.4870	0.5031	0.5121	0.5120	0.5258	0.4888	0.4874	0.4856	0.5051	0.4704	0.4773	0.5117	0.4884	0.5203	0.5159	0.4965	0.4982	0.4987	0.5191
0.4785	0.4870	0.5031	0.5121	0.5120	0.5258	0.4888	0.4874	0.4856	0.5051	0.4704	0.4773	0.5117	0.4884	0.5203	0.5159	0.4965	0.4982	0.4987	0.5191
0.4785	0.4870	0.5031	0.5121	0.5120	0.5258	0.4888	0.4874	0.4856	0.5051	0.4704	0.4773	0.5117	0.4884	0.5203	0.5159	0.4965	0.4982	0.4987	0.5191
0.4785	0.4870	0.5031	0.5121	0.5120	0.5258	0.4888	0.4874	0.4856	0.5051	0.4704	0.4773	0.5117	0.4884	0.5203	0.5159	0.4965	0.4982	0.4987	0.5191
0.4785	0.4870	0.5031	0.5121	0.5120	0.5258	0.4888	0.4874	0.4856	0.5051	0.4704	0.4773	0.5117	0.4884	0.5203	0.5159	0.4965	0.4982	0.4987	0.5191
0.4785	0.4870	0.5031	0.5121	0.5120	0.5258	0.4888	0.4874	0.4856	0.5051	0.4704	0.4773	0.5117	0.4884	0.5203	0.5159	0.4965	0.4982	0.4987	0.5191
0.4785	0.4870	0.5031	0.5121	0.5120	0.5258	0.4888	0.4874	0.4856	0.5051	0.4704	0.5082	0.5117	0.4884	0.5203	0.5159	0.4965	0.4982	0.4987	0.5191
0.4785	0.4870	0.5031	0.5121	0.5120	0.5258	0.4888	0.4874	0.4967	0.5051	0.4704	0.5082	0.5117	0.4884	0.5203	0.4948	0.4965	0.4982	0.4987	0.5191
0.4785	0.4870	0.5031	0.5121	0.5120	0.5258	0.4888	0.4874	0.4967	0.5051	0.4704	0.5082	0.5117	0.4884	0.5203	0.4948	0.4965	0.4982	0.4987	0.5191
0.4785	0.4870	0.5031	0.5121	0.5120	0.5258	0.4888	0.4874	0.4967	0.5051	0.4704	0.5082	0.5117	0.4884	0.5203	0.4948	0.4965	0.4982	0.4987	0.4849
0.4785	0.4870	0.5031	0.5121	0.5120	0.5258	0.4888	0.4874	0.4967	0.5051	0.4704	0.5082	0.5117	0.4884	0.5203	0.4948	0.5084	0.4982	0.4987	0.4849
0.4785	0.4870	0.5031	0.5121	0.5120	0.5258	0.4888	0.4874	0.4967	0.5051	0.4704	0.5082	0.5117	0.4884	0.5203	0.4948	0.5084	0.4982	0.4987	0.4849
0.4785	0.4870	0.5031	0.5121	0.5120	0.5258	0.4888	0.4874	0.4967	0.5051	0.4704	0.5082	0.5117	0.4884	0.5203	0.4948	0.5084	0.4982	0.4987	0.4849
0.4785	0.4870	0.5031	0.5121	0.5120	0.5258	0.4888	0.4874	0.4967	0.5051	0.4704	0.5082	0.5117	0.4884	0.5203	0.4948	0.5084	0.4982	0.4987	0.4849
0.4785	0.4870	0.5031	0.5121	0.5120	0.5258	0.4888	0.4874	0.4967	0.5051	0.4704	0.5082	0.5117	0.4884	0.5203	0.4948	0.5084	0.4982	0.4987	0.4849
0.4785	0.4870	0.5031	0.5121	0.5120	0.5258	0.4888	0.4874	0.4967	0.5051	0.4704	0.5082	0.5117	0.4884	0.5203	0.4948	0.5084	0.4982	0.4987	0.4849
0.4785	0.4870	0.5031	0.5121	0.5120	0.5258	0.4888	0.4874	0.4967	0.5051	0.4704	0.5082	0.5036	0.4884	0.5203	0.4948	0.5084	0.4982	0.4987	0.4849
0.4785	0.4870	0.5031	0.5121	0.5120	0.5258	0.4888	0.4874	0.4967	0.5051	0.4704	0.5082	0.5036	0.4884	0.5203	0.4948	0.5084	0.4982	0.4987	0.4849
0.4785	0.4870	0.5031	0.5121	0.5120	0.5258	0.4888	0.4874	0.4967	0.5051	0.5100	0.5082	0.5036	0.4884	0.5203	0.4948	0.5084	0.4982	0.4987	0.4849
0.4785	0.4870	0.5031	0.5121	0.5120	0.5258	0.4888	0.4874	0.4967	0.5051	0.5100	0.5082	0.5036	0.4837	0.5203	0.4948	0.5084	0.4982	0.4987	0.4849
0.4785	0.4870	0.5031	0.5121	0.5120	0.5258	0.4888	0.4874	0.4967	0.5051	0.5100	0.5082	0.5036	0.4837	0.5203	0.4948	0.5084	0.4982	0.4987	0.4849
0.4785	0.4870	0.5031	0.5121	0.5120	0.5258	0.4888	0.4874	0.4967	0.5051	0.5100	0.5082	0.5036	0.4837	0.5203	0.4948	0.5084	0.4982	0.4987	0.4849
0.4785	0.4870	0.5031	0.5121	0.5120	0.5258	0.4888	0.4874	0.4967	0.5051	0.5100	0.5082	0.5036	0.4837	0.5203	0.4948	0.5084	0.4982	0.4987	0.4849
0.4785	0.4870	0.5031	0.5121	0.5120	0.5258	0.4888	0.4874	0.4967	0.5051	0.5100	0.5082	0.5036	0.4837	0.5203	0.4948	0.5084	0.4982	0.4987	0.4849
