0.5253	0.6073	0.0515	0.7149	0.9581	0.9288	0.9057	0.9482	0.1937	0.4263
0.4601	0.9262	0.2416	0.4810	0.8068	0.7681	0.8741	1.0000	0.3772	1.0000
0.9232	0.6713	0.3899	0.5414	0.0624	0.3510	1.0000	0.9498	0.3660	0.6139
0.8280	0.2226	0.3899	1.0000	1.0000	0.0893	0.9681	0.7762	0.3243	0.3717
0.3432	1.0000	0.2083	0.6655	0.3895	0.5187	0.6230	0.5044	0.6241	0.3943
0.3432	1.0000	0.5299	0.9115	0.3569	0.3300	0.3307	0.6264	0.5070	0.4558
0.5199	0.7431	0.5299	0.5041	0.3569	0.8039	0.3307	0.4905	0.3525	0.8637
0.5199	0.0774	0.5212	1.0000	0.3569	0.6611	0.3307	0.4905	0.3525	0.7014
0.5199	0.5103	0.5212	0.8838	0.5097	0.3770	0.6568	0.6505	0.3525	0.7898
0.6270	0.2075	0.5212	0.0000	0.5097	0.5114	0.6568	0.4932	0.3525	0.5296
0.6270	0.6275	0.5212	0.3750	0.5097	0.3730	0.3659	0.0294	0.3525	0.5980
0.6270	0.9686	0.5212	0.7084	0.6369	0.3730	0.6344	0.6413	0.3525	0.2291
0.3680	0.5278	0.5212	0.7527	0.6462	0.3806	0.6344	0.6536	0.3525	0.5086
0.3680	0.0000	0.5212	0.2419	0.6462	0.3527	0.6344	0.6536	0.3525	0.5752
0.3680	0.6337	0.5212	0.3918	0.6462	0.3493	0.6344	0.6536	0.3525	0.3842
0.3680	0.6337	0.5212	0.6192	0.6462	0.3406	0.6344	0.6536	0.3525	0.3842
0.3680	0.6337	0.5212	0.0000	0.6462	0.3406	0.6344	0.6536	0.3525	0.0000
0.3680	0.6337	0.5212	0.5888	0.6462	0.3406	0.6344	0.5117	0.3525	0.6402
0.3707	0.6337	0.5212	0.6299	0.6462	0.3406	0.3638	0.5117	0.3525	0.4930
0.3707	0.6337	0.5212	0.6299	0.6471	0.3406	0.6384	0.5117	0.3525	0.4930
0.3707	0.6318	0.5212	0.6299	0.6471	0.3406	0.6384	0.5117	0.3525	0.4930
0.3707	0.6318	0.5212	0.4907	0.6471	0.3387	0.6384	0.2819	0.3525	0.4930
0.3707	0.6318	0.5212	0.4907	0.6471	0.3387	0.6384	0.8750	0.3525	0.4930
0.3707	0.3690	0.6401	0.4907	0.6471	0.5245	0.6384	0.5308	0.3525	0.4930
0.3707	0.3690	0.6401	0.4907	0.6471	0.5071	0.6384	0.5025	0.4837	0.4930
0.3707	0.3690	0.6401	0.4907	0.6471	0.5071	0.6384	0.4910	0.4837	0.4930
0.3707	0.5192	0.6401	0.4907	0.6471	0.3651	0.6384	0.4910	0.4837	0.4930
0.3707	0.4905	0.6401	0.4907	0.6626	0.3651	0.6384	0.4910	0.6171	0.4930
0.3707	0.4905	0.6401	0.4907	0.3612	0.3651	0.6384	0.4910	0.6171	0.4930
0.3707	0.4905	0.6401	0.4907	0.3612	0.3651	0.5150	0.4910	0.6171	0.4930
0.3707	0.5023	0.6401	0.4907	0.3612	0.3651	0.5150	0.4910	0.6171	0.4930
0.3707	0.5023	0.6401	0.4907	0.4628	0.4860	0.5150	0.4910	0.6171	0.4930
0.3707	0.5023	0.6401	0.4907	0.4628	0.5010	0.5207	0.4910	0.6171	0.4930
0.3707	0.5023	0.6401	0.4907	0.4943	0.5010	0.4964	0.4910	0.6171	0.6702
0.3707	0.5023	0.6401	0.4907	0.4943	0.5010	0.4964	0.4910	0.6171	0.4720
0.3707	0.5023	0.6401	0.4907	0.4943	0.5010	0.4964	0.4910	0.6171	0.6163
0.3707	0.5023	0.6401	0.4907	0.4943	0.5010	0.4964	0.4910	0.6505	0.7968
0.3707	0.5023	0.6401	0.4907	0.4943	0.5010	0.4964	0.4910	0.6492	0.5277
0.3707	0.5023	0.6401	0.4907	0.4943	0.5010	0.4964	0.4910	0.6492	0.5029
0.3707	0.5023	0.6401	0.4907	0.4943	0.5010	0.4964	0.4909	0.6492	0.5029
0.6527	0.5023	0.6401	0.5036	0.5063	0.5010	0.4942	0.4909	0.6492	0.5029
0.6527	0.5023	0.4955	0.4812	0.3622	0.5010	0.4942	0.4909	0.6492	0.5029
0.6527	0.5023	0.4955	0.4812	0.3622	0.5010	0.4942	0.3612	0.4964	0.5029
0.4999	0.5023	0.4955	0.4812	0.6433	0.5010	0.4942	0.3612	0.5080	0.5029
0.4999	0.5023	0.4955	0.4812	0.6433	0.5010	0.4942	0.3612	0.5080	0.5029
0.4999	0.5023	0.4955	0.6557	0.6433	0.5010	0.4942	0.4871	0.5080	0.5029
0.4999	0.5023	0.4955	0.6557	0.6433	0.5010	0.4942	0.4871	0.5080	0.5029
0.4999	0.5023	0.4955	0.6557	0.6433	0.5010	0.4942	0.4871	0.5080	0.5029
0.4999	0.5023	0.4955	0.4953	0.6433	0.5010	0.4942	0.4871	0.5080	0.5029
0.4999	0.5023	0.4955	0.4953	0.6433	0.5010	0.4942	0.4871	0.5080	0.5029
0.4999	0.5023	0.4955	0.4953	0.6433	0.5010	0.4942	0.4871	0.5080	0.5029
0.4999	0.5023	0.4955	0.4953	0.6433	0.5010	0.4942	0.4871	0.5080	0.5029
0.4999	0.5023	0.4955	0.4953	0.5159	0.5010	0.4942	0.4871	0.5080	0.5029
0.4999	0.5023	0.4955	0.4953	0.5159	0.5010	0.4942	0.4871	0.5080	0.5109
0.4999	0.5023	0.4955	0.4953	0.5159	0.5010	0.4942	0.4871	0.5080	0.5109
0.4999	0.5023	0.4955	0.4953	0.5159	0.5010	0.4942	0.4936	0.5080	0.5109
0.4999	0.5023	0.4955	0.4953	0.5159	0.5010	0.4942	0.4936	0.5080	0.5109
0.4999	0.5023	0.4955	0.4953	0.5159	0.5010	0.4942	0.4936	0.5080	0.5109
0.3641	0.5023	0.4955	0.4953	0.5159	0.5010	0.4942	0.4884	0.5080	0.4975
0.3641	0.5023	0.4955	0.4953	0.5159	0.5010	0.4942	0.4884	0.5080	0.4975
0.3641	0.5023	0.4955	0.4953	0.5159	0.5010	0.4942	0.4884	0.5080	0.4975
0.3641	0.5023	0.4955	0.4953	0.5159	0.5010	0.4942	0.4884	0.5080	0.4975
0.3641	0.5023	0.4955	0.4953	0.5159	0.5010	0.5052	0.4884	0.5080	0.4975
0.3641	0.5023	0.4955	0.5063	0.5159	0.5010	0.5052	0.4884	0.5080	0.4975
0.3641	0.5023	0.4955	0.5063	0.5159	0.5010	0.5052	0.4884	0.5080	0.4975
0.3641	0.5023	0.4955	0.5063	0.5159	0.5010	0.5052	0.4884	0.5080	0.4975
0.3641	0.5023	0.4955	0.5063	0.5159	0.5010	0.5052	0.4884	0.5080	0.4975
0.3641	0.5023	0.4955	0.5063	0.5159	0.5010	0.5052	0.4884	0.5080	0.4975
0.3641	0.5023	0.4955	0.5063	0.3532	0.5010	0.5052	0.4884	0.5080	0.4975
0.3641	0.5023	0.4955	0.5063	0.3532	0.5010	0.5052	0.4884	0.5080	0.4975
0.3641	0.5023	0.4955	0.5063	0.3532	0.5010	0.5052	0.4884	0.5080	0.4975
0.3641	0.5023	0.4955	0.5063	0.3532	0.5010	0.5052	0.4884	0.5080	0.4975
0.3641	0.5023	0.4955	0.5063	0.3532	0.5010	0.5052	0.4884	0.5080	0.4975
0.3641	0.5023	0.4955	0.5063	0.3532	0.5010	0.5052	0.5083	0.5080	0.4975
0.3641	0.5023	0.4955	0.5063	0.3532	0.5010	0.5052	0.5083	0.5080	0.4975
0.3641	0.5023	0.4955	0.5063	0.3532	0.5010	0.5052	0.5083	0.5080	0.4975
0.3641	0.5023	0.4955	0.5063	0.3532	0.5010	0.5052	0.5083	0.5080	0.4975
0.3641	0.5023	0.4955	0.5063	0.3532	0.5010	0.5052	0.5083	0.5080	0.4975
0.3641	0.5023	0.4955	0.5063	0.3532	0.5010	0.5052	0.5083	0.5080	0.4975
0.5093	0.5023	0.4955	0.5063	0.3532	0.5010	0.5052	0.5083	0.5080	0.4975
0.5093	0.5023	0.4955	0.5063	0.3532	0.5010	0.5052	0.5083	0.5080	0.4975
0.5093	0.5023	0.4955	0.5063	0.3532	0.5010	0.4954	0.5083	0.5080	0.4975
0.5093	0.5023	0.4955	0.5063	0.3532	0.5010	0.4954	0.5083	0.5080	0.4975
0.5093	0.5023	0.4955	0.5063	0.3532	0.5010	0.4954	0.5083	0.5080	0.4975
0.5093	0.5023	0.4955	0.5063	0.3532	0.5010	0.4954	0.5083	0.5080	0.4975
0.5093	0.5023	0.4955	0.5063	0.3532	0.5010	0.4954	0.5083	0.5080	0.4975
0.5093	0.5023	0.4955	0.5063	0.3532	0.5010	0.4954	0.5083	0.5080	0.4975
0.4984	0.5023	0.4955	0.5063	0.3532	0.5010	0.4954	0.5083	0.5080	0.4975
0.4984	0.5023	0.4955	0.5063	0.3532	0.5010	0.4954	0.5083	0.5080	0.4975
0.4984	0.5023	0.4955	0.5063	0.3532	0.5010	0.4954	0.5083	0.5080	0.4975
0.4984	0.5023	0.4955	0.5063	0.3532	0.5010	0.4954	0.5083	0.5080	0.4975
0.4984	0.5023	0.4955	0.5063	0.3532	0.5010	0.4954	0.5083	0.5080	0.4975
0.4984	0.5023	0.4955	0.5063	0.3532	0.5010	0.4954	0.5083	0.5080	0.4975
0.4984	0.5023	0.4955	0.5063	0.3532	0.5010	0.4954	0.5083	0.5080	0.4975
0.4984	0.5023	0.4955	0.5063	0.3532	0.5010	0.4954	0.5083	0.5080	0.4975
0.4984	0.5023	0.4955	0.5063	0.3532	0.5010	0.4954	0.5083	0.5080	0.4975
0.4984	0.5023	0.4955	0.5063	0.3532	0.5010	0.4954	0.5083	0.5080	0.4975
0.4984	0.5023	0.4955	0.5063	0.3532	0.5010	0.4954	0.5083	0.5080	0.4975
0.4984	0.5023	0.4955	0.5063	0.3532	0.5010	0.4954	0.5083	0.5080	0.4975
0.4984	0.5023	0.4955	0.5063	0.3532	0.5010	0.4954	0.5083	0.5080	0.4975
0.4984	0.5023	0.4955	0.5063	0.3532	0.5010	0.4954	0.5083	0.5080	0.4975
