0.9564	0.8133	0.9530	0.1655	0.3266	0.1074	0.2382	0.9036	0.1201	0.6834
0.2524	0.0000	0.0000	0.6511	0.6478	0.2006	0.2097	0.6864	0.7541	0.3412
0.5183	0.3598	0.5524	1.0000	0.7700	0.0000	0.5181	0.7336	0.6753	0.5182
0.0000	0.5658	0.8908	0.8164	0.7771	1.0000	0.4087	0.8957	0.6753	1.0000
1.0000	0.2497	0.1066	0.4542	0.4848	1.0000	0.5028	1.0000	0.6930	1.0000
0.5989	0.3691	0.2910	0.5760	0.0000	0.7624	0.1544	0.0511	0.6930	0.6964
0.6789	0.5891	0.0000	0.1847	0.6199	0.0000	0.3260	0.6966	0.6930	0.5034
1.0000	0.5891	0.2545	1.0000	0.5633	0.4835	1.0000	0.4042	0.6930	0.5371
0.0595	0.5891	0.0000	0.5770	0.7861	0.0000	0.6803	0.5261	0.6930	0.5769
0.2089	0.5891	0.7619	0.7759	0.5126	0.2453	0.5800	0.4530	0.5059	1.0000
0.2088	0.5891	0.7891	0.5789	0.5884	0.0000	0.0404	1.0000	0.5923	0.5293
0.5884	0.5891	0.4122	0.5789	0.3174	0.6747	0.6011	1.0000	0.5923	0.0000
0.2404	0.4171	0.4122	0.5789	0.9808	0.4076	0.2710	0.4194	0.5965	0.4831
0.5001	0.4171	0.4122	0.5753	1.0000	0.4076	0.3310	0.4194	0.5965	0.3144
0.5890	0.4171	0.5007	0.6795	0.4133	0.4076	0.3273	0.4102	0.3942	0.5214
0.4190	0.4171	0.9701	0.6795	0.0000	0.4076	0.4928	0.4102	0.3942	0.5214
0.5923	0.4831	0.5069	0.5123	1.0000	0.4076	0.4134	0.4102	0.3942	0.6652
0.9373	0.3878	0.5099	0.4122	0.1011	0.4076	0.4134	0.4102	0.4322	0.5641
0.0000	0.6339	0.4920	0.4122	0.6739	0.4076	0.5221	0.4102	0.5020	0.5999
0.2342	0.6989	0.4920	0.4122	0.6739	0.4076	0.4147	0.4102	0.5020	0.5893
0.8660	0.5024	0.4920	0.4122	1.0000	0.4076	0.4147	0.4077	0.5020	0.8059
0.2382	0.5024	0.4920	0.6883	0.5837	0.4076	0.4383	0.4077	0.5020	0.4706
0.0000	0.5024	0.4920	0.6883	0.5837	0.4076	0.5216	0.4024	0.5020	0.0000
0.6711	0.5024	0.4920	0.4041	0.5837	0.4076	1.0000	0.4932	0.5049	0.5032
0.3232	0.5024	0.4920	0.4041	0.5837	0.4076	0.0000	0.4932	0.5049	0.5032
0.3232	0.5024	0.4920	0.4041	0.5837	0.4076	0.3212	0.4932	0.5049	0.5032
0.3232	0.5024	0.4920	0.4041	0.5837	0.4076	0.3212	0.5100	0.5049	0.5795
0.3232	0.5024	0.7042	0.4041	0.5837	0.4076	0.5867	0.5100	0.5049	0.4098
0.3232	0.5024	0.5772	0.4041	0.5837	0.4076	0.5956	0.5100	0.5049	0.4098
0.4036	0.5024	0.4213	0.4041	0.5837	0.4076	0.4096	0.5100	0.5049	0.3164
0.4036	0.5024	0.4213	0.4041	0.5837	0.4076	0.4144	0.5100	0.5049	0.4841
0.4036	0.5024	0.4213	0.4041	0.6036	0.4076	0.4144	0.5100	0.5049	0.4841
0.4036	0.5024	0.5770	0.4041	0.6036	0.4076	0.4144	0.5100	0.5049	0.4988
0.4157	0.5024	0.5770	0.4041	0.5732	0.4076	0.4144	0.5100	0.5049	0.4988
0.4157	0.5024	0.5867	0.4041	0.5732	0.4076	0.4144	0.5100	0.5049	0.4988
0.4157	0.3311	0.4844	0.4041	0.5732	0.4076	0.4144	0.5100	0.5049	0.4988
0.4157	0.3311	0.4844	0.4041	0.5732	0.4076	0.4144	0.5100	0.5049	0.3274
0.4157	0.3311	0.4844	0.4041	0.7668	0.4076	0.4144	0.5100	0.5049	0.3274
0.2295	0.3311	0.4844	0.4041	0.4266	0.4076	0.5941	0.4991	0.5049	0.3274
0.5907	0.3311	0.4844	0.4041	0.6873	0.4076	0.5941	0.4991	0.5049	0.3274
0.5907	0.4045	0.4844	0.4041	0.4960	0.4076	0.5941	0.4991	0.5049	0.3274
0.5907	0.4045	0.4844	0.4041	0.4086	0.4076	0.5941	0.4991	0.5049	0.3274
0.5907	0.4045	0.6847	0.4041	0.7790	0.4076	0.5941	0.4991	0.5049	0.3145
0.5907	0.4045	0.6794	0.4041	0.7790	0.4076	0.5941	0.4991	0.5049	0.3145
0.5907	0.4045	0.6794	0.4041	0.5818	0.4076	0.5941	0.4991	0.5049	0.4167
0.5907	0.4045	0.6794	0.4041	0.5818	0.4076	0.4110	0.4991	0.5049	0.4116
0.4880	0.4934	0.6794	0.4041	0.5782	0.4076	0.4110	0.4991	0.5049	0.4116
0.4880	0.4934	0.6794	0.4041	0.6889	0.4076	0.4110	0.4991	0.5049	0.3233
0.4880	0.4934	0.6794	0.4041	0.6889	0.4076	0.4110	0.4991	0.5049	0.3233
0.4880	0.4934	0.6794	0.4041	0.6889	0.4076	0.4110	0.4991	0.5049	0.3233
0.5948	0.4934	0.6794	0.4041	0.6889	0.4076	0.4110	0.4991	0.5049	0.3233
0.4913	0.4934	0.6794	0.4041	0.6889	0.4076	0.4110	0.4991	0.5049	0.3233
0.4913	0.4934	0.6794	0.4041	0.6889	0.4076	0.4110	0.5001	0.5049	0.3233
0.4913	0.4934	0.6794	0.4041	0.6889	0.4076	0.4110	0.5001	0.5049	0.3233
0.4913	0.4934	0.6794	0.4041	0.6889	0.4076	0.4110	0.5001	0.5049	0.3233
0.4913	0.4934	0.3989	0.4041	0.6889	0.4076	0.4110	0.5001	0.5049	0.3233
0.4913	0.4934	0.3989	0.4041	0.6889	0.4076	0.4110	0.5001	0.5049	0.3252
0.4051	0.4934	0.3989	0.4118	0.6889	0.4076	0.4110	0.5001	0.5049	0.3252
0.4051	0.4934	0.3989	0.4118	0.6889	0.4076	0.4110	0.5001	0.5049	0.3252
0.4051	0.4970	0.3989	0.4118	0.6889	0.4076	0.4110	0.5001	0.5049	0.3252
0.4051	0.4970	0.3989	0.4118	0.6889	0.4076	0.4110	0.5001	0.5049	0.3252
0.4051	0.4970	0.3989	0.4118	0.6706	0.4076	0.4110	0.5001	0.5049	0.3252
0.4051	0.4970	0.3989	0.4118	0.6706	0.4076	0.4110	0.5001	0.5049	0.3252
0.4051	0.4193	0.3989	0.4118	0.6706	0.4076	0.4110	0.5001	0.5049	0.3252
0.4051	0.4193	0.3989	0.4118	0.6797	0.4076	0.4110	0.5001	0.5049	0.3252
0.4935	0.4193	0.3989	0.4118	0.6797	0.4076	0.4110	0.5001	0.5049	0.3252
0.4935	0.4193	0.3989	0.4118	0.6797	0.4076	0.4110	0.5001	0.5049	0.3252
0.4935	0.4193	0.3989	0.4118	0.5821	0.4076	0.4110	0.5001	0.5049	0.3252
0.4935	0.4193	0.5889	0.4118	0.5821	0.4076	0.4110	0.5001	0.5049	0.5118
0.4935	0.4193	0.5889	0.4118	0.5821	0.4076	0.4110	0.5001	0.5049	0.5118
0.4982	0.4193	0.5889	0.4118	0.5821	0.4076	0.4110	0.5001	0.5049	0.5118
0.4982	0.4193	0.5889	0.4118	0.5821	0.4076	0.4110	0.5001	0.5049	0.5118
0.4982	0.4193	0.5889	0.4118	0.5821	0.4076	0.4110	0.5001	0.5049	0.5118
0.4982	0.4193	0.5889	0.4118	0.5821	0.4076	0.4110	0.5001	0.5049	0.5118
0.4982	0.4941	0.5889	0.4118	0.5821	0.4076	0.4110	0.5001	0.5049	0.5118
0.4982	0.4941	0.5889	0.4118	0.5821	0.4076	0.4110	0.5001	0.5049	0.5118
0.4982	0.4941	0.5889	0.4118	0.5821	0.4076	0.4110	0.5001	0.5049	0.5118
0.4982	0.4941	0.5889	0.4118	0.5821	0.4986	0.4110	0.5001	0.5049	0.5118
0.4982	0.4941	0.5889	0.4118	0.5821	0.4986	0.4110	0.5001	0.5049	0.5118
0.4982	0.4941	0.5889	0.4118	0.4061	0.4986	0.4110	0.5001	0.5049	0.5118
0.4982	0.4941	0.5889	0.4118	0.4061	0.4986	0.4110	0.5001	0.5049	0.5118
0.4982	0.4941	0.5889	0.4118	0.4061	0.4986	0.4110	0.5001	0.5049	0.5118
0.4982	0.4941	0.5889	0.4118	0.4061	0.4986	0.4110	0.5001	0.5049	0.5118
0.4982	0.4941	0.5889	0.4118	0.4061	0.4986	0.4110	0.5001	0.5049	0.5118
0.4982	0.4941	0.5889	0.4118	0.4061	0.4986	0.4110	0.5001	0.5049	0.5118
0.4982	0.4941	0.5889	0.4118	0.4061	0.4986	0.4110	0.5001	0.5049	0.5118
0.4982	0.4941	0.5889	0.4118	0.4061	0.4986	0.4110	0.5001	0.5049	0.5118
0.4982	0.4941	0.5889	0.4118	0.4061	0.4986	0.4110	0.5001	0.5049	0.5118
0.4982	0.4941	0.5889	0.4118	0.4061	0.4986	0.4110	0.5001	0.5049	0.5118
0.4982	0.4941	0.5889	0.4118	0.4061	0.4986	0.4110	0.5001	0.5049	0.5118
0.4982	0.4941	0.5889	0.4118	0.4061	0.4986	0.4110	0.5001	0.5049	0.5118
0.4982	0.4941	0.5889	0.4118	0.4061	0.4986	0.4110	0.5001	0.5049	0.5118
0.4982	0.4941	0.5889	0.4118	0.4061	0.4986	0.4110	0.5001	0.5049	0.5118
0.4982	0.4114	0.5889	0.4118	0.4061	0.4986	0.4110	0.5001	0.5049	0.5118
0.4982	0.4114	0.5889	0.4118	0.4061	0.4986	0.4110	0.5001	0.5049	0.5118
0.4982	0.4114	0.5889	0.4118	0.4061	0.4986	0.4110	0.5001	0.5049	0.5118
0.4982	0.4114	0.5889	0.4118	0.4061	0.4986	0.4110	0.5001	0.5049	0.5118
0.4982	0.4114	0.5889	0.4118	0.4061	0.4986	0.4110	0.5001	0.5049	0.5118
0.4982	0.4114	0.5889	0.4118	0.4061	0.4986	0.4110	0.5001	0.5049	0.5118
0.4982	0.4114	0.5889	0.4118	0.4061	0.4986	0.4110	0.5001	0.5049	0.5118
0.4982	0.4114	0.5889	0.4118	0.4061	0.4986	0.4110	0.5001	0.5049	0.5118
