0.9868	0.8967	0.8488	0.7640	0.2959	0.3948	0.6428	0.7737	0.7428	0.4588	0.2164	0.1467	0.4607	0.1648	0.2552	0.9520	0.1029	0.4008	0.1164	0.2276
0.3454	0.0000	0.7649	1.0000	0.4124	1.0000	0.6371	0.7014	0.5130	0.6367	0.0312	0.5689	1.0000	0.0632	0.4541	0.3007	0.8102	0.6537	0.2586	0.5707
0.5132	0.0000	0.0000	1.0000	1.0000	0.8042	0.7959	0.4202	0.4361	0.3253	1.0000	0.5039	0.5729	0.3934	0.3575	0.2875	0.3617	0.6305	0.7459	0.5707
0.1639	0.0000	0.3631	0.2726	0.3761	0.5701	0.8461	0.0000	0.3518	0.0000	1.0000	0.4340	0.0000	0.7550	0.3427	0.0000	0.9687	0.0265	0.2896	0.5707
0.6315	0.3572	0.1128	0.8474	0.0609	0.3547	1.0000	0.9125	0.5124	0.5804	0.1128	0.4169	0.4245	0.0400	0.8278	0.5103	0.8902	0.2119	0.5018	0.0000
0.4343	0.0000	0.5095	0.1479	0.5108	0.3818	0.0000	0.2150	0.9254	0.0172	0.5849	0.7782	0.7006	0.2639	0.2298	0.8327	0.3494	0.2362	1.0000	0.5139
0.2793	0.3208	0.6156	0.4575	0.3543	0.5035	1.0000	0.7011	0.2473	0.9427	0.5849	1.0000	1.0000	1.0000	0.3538	0.5548	0.4420	0.5078	0.4889	0.5013
0.3496	1.0000	0.4301	0.3067	0.0831	0.5035	1.0000	1.0000	0.0690	0.7879	1.0000	0.4999	0.5283	0.0000	0.3013	0.8543	0.6443	0.5078	0.4889	0.5013
1.0000	0.5475	0.4301	1.0000	0.3129	0.5678	0.6412	0.2967	1.0000	0.2899	0.3781	0.4999	0.6523	0.5061	0.3013	0.4177	0.3622	0.0000	0.4889	0.5013
0.3115	0.4357	1.0000	0.5725	0.6230	0.1683	0.5652	0.4295	0.5390	0.4481	0.3781	0.4999	0.0000	0.4515	0.3013	0.9954	0.9912	0.4167	0.4441	0.5013
0.3842	0.2815	0.4456	0.0000	0.4258	0.4481	0.4365	0.4295	0.5667	0.4520	0.4925	0.4999	0.4358	0.2322	0.3013	0.3252	0.6168	0.4910	0.0000	0.5013
0.0000	0.3336	0.5606	1.0000	0.4258	0.5582	0.7666	0.4295	0.6303	0.6399	0.4925	0.4999	0.5556	0.8311	0.3013	0.4893	0.5789	0.4354	0.5045	0.5013
0.5615	0.0000	0.6992	0.0000	0.6370	0.4998	0.7725	0.4295	0.6744	0.6399	0.4925	0.4999	0.5556	0.4334	0.3013	0.7270	0.0800	0.5680	0.5636	0.5013
0.4929	0.9699	0.5101	0.3571	0.6370	0.4998	0.0000	0.4295	0.9520	0.6201	0.4989	0.2364	0.5556	1.0000	0.3013	0.2372	0.2875	0.5680	0.7001	0.5607
0.7938	0.6935	0.5767	0.5627	0.6370	0.3602	0.4953	0.4295	0.2402	0.7722	0.4989	0.9276	0.5556	0.6215	0.6865	0.8324	0.9903	0.5680	0.6429	0.5607
0.3535	0.4229	0.5691	0.5627	0.3674	1.0000	0.4200	0.4295	0.5069	0.4389	0.4989	0.0548	0.6316	0.3612	0.7719	0.5556	0.4034	0.5680	0.6233	0.5607
0.1589	0.3091	0.6353	0.2807	0.3674	0.9093	0.3748	0.2818	0.5069	0.4389	0.4989	0.4318	0.6150	0.3612	0.5843	0.6257	0.6239	0.5680	0.6233	0.5607
0.2664	0.5588	0.3684	0.3704	0.5039	1.0000	0.4930	0.5092	0.5069	0.4389	0.4989	0.3728	0.4362	0.3612	0.5843	0.6257	0.6606	0.5680	0.6233	0.5607
0.7703	0.0000	0.8205	0.0000	0.6302	0.2958	0.0691	0.5835	0.5069	0.4389	0.4989	0.4950	0.4994	0.5014	0.5017	0.5547	0.8150	0.5680	0.3625	0.5607
0.0000	0.2219	0.5664	0.2967	0.6302	0.4830	0.7085	0.6226	0.5069	0.4270	0.4989	0.5144	0.4994	0.5014	0.5017	0.5547	0.3371	0.5680	0.5176	0.5607
0.0000	0.5514	0.4907	0.4798	0.6302	0.6158	0.5592	0.0000	0.5069	0.4270	0.4460	0.2953	0.4994	0.5014	0.5017	0.5083	0.4922	0.5680	0.5784	0.5607
0.4116	0.5714	0.3084	0.6433	0.6302	0.4434	0.5786	0.6840	0.5069	0.4270	0.4460	0.2953	0.4994	0.5014	0.4345	0.5605	0.4922	0.5680	0.4962	0.5607
0.0317	0.5714	0.1643	0.6433	0.6302	0.5727	0.5786	0.8979	0.5069	0.4270	0.4460	0.9364	0.4994	0.5014	0.4313	0.5605	0.4922	0.5680	0.4962	0.5670
0.6842	0.2429	1.0000	0.0415	0.6302	0.5727	0.5572	0.0658	0.5069	0.4270	0.3534	0.6358	0.0000	0.5014	0.4313	0.5605	0.6198	0.5680	0.4962	0.5670
0.6880	0.6437	0.6432	0.6256	0.6302	0.5727	0.3094	0.4399	0.5069	0.4270	0.3534	0.5577	0.5122	0.5014	0.4313	0.5605	0.6198	0.5680	0.4962	0.5670
0.6631	0.6452	0.2158	0.6256	0.6302	0.5727	0.5013	0.5710	0.5069	0.4270	0.5633	0.5577	1.0000	0.5014	0.4313	0.5605	0.2307	1.0000	0.4962	0.5670
0.4327	0.6452	0.4349	0.0000	0.6302	0.5727	0.5012	0.5710	0.5069	0.4270	0.5633	0.5577	0.3873	0.5014	0.4313	0.5605	0.2307	1.0000	0.6309	0.5670
0.4327	0.6452	0.5418	0.4389	0.6302	0.5727	0.5012	0.6865	0.5069	0.4270	0.5633	0.3051	0.2061	0.5014	0.4313	0.5605	0.2307	0.5598	0.6309	0.5670
0.4327	0.6452	0.5711	0.7904	0.6302	0.5727	0.5012	0.5574	0.5069	0.4270	0.3647	0.6670	0.6134	0.5014	0.4313	0.5605	0.2307	0.5598	0.6309	0.5670
0.4327	0.6452	0.7055	0.6309	0.6302	0.5727	0.5012	0.5815	1.0000	0.4270	0.3647	0.4430	0.1623	0.5014	0.4313	0.6288	0.2964	0.5598	0.6309	0.5091
0.4327	0.5732	0.5572	0.6309	0.6302	0.5727	0.5012	0.5815	0.7063	0.4270	0.3647	0.4456	0.4969	0.5014	0.4313	0.6288	0.7044	0.5691	0.6309	0.5091
0.4327	0.5732	0.5729	0.6309	0.6302	0.4449	0.5012	0.4931	0.4923	0.4270	0.3647	0.5679	0.4384	0.5014	0.4313	0.6288	0.3700	0.5691	0.6309	0.5091
0.4327	0.4992	0.5596	0.6309	0.6302	0.5652	0.5012	0.4931	0.4923	0.4270	0.5088	0.5798	0.4322	0.5014	0.4313	0.6288	0.3700	0.5691	0.3714	0.5091
0.4327	0.4992	0.5596	0.6309	0.6302	0.5652	0.5012	0.9429	0.4923	0.4270	0.5088	0.2937	0.4322	0.5014	0.4313	0.1623	0.3700	0.5691	0.3714	0.5091
0.4327	0.4992	0.5596	0.6309	0.6302	0.5652	0.5012	0.6926	0.4923	0.4270	0.5088	0.2937	0.4322	0.5014	0.4964	0.6938	0.3700	0.5691	0.3714	0.4995
0.4327	0.4992	0.5596	0.6309	0.6302	0.5652	0.5012	0.5551	0.4923	0.4270	0.5088	0.3959	0.4322	0.5014	0.4964	0.6938	0.3700	0.5691	0.3714	0.3734
0.4327	0.4992	0.5596	0.6309	0.6302	0.5652	0.5012	0.5551	0.4923	0.4270	0.5088	0.6326	0.4322	0.5014	0.4964	0.3619	0.3700	0.5691	0.3714	0.3734
0.4327	0.4992	0.5596	0.6309	0.6302	0.5652	0.4931	0.7673	0.4923	0.4270	0.5088	0.6326	0.4322	0.5014	0.4964	0.3619	0.4291	0.5691	0.0000	0.6179
0.5718	0.4992	0.5596	0.6309	0.6302	0.4305	0.4931	0.7673	0.4406	0.4319	0.5088	0.4273	0.4322	0.5014	0.4964	0.3619	0.4291	0.5691	0.5522	0.2375
0.4368	0.4992	0.6343	0.6309	0.6302	0.4305	0.4931	0.6288	0.4406	0.4319	0.5088	0.5740	0.4322	0.5014	0.4964	0.3619	0.4291	0.5119	0.4264	0.6204
0.4295	0.4992	0.4343	0.6309	0.6261	0.4305	0.4931	0.6288	0.4406	0.4319	0.5088	0.2959	0.4322	0.5014	0.4964	0.3619	0.4291	0.3746	0.4264	0.6493
0.4295	0.4992	0.4300	0.6309	0.6261	0.4305	0.4931	0.6288	0.4406	0.4319	0.5088	0.5797	0.4322	0.5014	0.4964	0.3619	0.4291	0.3746	0.4264	1.0000
0.4295	0.4992	0.4300	0.6309	0.5724	0.4305	0.3717	0.6288	0.4406	0.4319	0.5088	0.5797	0.4322	0.5014	0.4964	0.3619	0.4291	0.3746	0.4264	0.3676
0.4295	0.4992	0.4300	0.3706	0.5724	0.4991	0.3717	0.4944	0.4406	0.4319	0.5088	0.5797	0.4322	0.5014	0.4964	0.3561	0.4291	0.3746	0.4264	0.4402
0.3639	0.4992	0.4300	0.3706	0.5724	0.4991	0.3717	0.4944	0.4406	0.4319	0.5088	0.6959	0.4322	0.5014	0.4964	0.3561	0.4291	0.7718	0.4264	0.4402
0.5675	0.4992	0.4300	0.3706	0.5724	0.4991	0.5574	0.4944	0.4406	0.4319	0.5088	0.5793	0.4322	0.5014	0.4964	0.3561	0.4291	0.5759	0.5688	0.4402
0.5675	0.4992	0.4300	0.3706	0.5724	0.4991	0.5594	0.4944	0.4406	0.4319	0.5088	0.5558	0.4322	0.5014	0.6338	0.3561	0.4291	0.6400	0.5688	0.4402
0.5675	0.4992	0.4300	0.3706	0.5724	0.4991	0.5594	0.4944	0.4406	0.4319	0.5088	0.5558	0.5693	0.5014	0.6338	0.7010	0.4291	0.5800	0.5688	0.4402
0.5675	0.4992	0.4300	0.5053	0.5724	0.4991	0.5594	0.4944	0.4406	0.4319	0.5088	0.5853	0.5693	0.5014	0.6338	0.7010	0.4291	0.5800	0.5688	0.4402
0.5675	0.4992	0.4300	0.5053	0.5724	0.4991	0.5092	0.4944	0.4406	0.4319	0.5088	0.5610	0.5693	0.5014	0.6338	0.6221	0.4291	0.3610	0.5688	0.4394
0.5675	0.4992	0.5033	0.5053	0.5724	0.4991	0.5092	0.4944	0.4406	0.4319	0.5088	0.5610	0.5693	0.5014	0.3618	0.4203	0.4291	0.3610	0.5688	0.4394
0.5675	0.4992	0.5033	0.5053	0.5724	0.4991	0.5092	0.4944	0.4406	0.4319	0.4386	0.5610	0.5693	0.5014	0.3618	0.4203	0.5672	0.3688	0.5688	0.4394
0.5675	0.4992	0.5033	0.5053	0.5724	0.4991	0.5092	0.4944	0.4406	0.4319	0.4386	0.5610	0.5693	0.5014	0.3618	0.4203	0.5672	0.3688	0.5688	0.4394
0.5675	0.4992	0.5033	0.5053	0.5724	0.4991	0.5092	0.4944	0.4406	0.4319	0.4386	0.5610	0.5693	0.5014	0.3624	0.4203	0.5672	0.3688	0.5688	0.4394
0.4999	0.4992	0.5033	0.5053	0.5724	0.4991	0.5092	0.4944	0.4385	0.4319	0.4986	0.5610	0.5693	0.5014	0.3624	0.4203	0.5672	0.3688	0.5688	0.4394
0.4999	0.4992	0.5033	0.5053	0.4332	0.4991	0.5092	0.4944	0.4385	0.4296	0.4986	0.5610	0.5693	0.5014	0.3624	0.5727	0.5672	0.3688	0.5688	0.4394
0.4999	0.4992	0.5033	0.5053	0.4332	0.4991	0.5092	0.4944	0.5005	0.4296	0.4986	0.5610	0.5693	0.5014	0.3624	0.5727	0.5672	0.3688	0.5688	0.4394
0.4999	0.4992	0.5033	0.5053	0.4332	0.4991	0.5092	0.4944	0.5005	0.4296	0.4986	0.5610	0.5693	0.5014	0.3624	0.5727	0.5672	0.4286	0.4267	0.4394
0.4999	0.4992	0.5033	0.5053	0.4332	0.4991	0.5092	0.5606	0.5005	0.4296	0.4986	0.5610	0.5693	0.5014	0.3624	0.5727	0.5672	0.4286	0.4267	0.4394
0.4999	0.5037	0.5033	0.5053	0.4332	0.4991	0.5092	0.5606	0.5005	0.4296	0.4986	0.5610	0.5693	0.5014	0.3624	0.5727	0.5672	0.4286	0.5685	0.4394
0.4999	0.5037	0.5033	0.5053	0.4332	0.4991	0.5092	0.5606	0.5005	0.4296	0.4986	0.5610	0.5693	0.5014	0.3624	0.5727	0.5672	0.3642	0.5685	0.4394
0.4999	0.5037	0.5033	0.5053	0.4332	0.4991	0.5092	0.5606	0.5005	0.4296	0.4986	0.5610	0.5693	0.5014	0.3624	0.5727	0.5672	0.3642	0.5685	0.4394
0.4999	0.5037	0.5033	0.5053	0.4332	0.4991	0.5092	0.5606	0.5005	0.4296	0.4986	0.5610	0.5693	0.5014	0.3624	0.5727	0.5672	0.5727	0.5685	0.4394
0.4999	0.5037	0.5033	0.5053	0.4332	0.4991	0.5092	0.5606	0.5005	0.4296	0.4986	0.5610	0.5693	0.5014	0.3624	0.5727	0.5672	0.5727	0.5685	0.4394
0.4999	0.5037	0.5033	0.5053	0.4332	0.4991	0.5092	0.5606	0.5005	0.4296	0.4986	0.5610	0.5693	0.5014	0.3624	0.5727	0.5672	0.5727	0.5685	0.4394
0.4999	0.5037	0.5033	0.5053	0.4332	0.4991	0.5092	0.5606	0.5005	0.4296	0.4986	0.5610	0.5693	0.5014	0.3624	0.5727	0.5672	0.5727	0.5685	0.4394
0.4999	0.5037	0.5033	0.5053	0.4332	0.4991	0.5092	0.5606	0.5005	0.4296	0.4986	0.5610	0.5693	0.5014	0.5698	0.5727	0.5672	0.5727	0.5685	0.4394
0.4999	0.5037	0.5033	0.5053	0.4332	0.4991	0.5092	0.5606	0.5005	0.4296	0.4986	0.5610	0.5693	0.5014	0.5698	0.5727	0.5672	0.5727	0.5685	0.4394
0.4999	0.5037	0.5033	0.5053	0.4332	0.4991	0.5092	0.5606	0.5005	0.4296	0.4986	0.5610	0.5693	0.5014	0.5698	0.5727	0.5672	0.5015	0.5004	0.4394
0.4999	0.5037	0.5033	0.5031	0.4332	0.4991	0.5092	0.5606	0.5005	0.4296	0.4986	0.5610	0.5693	0.5014	0.5698	0.3718	0.5672	0.5015	0.5004	0.4394
0.4999	0.5037	0.5033	0.5031	0.4332	0.4991	0.5092	0.5606	0.5005	0.4296	0.4986	0.5610	0.4294	0.5014	0.5698	0.3718	0.5672	0.5015	0.5004	0.4394
0.4999	0.5037	0.5033	0.5031	0.4332	0.4991	0.5092	0.5606	0.5005	0.4296	0.4986	0.5610	0.4294	0.5014	0.5698	0.3718	0.5672	0.5015	0.5004	0.5633
0.4999	0.5037	0.5033	0.5031	0.4332	0.4991	0.5092	0.5606	0.5005	0.4296	0.4986	0.5610	0.4294	0.5014	0.5698	0.3718	0.5672	0.5015	0.5004	0.5633
0.4999	0.5037	0.5033	0.5031	0.4332	0.4991	0.5092	0.5606	0.5005	0.4296	0.4986	0.5610	0.4294	0.5014	0.5698	0.3718	0.5672	0.5015	0.5004	0.4305
0.4999	0.5037	0.5033	0.5031	0.4332	0.4991	0.5092	0.5606	0.5005	0.4296	0.4986	0.5610	0.4294	0.5014	0.5698	0.5659	0.5672	0.5015	0.5004	0.4305
0.4999	0.5037	0.5033	0.5031	0.4332	0.4991	0.5092	0.5606	0.5005	0.4296	0.4986	0.5610	0.4294	0.5014	0.5698	0.5659	0.4341	0.5015	0.5004	0.4305
0.4999	0.5037	0.5033	0.5031	0.4332	0.4991	0.5092	0.5606	0.5005	0.4296	0.4986	0.5610	0.4294	0.5014	0.5698	0.5659	0.4341	0.5015	0.5004	0.4305
0.4999	0.4286	0.5033	0.5031	0.4332	0.4991	0.5092	0.5606	0.5005	0.4296	0.4986	0.5610	0.4294	0.5014	0.5698	0.5659	0.4341	0.5015	0.5004	0.4305
0.4999	0.4286	0.5033	0.5031	0.4332	0.4991	0.5092	0.5606	0.5005	0.4296	0.4986	0.5610	0.4294	0.5014	0.5698	0.5659	0.4341	0.5015	0.5004	0.4305
0.4999	0.4286	0.5033	0.5031	0.4332	0.4991	0.5092	0.5606	0.5005	0.4296	0.4986	0.5610	0.4294	0.5014	0.5698	0.5659	0.4341	0.5015	0.5004	0.4305
0.4999	0.4286	0.5033	0.5031	0.4332	0.4991	0.5092	0.5606	0.5005	0.4296	0.4986	0.5610	0.4294	0.5014	0.5698	0.5659	0.4341	0.5015	0.5004	0.4305
0.4999	0.4286	0.5033	0.5031	0.4332	0.4991	0.5092	0.5606	0.5005	0.4296	0.4986	0.5610	0.4294	0.5647	0.5698	0.5659	0.4341	0.5066	0.5004	0.4305
0.4999	0.4286	0.5690	0.5031	0.4332	0.4991	0.5092	0.5606	0.5005	0.4296	0.4986	0.5610	0.4294	0.5647	0.5698	0.5659	0.4341	0.5066	0.5004	0.4305
0.4999	0.4286	0.5690	0.5031	0.4332	0.4991	0.5092	0.5606	0.5005	0.4296	0.4986	0.5610	0.4294	0.5647	0.5698	0.5659	0.4341	0.5066	0.5004	0.4305
0.3673	0.4286	0.5690	0.5031	0.4986	0.4991	0.5092	0.5606	0.5005	0.4296	0.4986	0.5610	0.4294	0.5647	0.5698	0.5659	0.4341	0.5066	0.5004	0.4305
0.3673	0.4286	0.5690	0.5031	0.4986	0.4991	0.5092	0.5606	0.5005	0.4296	0.4986	0.5610	0.4294	0.5647	0.5698	0.5659	0.4341	0.5066	0.5004	0.4305
0.3673	0.4286	0.4946	0.5031	0.4986	0.4991	0.5092	0.5606	0.5005	0.4296	0.4986	0.5610	0.4294	0.5647	0.5698	0.5659	0.4341	0.5066	0.5004	0.4305
0.3673	0.4286	0.4946	0.5031	0.4986	0.4991	0.5092	0.5606	0.5005	0.4296	0.4986	0.5610	0.4294	0.5647	0.5698	0.5659	0.4341	0.5066	0.5004	0.4305
0.3673	0.4286	0.4946	0.5031	0.4986	0.4991	0.5092	0.5606	0.5005	0.4296	0.4986	0.5610	0.4294	0.5647	0.5698	0.5659	0.4336	0.5066	0.5004	0.4305
0.3673	0.4286	0.4946	0.5031	0.4986	0.4991	0.5092	0.5606	0.5005	0.4296	0.4986	0.5610	0.4294	0.5647	0.5698	0.5659	0.4336	0.5066	0.5004	0.4305
0.3673	0.4286	0.4946	0.5031	0.4986	0.4991	0.5092	0.5606	0.5005	0.4296	0.4986	0.5610	0.4294	0.5647	0.5698	0.5659	0.4336	0.5066	0.5004	0.4305
0.3673	0.4286	0.4946	0.5031	0.4986	0.4991	0.5092	0.5606	0.5005	0.4296	0.4986	0.5610	0.4294	0.5647	0.5698	0.5659	0.4336	0.5066	0.5004	0.4305
0.3673	0.4286	0.4946	0.5031	0.4986	0.4991	0.5092	0.5606	0.5005	0.4296	0.4986	0.5610	0.4294	0.5647	0.5698	0.5659	0.4336	0.5066	0.5004	0.4305
0.3673	0.4286	0.4946	0.5031	0.4986	0.4991	0.5092	0.5606	0.5005	0.4296	0.4986	0.5610	0.4294	0.5647	0.5698	0.5659	0.4968	0.5066	0.5004	0.4305
0.3673	0.4286	0.4946	0.5031	0.4355	0.4991	0.5092	0.5606	0.5005	0.4296	0.4986	0.4270	0.4294	0.5647	0.5698	0.5659	0.4968	0.5066	0.5004	0.4305
0.3673	0.4286	0.4946	0.5031	0.4355	0.4991	0.5092	0.5606	0.5005	0.4296	0.4986	0.4270	0.4294	0.5647	0.5698	0.5659	0.4968	0.5066	0.5004	0.4305
0.3673	0.4286	0.4946	0.5031	0.4355	0.4991	0.5092	0.5606	0.4356	0.4296	0.4986	0.4270	0.4294	0.5647	0.5698	0.5659	0.4968	0.5066	0.5004	0.4305
0.3673	0.4286	0.4946	0.5031	0.4355	0.4991	0.5092	0.5606	0.4356	0.4296	0.4986	0.4270	0.4294	0.5647	0.5698	0.5659	0.4968	0.4288	0.5004	0.4305
0.3673	0.4286	0.4946	0.5031	0.4355	0.4991	0.5092	0.5606	0.4356	0.4297	0.4986	0.4270	0.4294	0.5647	0.5698	0.5659	0.4968	0.4288	0.5004	0.4305
0.3673	0.4286	0.4946	0.5031	0.4355	0.4991	0.5092	0.5606	0.4356	0.5021	0.4986	0.4270	0.4294	0.5647	0.5698	0.5659	0.4968	0.4288	0.5004	0.4305
0.4370	0.4286	0.4946	0.5031	0.4355	0.4991	0.5092	0.5606	0.4356	0.5021	0.4986	0.4270	0.4294	0.5647	0.5698	0.5659	0.4968	0.4288	0.5004	0.4305
