0.8039	0.8439	0.9221	0.8688	0.0508	0.7485	0.6373	0.9017	0.8458	0.5084
0.1797	0.0950	0.3995	0.3790	1.0000	0.4639	1.0000	0.0000	0.5079	0.1992
0.7902	0.6447	0.7240	0.4041	0.4097	0.2306	0.3692	0.9300	0.3371	0.6327
0.3386	0.5000	0.4442	0.0000	0.2501	0.0000	0.4130	0.0000	0.3371	0.6448
0.5029	0.5000	0.9115	0.5339	0.1900	0.0000	0.6497	0.0809	0.3371	0.2653
0.5411	0.5743	0.8182	0.0000	0.1686	0.5005	0.4796	0.1420	0.7384	0.2653
0.0000	0.5743	0.6496	0.3056	0.0000	0.5005	0.1231	0.7516	0.7384	0.6454
0.5880	0.5743	0.7329	0.1019	0.5674	0.5005	0.3844	0.3415	0.7384	0.0000
0.5610	0.5743	0.5818	0.0000	0.5674	0.5005	0.0000	0.8069	0.2619	0.4192
0.2706	0.5743	0.5826	1.0000	0.7345	0.5005	0.5724	0.5087	0.2619	0.2877
0.7548	0.5600	0.4091	0.0000	0.4040	0.3318	1.0000	0.4187	0.2619	0.8237
0.1645	0.6652	0.6654	0.3840	0.4260	0.0000	0.4366	0.4238	0.2619	0.3507
0.7458	0.3447	0.6076	0.3789	0.4260	0.2904	0.4366	0.5731	0.2685	0.1562
0.5956	0.5986	0.5668	0.4209	0.4260	0.5964	0.4237	0.4970	0.2685	0.4269
0.6659	0.5986	0.5089	0.5741	0.4260	0.7209	0.4237	0.4970	0.2685	0.4269
0.6540	0.4936	1.0000	0.3544	0.6503	0.5100	0.4977	0.4970	0.2685	0.4269
0.6463	0.2563	0.4978	0.4314	0.6503	0.5100	0.2129	0.4970	0.2685	0.0403
0.6529	0.3550	0.3939	0.4314	0.6503	0.3388	0.5012	0.4970	0.2685	0.3602
0.6529	1.0000	0.5729	0.6661	0.8288	0.3388	0.5012	0.4970	0.2685	0.2564
0.6529	0.4197	0.4860	0.6661	0.0000	0.3388	0.3856	0.4970	0.2685	0.2564
0.4958	0.3295	0.4860	0.6661	0.4459	0.2714	0.4925	0.4970	0.2685	0.7265
0.5703	0.4988	0.4699	0.2768	0.6482	0.2714	0.4925	0.4970	0.2685	0.7265
0.5703	0.5774	0.6974	0.2768	0.7268	0.7377	0.5868	0.4970	0.5610	0.4171
0.5040	0.5774	0.5074	0.2768	0.0000	1.0000	0.4243	0.4970	0.5610	0.5851
0.4195	0.5774	0.5074	0.2768	0.2736	0.3676	0.5694	0.4970	0.5610	0.5851
0.5028	0.5774	0.5074	0.2768	0.5107	0.4344	0.5694	0.4970	0.5610	0.5851
0.4161	0.5774	0.4224	0.4178	0.5107	0.4344	0.5694	0.4970	0.5610	0.5851
0.4161	0.5774	0.3576	0.5120	0.5107	0.4114	0.2748	0.4970	0.5610	0.5851
0.4161	0.5774	0.3576	0.5120	0.5107	0.4080	0.0000	0.4970	0.4992	0.5851
0.4161	0.5774	0.3576	0.3612	0.4903	0.5836	0.4857	0.4970	0.4992	0.5754
0.4161	0.5774	0.5670	0.7132	0.3370	0.5836	0.5639	0.4970	0.4992	0.5754
0.4161	0.5774	0.5845	0.5116	0.5847	0.5836	0.4366	0.4970	0.4992	0.3458
0.4161	0.5774	0.5845	0.6569	0.5847	0.5836	0.4890	0.4970	0.4992	0.4944
0.4161	0.4295	0.5845	0.6569	0.5847	0.5836	0.4890	0.4970	0.4992	0.4944
0.4161	0.5054	0.5845	0.5911	0.5847	0.5836	0.4890	0.4970	0.4992	0.4944
0.4161	0.5054	0.5845	0.5690	0.5847	0.5836	0.2667	0.4970	0.4992	0.4944
0.4161	0.5054	0.6577	0.5088	0.5682	0.5836	0.4079	0.4970	0.4992	0.4944
0.4161	0.5054	0.6577	0.5753	0.5723	0.5836	0.7309	0.4970	0.4992	0.4944
0.4161	0.5054	0.6577	0.5753	0.5723	0.5836	0.5829	0.4970	0.4992	0.4944
0.4161	0.5054	0.6577	0.5753	0.5723	0.5836	0.5829	0.4970	0.4992	0.4944
0.4161	0.5054	0.6577	0.5753	0.5723	0.5836	0.5829	0.4970	0.4992	0.4944
0.4161	0.5054	0.6577	0.5753	0.5723	0.5836	0.5829	0.4970	0.4992	0.4944
0.4161	0.5054	0.3502	0.5753	0.4215	0.4921	0.5829	0.4970	0.4992	0.4944
0.4161	0.5054	0.3502	0.5753	0.4215	0.4921	0.5098	0.4970	0.4992	0.5734
0.4161	0.5054	0.3502	0.5753	0.4215	0.4921	0.5098	0.4970	0.4992	0.5734
0.4161	0.5054	0.3502	0.5753	0.4215	0.4921	0.5098	0.4970	0.4992	0.5734
0.4161	0.5054	0.3502	0.5753	0.4215	0.4921	0.5098	0.4970	0.4992	0.5734
0.5001	0.5054	0.3502	0.5753	0.4215	0.4921	0.5098	0.4970	0.4992	0.5734
0.5001	0.5054	0.3502	0.5753	0.4215	0.4921	0.5098	0.4970	0.4992	0.5734
0.5001	0.5054	0.3502	0.5753	0.4963	0.4921	0.5098	0.4970	0.4992	0.5734
0.5001	0.5054	0.3502	0.5753	0.4963	0.4921	0.5098	0.4970	0.4992	0.5734
0.5001	0.5054	0.3502	0.5753	0.5736	0.4921	0.5098	0.4970	0.4992	0.5734
0.5001	0.5054	0.3502	0.5753	0.5736	0.4921	0.5098	0.4970	0.4992	0.5734
0.5001	0.5054	0.4282	0.5753	0.5807	0.4921	0.5098	0.4970	0.4992	0.5734
0.5001	0.5054	0.4236	0.5753	0.5807	0.4921	0.5098	0.4970	0.4992	0.5734
0.5001	0.5054	0.4236	0.5753	0.5807	0.4921	0.5098	0.4970	0.4992	0.4211
0.5001	0.5054	0.4236	0.5753	0.5827	0.4921	0.5098	0.4993	0.4992	0.4211
0.5001	0.5054	0.4236	0.5753	0.4987	0.3480	0.5098	0.4993	0.4992	0.4211
0.5001	0.5054	0.4236	0.5753	0.4987	0.4229	0.5098	0.4993	0.4992	0.5067
0.5001	0.5054	0.5781	0.5753	0.4987	0.4229	0.5098	0.4993	0.4992	0.5067
0.5001	0.5054	0.5781	0.5753	0.5841	0.4229	0.5098	0.4993	0.4992	0.5067
0.5001	0.5054	0.5781	0.5753	0.5841	0.4229	0.5098	0.4993	0.4992	0.5067
0.5001	0.5054	0.5781	0.5753	0.5841	0.4229	0.5098	0.4993	0.4992	0.5067
0.5001	0.5054	0.4197	0.4976	0.5841	0.4229	0.5098	0.4993	0.4992	0.5067
0.5001	0.5054	0.4197	0.4976	0.5841	0.4229	0.5707	0.4993	0.4992	0.5067
0.5001	0.5054	0.4197	0.4976	0.5841	0.4229	0.4267	0.4993	0.4992	0.5067
0.5001	0.5054	0.4197	0.4976	0.5841	0.4229	0.4267	0.4993	0.4992	0.5067
0.5001	0.5054	0.4197	0.4976	0.5841	0.4229	0.4890	0.4993	0.4992	0.5067
0.5001	0.5054	0.4197	0.4976	0.5841	0.4229	0.4890	0.4993	0.4992	0.5067
0.5001	0.5054	0.4197	0.4976	0.5841	0.5739	0.4890	0.4993	0.4992	0.5067
0.4988	0.4254	0.4197	0.4976	0.5841	0.5739	0.4890	0.4993	0.4992	0.5067
0.4988	0.4254	0.3549	0.4976	0.5713	0.5739	0.4890	0.4993	0.4992	0.5067
0.4988	0.4254	0.3549	0.4976	0.5713	0.5739	0.5652	0.4993	0.4992	0.5067
0.4988	0.4254	0.3549	0.4976	0.5713	0.5739	0.5652	0.4993	0.4992	0.5067
0.4988	0.4254	0.3549	0.4994	0.5713	0.5739	0.5652	0.4993	0.4992	0.5067
0.4988	0.4254	0.3549	0.4994	0.5713	0.5739	0.5652	0.4993	0.4992	0.5067
0.4988	0.4254	0.3549	0.4994	0.5713	0.5739	0.5037	0.4993	0.4992	0.5067
0.5013	0.4254	0.3549	0.4994	0.5713	0.5739	0.5037	0.4993	0.4992	0.4264
0.5013	0.4254	0.5038	0.4994	0.5713	0.5739	0.5037	0.4993	0.4992	0.4264
0.5013	0.4254	0.5038	0.4994	0.5713	0.5739	0.5037	0.4993	0.4992	0.4264
0.5013	0.4254	0.5038	0.4994	0.5713	0.5739	0.5037	0.4993	0.4992	0.4264
0.5013	0.4254	0.5038	0.4994	0.5713	0.5739	0.5755	0.4993	0.4992	0.4264
0.5013	0.4254	0.5038	0.4994	0.5713	0.5739	0.5755	0.4993	0.4992	0.4264
0.5013	0.4254	0.5014	0.4994	0.5713	0.5739	0.5755	0.4993	0.4992	0.4264
0.5013	0.4254	0.5014	0.4994	0.5713	0.5739	0.5755	0.4993	0.4992	0.4264
0.5013	0.4254	0.5014	0.4994	0.5713	0.5739	0.5755	0.4993	0.4990	0.4264
0.5013	0.4254	0.5014	0.4994	0.5713	0.5739	0.5755	0.4993	0.4990	0.4264
0.5013	0.4254	0.5014	0.4994	0.5713	0.5739	0.5755	0.4993	0.4990	0.4264
0.5013	0.4254	0.5014	0.4994	0.5713	0.5739	0.5755	0.4993	0.4990	0.4264
0.5013	0.4254	0.5014	0.4994	0.5713	0.5739	0.5755	0.4993	0.4990	0.4264
0.5013	0.4254	0.5014	0.4994	0.5713	0.5739	0.5755	0.4993	0.4990	0.4264
0.5013	0.4254	0.5014	0.4994	0.5713	0.5739	0.5755	0.4993	0.4990	0.4264
0.5013	0.4254	0.5014	0.4994	0.5713	0.5739	0.5755	0.4993	0.4990	0.4264
0.5013	0.4254	0.5014	0.4994	0.5713	0.5739	0.5755	0.4993	0.4990	0.4264
0.5013	0.4254	0.5014	0.4994	0.5713	0.5739	0.5011	0.4993	0.4990	0.4264
0.5013	0.4254	0.5014	0.4994	0.5713	0.5739	0.5011	0.4993	0.4990	0.4264
0.5013	0.4254	0.5014	0.4994	0.5713	0.5739	0.5011	0.4993	0.4990	0.4264
0.5013	0.4254	0.5014	0.4994	0.5713	0.5739	0.5011	0.4993	0.4990	0.4264
0.5013	0.4254	0.5014	0.4994	0.5713	0.5739	0.5011	0.4993	0.4990	0.4264
0.5013	0.4254	0.5014	0.4994	0.5713	0.5739	0.5011	0.4993	0.4990	0.4264
0.5013	0.4254	0.5014	0.4994	0.5713	0.5739	0.5011	0.4993	0.4990	0.4264
