0.3728	0.8832	0.9890	0.1833	0.4667	0.0558	0.1730	0.1057	0.0440	0.8056	0.9915	0.7342	0.5502	0.0093	0.0017	0.0289	0.1500	0.7518	0.7900	0.4059
0.6595	0.4321	0.2441	0.2825	0.7533	0.4043	0.7261	1.0000	0.3049	0.1854	0.5660	0.3736	0.9460	0.7402	0.0000	0.5952	0.2366	0.2458	1.0000	0.0000
0.2954	0.4194	0.4066	0.4847	0.3932	0.0000	0.8176	0.8169	0.6213	0.3518	0.5660	0.5836	0.5686	1.0000	0.3203	0.4058	0.2718	0.6716	0.2980	0.0000
0.5709	0.4948	0.6068	0.1052	0.0000	0.0000	0.5784	0.7484	0.9176	1.0000	0.3979	1.0000	0.4745	0.6741	0.3203	0.4058	0.6800	1.0000	0.5753	0.4116
0.5040	0.6870	0.3877	0.2091	0.5061	0.7960	0.5784	0.4983	0.5753	0.3049	0.1794	0.4192	0.5955	0.9940	0.3203	0.4058	0.6800	0.4083	0.5753	0.4116
0.5601	0.3743	0.7494	0.4825	0.3090	0.4153	0.5784	0.5765	0.5724	0.3049	0.6751	0.8933	0.5955	0.0000	1.0000	0.4058	0.6800	0.9497	0.5753	0.4116
0.0000	0.3905	0.4613	0.8355	0.3197	0.4153	0.5784	0.7653	0.7989	0.3165	0.1275	0.0000	0.5955	0.6706	0.3839	0.4058	0.6800	0.5067	0.5753	0.4116
0.4218	0.4999	0.6620	0.6045	0.6746	0.4065	0.5784	0.5600	0.4931	0.7982	0.7773	0.6894	0.5955	0.0000	0.4826	0.4058	0.6800	0.5101	0.5753	0.9318
0.5864	0.6877	0.0000	0.7697	0.6732	0.5025	0.5784	0.6288	0.4931	0.6324	1.0000	0.8635	0.5955	0.3894	0.5988	0.4058	0.0000	0.0843	0.4060	0.4087
0.5864	0.0000	0.0463	0.1370	0.5936	0.5025	0.5784	0.7010	0.5192	0.5058	0.8155	0.3077	0.4175	1.0000	0.5988	0.4058	0.2554	0.2335	0.0000	0.4087
0.5864	0.5818	0.4459	0.4813	0.0000	0.5025	0.5784	0.4408	0.0000	0.6140	1.0000	0.3482	0.4175	0.7548	0.4931	0.4058	0.5145	1.0000	0.0569	0.4096
0.5864	0.5818	0.0000	0.3862	0.1916	0.5025	0.5784	0.1480	0.5078	0.3976	1.0000	0.6186	0.4175	1.0000	0.3829	0.4058	0.1727	0.5739	0.8924	0.6074
0.5864	0.4342	0.2240	0.5163	0.7789	0.5025	0.5784	0.3193	0.5078	0.5167	0.0000	0.3157	0.4175	0.5986	0.0000	0.4058	0.6150	0.6295	0.5770	0.5019
0.5864	0.7052	0.2240	0.5163	0.4095	0.5025	0.5784	0.3193	0.5078	0.3408	0.6759	0.5072	0.4175	0.3991	0.0000	0.4058	0.2320	0.8126	0.5734	0.0000
0.5864	0.5338	0.4907	0.5206	0.5003	0.5025	0.5784	0.3193	0.5078	1.0000	0.6759	0.5072	0.4175	0.6968	0.4255	0.4058	0.9911	0.3997	0.5734	0.5011
0.5864	0.2108	0.4907	0.5010	0.6755	0.5025	0.5944	0.5196	0.5166	0.5008	0.6759	0.4988	0.4175	0.4967	0.4192	0.4058	0.6271	0.3997	0.4111	0.5244
0.5864	0.0000	0.4907	0.2066	0.5907	0.5025	0.5944	0.5196	0.1181	0.0000	0.6759	0.4988	0.4175	0.4967	0.0000	0.4058	0.7678	0.3997	0.6761	0.5994
0.5864	0.4099	0.4907	0.2072	0.5907	0.5025	0.4103	0.8739	0.0000	1.0000	0.6759	0.4988	0.4175	0.4794	1.0000	0.4058	0.4140	0.3997	0.4143	0.5687
0.5864	0.0000	0.4907	0.5907	0.5907	0.5025	0.4103	0.6601	0.1929	0.3737	0.5068	0.4988	0.4175	0.3109	0.4078	0.4058	0.4140	0.3997	0.4143	0.5149
0.5864	0.4155	0.4907	0.7196	0.5907	0.5025	0.4103	0.4964	0.5026	0.6782	0.2086	0.4988	0.4225	0.5113	0.4839	0.4058	0.4140	0.3997	0.4143	0.5010
0.5864	0.0000	0.4907	0.6117	0.5907	0.5025	0.4103	0.4964	0.5026	0.6782	0.5978	0.4988	0.4225	0.4007	0.4839	0.4058	0.6713	0.3997	0.4143	0.0000
0.5864	0.7270	0.4979	0.6117	0.5907	0.5025	0.4103	0.4964	0.5026	0.4175	0.4032	0.4988	0.4225	0.4197	0.4839	0.4058	0.5894	0.3997	0.4143	0.2989
0.5864	0.5906	0.4979	0.5070	0.5907	0.5025	0.4103	0.4964	0.5026	0.9081	0.4032	0.4988	0.4225	0.4197	0.4839	0.4066	0.6791	0.7739	0.4143	0.3964
0.5864	0.2927	0.4979	0.6634	0.5907	0.5025	0.4103	0.4964	0.5086	0.5977	0.5003	0.4988	0.4225	0.4197	0.4037	0.4066	0.6791	0.5785	0.4143	0.7600
0.5864	0.6927	0.4979	0.2305	0.5907	0.5025	0.4103	0.4086	0.5086	0.5977	0.5003	0.4988	0.5867	0.4197	0.4037	0.4066	0.4123	0.2220	0.4143	0.8240
0.6016	0.5877	0.5029	0.0000	0.5907	0.5025	0.4103	0.4086	0.5086	0.5977	0.5003	0.4988	0.5867	0.4197	0.4037	0.4066	0.4535	0.5779	0.5846	0.3257
0.6016	0.5877	0.3125	0.6023	0.5907	0.5025	0.4103	0.4086	0.5086	0.5977	0.5003	0.4988	0.5867	0.4197	0.4037	0.4066	0.3369	0.4099	0.5846	0.2356
0.6016	0.5877	0.4876	0.1837	0.5907	0.5025	0.5063	0.4086	0.5086	0.5977	0.5003	0.4988	0.5070	0.5871	0.4037	0.4066	0.4218	0.4099	0.5846	0.3344
0.6016	0.5877	0.4876	0.3052	0.5907	0.5025	0.5063	0.4086	0.5086	0.5977	0.5003	0.4988	0.5070	0.5871	0.5026	0.4066	0.6694	0.4094	0.5846	0.5910
0.6016	0.5877	0.4876	0.6636	0.5907	0.5025	0.5063	0.4086	0.5086	0.5977	0.5924	0.4988	0.5070	0.5871	0.5026	0.4066	0.5897	0.4094	0.5846	0.5910
0.6016	0.5877	0.4876	0.5780	0.5907	0.5025	0.5063	0.4086	0.4956	0.5977	0.5924	0.4988	0.5070	0.5871	0.5026	0.4066	0.4139	0.4094	0.5846	0.5910
0.6016	0.5877	0.4876	0.5780	0.5907	0.5025	0.5063	0.4086	0.4956	0.5097	0.5924	0.4988	0.5070	0.5871	0.5026	0.4066	0.4139	0.4094	0.5846	0.5910
0.6016	0.5877	0.4876	0.7725	0.5907	0.5025	0.5063	0.4086	0.4956	0.5097	0.5924	0.4988	0.5070	0.5871	0.5026	0.4066	0.4139	0.4094	0.5846	0.5910
0.6016	0.5877	0.5836	0.5025	0.5907	0.5025	0.5063	0.4086	0.4956	0.5097	0.5924	0.4988	0.5070	0.5871	0.5026	0.4066	0.4139	0.4131	0.5846	0.5910
0.4174	0.5877	0.5836	0.6030	0.5898	0.5025	0.5063	0.4086	0.4956	0.5097	0.5924	0.4988	0.5070	0.5871	0.5026	0.4066	0.4139	0.4131	0.5846	0.5114
0.4174	0.5877	0.4797	0.7767	0.5898	0.5025	0.5063	0.4086	0.4956	0.5097	0.5924	0.4988	0.5070	0.5871	0.5026	0.4066	0.4139	0.4131	0.5846	0.5114
0.4174	0.5877	0.4797	0.4154	0.5898	0.5025	0.5063	0.4086	0.4956	0.4038	0.5924	0.4988	0.5070	0.5871	0.6806	0.4066	0.4139	0.4131	0.5846	0.5114
0.4174	0.5877	0.4797	0.5149	0.5898	0.5025	0.5063	0.4086	0.4956	0.4038	0.5924	0.4988	0.5070	0.5871	0.6806	0.4066	0.4139	0.4131	0.5846	0.4154
0.4177	0.5877	0.3310	0.5149	0.5898	0.5025	0.5063	0.4086	0.4956	0.4038	0.5924	0.4988	0.5070	0.5871	0.5902	0.4066	0.4139	0.4131	0.5846	0.4154
0.4177	0.5877	0.3310	0.5149	0.5898	0.5025	0.5063	0.5037	0.4956	0.4038	0.5924	0.4988	0.5070	0.5871	0.4978	0.4066	0.3109	0.4131	0.4985	0.4154
0.4177	0.5877	0.4000	0.3164	0.5898	0.5025	0.5063	0.5037	0.4956	0.4038	0.5924	0.4988	0.5070	0.5871	0.4978	0.4066	0.3109	0.4131	0.4985	0.4154
0.4177	0.5877	0.4000	0.3164	0.5898	0.5025	0.5063	0.5037	0.4956	0.4038	0.5924	0.4988	0.5070	0.5871	0.4978	0.4066	0.3109	0.4131	0.4985	0.4154
0.4177	0.5877	0.5971	0.3164	0.5898	0.5025	0.4920	0.5037	0.4956	0.4038	0.5924	0.4988	0.5070	0.5871	0.4978	0.4066	0.5849	0.4131	0.4985	0.5078
0.4177	0.5911	0.4063	0.3164	0.5898	0.5025	0.4920	0.5037	0.4956	0.4038	0.5924	0.4988	0.5070	0.4093	0.4978	0.5065	0.4148	0.4131	0.4985	0.5078
0.4177	0.5911	0.4063	0.3164	0.5898	0.5025	0.4920	0.5037	0.4956	0.4038	0.5924	0.4988	0.5070	0.4947	0.4878	0.5065	0.6765	0.4131	0.4985	0.5078
0.4177	0.5911	0.4282	0.3164	0.5898	0.5025	0.4920	0.5037	0.4956	0.4038	0.5924	0.4988	0.5070	0.4947	0.4878	0.5065	0.6765	0.4131	0.4985	0.5078
0.4177	0.5911	0.4282	0.3164	0.5898	0.5025	0.4920	0.5037	0.4956	0.4038	0.5924	0.4988	0.5070	0.4947	0.4878	0.5065	0.6765	0.4131	0.4985	0.5078
0.4177	0.5911	0.4282	0.5045	0.5898	0.5025	0.4920	0.5037	0.4956	0.4038	0.5924	0.4988	0.4063	0.4947	0.4878	0.5065	0.6765	0.4131	0.4985	0.5078
0.4963	0.5911	0.4282	0.5045	0.5898	0.5025	0.4920	0.5037	0.4956	0.4038	0.5924	0.4988	0.4063	0.4947	0.4878	0.5065	0.6765	0.4131	0.4985	0.5078
0.4963	0.5911	0.6043	0.4148	0.5898	0.5025	0.4920	0.5037	0.4956	0.4038	0.5924	0.4988	0.4063	0.4947	0.4878	0.5065	0.6765	0.4131	0.4985	0.5078
0.4963	0.5072	0.6043	0.4148	0.4945	0.5025	0.4920	0.5037	0.4956	0.4038	0.5924	0.4988	0.4063	0.4947	0.4878	0.5065	0.6765	0.4131	0.4985	0.5078
0.4963	0.5072	0.6043	0.4148	0.4945	0.5025	0.4920	0.4134	0.4956	0.4038	0.5924	0.4988	0.4063	0.4947	0.4878	0.5065	0.4949	0.4131	0.4985	0.5078
0.4963	0.5072	0.6043	0.4148	0.4945	0.5025	0.4920	0.4134	0.4956	0.4038	0.5924	0.4988	0.4063	0.4947	0.4878	0.5065	0.5099	0.4131	0.4985	0.5078
0.4963	0.5072	0.6101	0.4148	0.5978	0.5025	0.4920	0.4134	0.4956	0.4136	0.5924	0.4988	0.4063	0.4947	0.5000	0.5065	0.5099	0.4131	0.4985	0.5078
0.4963	0.5072	0.5130	0.4108	0.5978	0.5025	0.4920	0.4134	0.4956	0.4836	0.5924	0.4988	0.4063	0.4947	0.5000	0.5065	0.5099	0.4131	0.4998	0.5078
0.4963	0.5072	0.5130	0.4108	0.4989	0.5025	0.4920	0.4134	0.4956	0.4836	0.5924	0.4988	0.4063	0.4947	0.5000	0.5065	0.5099	0.4131	0.4998	0.5078
0.4963	0.5072	0.5130	0.4986	0.4989	0.5025	0.4059	0.4134	0.4956	0.4836	0.5924	0.4988	0.4063	0.4947	0.5000	0.5065	0.5099	0.4131	0.4998	0.5078
0.4963	0.5072	0.3996	0.4986	0.4989	0.5025	0.4059	0.4134	0.4956	0.3155	0.5924	0.4988	0.4063	0.4947	0.5000	0.5065	0.5099	0.4131	0.4998	0.5078
0.4963	0.5072	0.3996	0.4986	0.4989	0.5025	0.4059	0.4134	0.4956	0.3155	0.5924	0.4988	0.4063	0.4947	0.5000	0.5065	0.5099	0.4131	0.4998	0.5078
0.4963	0.5072	0.5085	0.4986	0.4989	0.5025	0.4059	0.4134	0.4956	0.3155	0.5924	0.4988	0.4063	0.4947	0.5000	0.5065	0.5099	0.4131	0.4998	0.5078
0.4963	0.5072	0.5085	0.4986	0.4989	0.5025	0.4059	0.4134	0.4956	0.3155	0.5924	0.4988	0.4063	0.4947	0.5000	0.5065	0.5099	0.4131	0.4998	0.5078
0.4963	0.5072	0.5085	0.4986	0.4989	0.5025	0.4059	0.4134	0.4956	0.3155	0.5924	0.4988	0.4063	0.4947	0.5000	0.5065	0.5099	0.4131	0.4998	0.5078
0.4963	0.5072	0.5085	0.4986	0.4989	0.5025	0.4059	0.4134	0.4956	0.3155	0.5924	0.4988	0.4063	0.4947	0.5000	0.5065	0.5972	0.4131	0.4998	0.5078
0.4963	0.5072	0.4175	0.4986	0.4989	0.5025	0.4059	0.4134	0.4956	0.3155	0.5924	0.4950	0.4063	0.4947	0.5000	0.5065	0.5972	0.4131	0.4998	0.5078
0.4963	0.5072	0.4175	0.4986	0.4989	0.5025	0.4059	0.4134	0.4956	0.3155	0.5924	0.4950	0.4063	0.4947	0.5000	0.5065	0.4087	0.4131	0.4998	0.5078
0.4963	0.5072	0.4175	0.4986	0.4989	0.5025	0.4059	0.4134	0.4956	0.3155	0.5924	0.4950	0.4063	0.4947	0.5000	0.5065	0.4087	0.4131	0.4998	0.5078
0.4963	0.5072	0.4175	0.4986	0.4989	0.5025	0.4059	0.4134	0.4956	0.3155	0.5924	0.4950	0.4063	0.4947	0.5000	0.5065	0.5917	0.4131	0.4998	0.5078
0.4963	0.5072	0.4175	0.4986	0.4989	0.5025	0.4059	0.4134	0.4956	0.3155	0.5924	0.4950	0.4063	0.4947	0.5000	0.5065	0.5917	0.4131	0.4998	0.5078
0.4963	0.5072	0.4175	0.4986	0.4989	0.5025	0.4059	0.4134	0.5867	0.3155	0.5924	0.4950	0.4063	0.4947	0.5000	0.5065	0.5917	0.4131	0.4998	0.5078
0.4963	0.5072	0.4175	0.4986	0.4989	0.5025	0.4059	0.4134	0.5867	0.3155	0.5924	0.4950	0.4063	0.4947	0.5000	0.5065	0.5917	0.4131	0.4998	0.5078
0.4963	0.5072	0.4175	0.4986	0.4989	0.5025	0.4059	0.4134	0.5867	0.3155	0.5924	0.4950	0.4063	0.4947	0.5000	0.5065	0.5917	0.4131	0.4998	0.5078
0.4963	0.5072	0.4175	0.4986	0.4989	0.5025	0.4059	0.4134	0.5867	0.3155	0.5924	0.4950	0.4063	0.4947	0.5000	0.4914	0.5917	0.4131	0.4998	0.5078
0.4963	0.5072	0.4175	0.4986	0.4989	0.5025	0.4059	0.4134	0.5867	0.3155	0.5924	0.4950	0.4063	0.4947	0.5000	0.4914	0.5917	0.4131	0.4998	0.5078
0.4963	0.5072	0.4175	0.4986	0.4989	0.5025	0.4059	0.4134	0.5867	0.5002	0.5924	0.4950	0.4063	0.4947	0.5000	0.4914	0.5917	0.4131	0.4998	0.5078
0.4963	0.5072	0.4175	0.4986	0.4989	0.5025	0.4059	0.4134	0.5867	0.5002	0.5924	0.4950	0.4063	0.4947	0.5000	0.4914	0.5917	0.4131	0.4998	0.5078
0.4963	0.5072	0.4175	0.4986	0.4989	0.5025	0.4059	0.4134	0.5867	0.5002	0.5924	0.4950	0.4063	0.4947	0.5000	0.4914	0.5917	0.4131	0.4998	0.5078
0.4963	0.5072	0.4175	0.4986	0.4989	0.5025	0.4059	0.4134	0.5867	0.5002	0.5924	0.4950	0.4063	0.4947	0.5000	0.4914	0.5917	0.4131	0.4998	0.5078
0.4963	0.5072	0.4175	0.4986	0.4989	0.5025	0.4059	0.4134	0.5867	0.5002	0.5924	0.4950	0.5007	0.4947	0.5000	0.4914	0.5917	0.4131	0.4998	0.5078
0.4963	0.5072	0.4175	0.4986	0.4989	0.5025	0.4059	0.4134	0.5867	0.5002	0.5924	0.4950	0.5007	0.4947	0.5000	0.4914	0.5917	0.4131	0.4998	0.5078
0.4963	0.5072	0.4175	0.4986	0.4989	0.5025	0.4059	0.4134	0.5867	0.5002	0.5924	0.4950	0.5007	0.4947	0.5000	0.4914	0.5917	0.4131	0.4998	0.5078
0.4963	0.5072	0.4175	0.4986	0.4989	0.5025	0.4059	0.4134	0.5867	0.5002	0.5924	0.4950	0.5007	0.4947	0.5000	0.4914	0.5917	0.4131	0.4998	0.5955
0.4963	0.5072	0.4175	0.4986	0.4989	0.5025	0.4059	0.4134	0.5930	0.5002	0.5924	0.4950	0.5007	0.4947	0.5000	0.4914	0.5917	0.4131	0.4998	0.5955
0.4963	0.5072	0.4175	0.4986	0.4989	0.5025	0.4059	0.4134	0.5930	0.5002	0.5924	0.4950	0.5007	0.4947	0.5000	0.4914	0.5917	0.4131	0.4998	0.5955
0.4963	0.5072	0.4175	0.4986	0.4989	0.5025	0.4059	0.4134	0.5930	0.5002	0.5924	0.4950	0.5007	0.4947	0.5000	0.4914	0.5917	0.4131	0.4998	0.5955
0.4963	0.5072	0.4175	0.4986	0.4989	0.5025	0.4059	0.4134	0.5930	0.5002	0.5003	0.4950	0.5007	0.4947	0.5000	0.4914	0.5917	0.4131	0.4998	0.5955
0.4963	0.5072	0.4175	0.4986	0.4989	0.5025	0.4059	0.4134	0.5930	0.5002	0.5003	0.4950	0.5007	0.4947	0.5000	0.4914	0.5917	0.4131	0.4998	0.5955
0.4963	0.5072	0.4175	0.4986	0.4989	0.5025	0.4059	0.4134	0.5930	0.6806	0.5003	0.4950	0.5007	0.4947	0.5000	0.4914	0.5917	0.4131	0.4998	0.5955
0.4963	0.5072	0.4175	0.4986	0.4989	0.5025	0.4059	0.4134	0.5930	0.6806	0.5003	0.4950	0.5007	0.4947	0.5000	0.4914	0.5917	0.4131	0.4998	0.5955
0.4963	0.5072	0.4175	0.4986	0.4989	0.5025	0.4059	0.4134	0.5930	0.6806	0.5003	0.4950	0.5007	0.4947	0.5000	0.4914	0.5917	0.4131	0.4998	0.5955
0.4963	0.5072	0.4175	0.4986	0.4989	0.5025	0.4059	0.4134	0.5930	0.6806	0.5003	0.4950	0.5007	0.4947	0.5000	0.4914	0.5917	0.4131	0.4998	0.5955
0.4963	0.5072	0.4175	0.4986	0.4989	0.5025	0.4059	0.4134	0.5930	0.6806	0.5003	0.4950	0.5007	0.4947	0.5000	0.4914	0.5917	0.4131	0.4998	0.5955
0.4963	0.5072	0.4175	0.4986	0.4989	0.5025	0.4059	0.4134	0.5930	0.5793	0.5003	0.4950	0.5007	0.4947	0.5000	0.4914	0.5917	0.4131	0.4998	0.5955
0.4963	0.5072	0.4175	0.4986	0.4989	0.5025	0.4059	0.4134	0.5930	0.5793	0.5003	0.4950	0.5007	0.4947	0.5000	0.4914	0.5917	0.4131	0.4998	0.5955
0.4963	0.5012	0.4175	0.4986	0.4989	0.5025	0.4059	0.4134	0.5930	0.5793	0.5003	0.4950	0.5007	0.4947	0.5000	0.4914	0.5917	0.4131	0.4998	0.5955
0.4963	0.5012	0.4175	0.4986	0.4989	0.5025	0.4059	0.4134	0.5930	0.5793	0.5003	0.4950	0.5007	0.4947	0.5000	0.4914	0.5917	0.4131	0.4998	0.5955
0.4963	0.5012	0.4175	0.4986	0.4989	0.5025	0.4059	0.4134	0.5930	0.5793	0.5003	0.4950	0.5007	0.4947	0.5000	0.4914	0.5917	0.4131	0.4998	0.5955
0.4963	0.5012	0.4175	0.4986	0.4989	0.5025	0.4059	0.4134	0.5930	0.5793	0.5003	0.4950	0.5007	0.4947	0.5000	0.4914	0.5917	0.4131	0.4998	0.5955
0.4963	0.5012	0.4175	0.4986	0.4989	0.5025	0.4059	0.4134	0.5930	0.5793	0.5003	0.4950	0.5007	0.4947	0.5000	0.4914	0.5917	0.4131	0.4998	0.5955
0.4963	0.5012	0.4175	0.4986	0.4989	0.5025	0.4059	0.4134	0.5930	0.5127	0.5003	0.4950	0.5007	0.4947	0.5000	0.4914	0.5917	0.4131	0.4998	0.5955
0.4963	0.5012	0.4175	0.4986	0.4989	0.5025	0.4059	0.4134	0.5930	0.5127	0.5003	0.4950	0.5007	0.4947	0.5000	0.4914	0.5917	0.4131	0.4998	0.5955
0.4963	0.5012	0.4175	0.4986	0.4989	0.5025	0.4059	0.4134	0.5930	0.5127	0.5003	0.4950	0.5007	0.4947	0.5000	0.4914	0.5917	0.4131	0.4998	0.5955
