0.8312	0.1112	0.0147	0.5588	0.3115	0.7161	0.4405	0.0754	0.4494	0.9837
0.6920	0.9731	0.0458	0.2405	1.0000	0.8441	1.0000	0.7603	0.5146	0.2261
0.3977	0.8095	0.6902	0.6505	0.5100	0.8446	0.0000	0.4969	0.8968	0.4004
0.4071	1.0000	0.0050	0.3424	0.0000	0.3543	0.9126	0.4969	0.5291	0.4268
0.4071	0.2435	0.6889	0.0000	0.1381	0.8420	0.3622	0.4969	0.3380	0.4058
0.3796	0.0000	0.4290	0.4132	0.5414	0.2363	0.6965	0.4969	0.5361	0.0000
0.5524	0.0825	0.9606	0.5930	0.2553	0.4053	0.2787	0.4969	0.2587	0.6293
0.6082	0.6590	0.4845	0.7618	0.0000	0.3962	0.4969	0.4969	0.3329	0.1821
0.5153	0.6444	0.4862	0.5301	0.4980	0.3962	0.5914	0.4969	0.0000	0.6851
0.5700	0.9063	0.4862	1.0000	0.4145	0.4144	0.7722	0.7720	1.0000	0.5999
0.5700	0.2960	0.4862	0.5855	0.1338	0.4144	0.7722	0.5760	0.4860	1.0000
0.5700	0.0000	0.4862	1.0000	0.0000	0.4217	0.4932	0.5760	0.5039	0.0901
0.5700	0.1075	0.5160	0.5957	0.7078	0.4217	0.4932	0.5760	0.6268	0.2799
0.6770	0.0000	0.0000	0.3234	0.5762	0.4170	0.4932	0.4976	0.9645	0.4874
0.3133	0.2105	0.0000	0.5287	0.9503	0.4170	0.4932	0.4976	0.3163	0.3002
0.5191	0.5855	0.3238	0.3141	1.0000	0.4170	0.4932	0.5163	0.0000	0.4716
0.4993	0.4995	0.3461	0.4237	0.5639	0.4994	0.4932	0.7030	0.7694	0.4942
0.4993	0.7350	0.3265	0.4037	1.0000	0.4994	0.4932	0.4154	0.6264	0.2251
0.4898	0.4635	0.4510	1.0000	0.5177	0.4994	0.4932	0.5071	0.5956	0.2251
0.4898	1.0000	0.5855	0.5166	0.5177	0.4994	0.3253	0.5071	0.5956	0.2414
0.4898	0.4072	0.6851	0.1093	0.5177	0.4994	0.2339	0.3662	0.5956	0.5723
0.4898	0.0000	0.2097	0.8787	0.5177	0.4994	0.2339	0.5905	0.5956	0.6036
0.4898	0.7647	0.3064	0.4807	0.5177	0.4994	0.4872	0.3175	0.5956	0.7590
0.4898	0.7647	0.5037	0.7734	0.5177	0.4994	0.4975	0.3175	0.5956	0.5027
0.4898	0.7647	0.1339	0.6092	0.5909	0.4994	0.4975	0.3328	0.5769	0.5027
0.4898	0.5074	0.5129	0.4931	0.3957	0.4994	0.3955	0.3328	0.5769	0.5027
0.4898	0.5074	0.6124	0.4931	0.3957	0.4994	0.6871	0.3328	0.5769	0.5027
0.4898	0.5074	0.6188	0.5020	1.0000	0.5045	0.2691	0.3328	0.5769	0.5027
0.4898	0.5074	0.5024	0.4922	0.6753	0.5045	0.4824	0.3328	0.5769	0.5027
0.4898	0.5074	0.5024	0.4922	0.6753	0.5045	0.4058	0.3328	0.5769	0.5027
0.4898	0.5074	0.5024	0.4922	0.4135	0.5045	0.5004	0.3328	0.5720	0.5027
0.4898	0.5074	0.4980	0.4922	0.4997	0.5045	0.5004	0.3328	0.5720	0.5027
0.4898	0.5074	0.4980	0.4922	0.4997	0.5045	0.5004	0.4759	0.5720	0.5027
0.4898	0.5074	0.4980	0.4922	0.5800	0.5045	0.4023	0.5679	1.0000	0.5027
0.4898	0.5074	0.4980	0.4922	0.5800	0.5045	0.4023	0.6902	0.5186	0.5027
0.4898	0.5074	0.4980	0.4922	0.5800	0.5045	0.4023	0.3922	0.5911	0.5027
0.3952	0.5074	0.4980	0.5811	0.5800	0.5045	0.4023	0.4854	0.5911	0.5027
0.3952	0.5074	0.4980	0.5811	0.5800	0.5045	0.4023	0.4854	0.5850	0.5027
0.3952	0.5074	0.4980	0.5811	0.5800	0.5045	0.4023	0.4854	0.5850	0.5027
0.3952	0.5074	0.4980	0.5811	0.5800	0.5045	0.4023	0.4854	0.5850	0.5027
0.3952	0.5074	0.4980	0.4089	0.5800	0.5045	0.4023	0.4854	0.7647	0.5027
0.3952	0.5074	0.4980	0.4089	0.5800	0.5045	0.4023	0.4914	0.5013	0.5027
0.3952	0.5074	0.4980	0.4089	0.5800	0.5045	0.4023	0.4914	0.5013	0.5027
0.3952	0.4122	0.4980	0.4089	0.5800	0.5045	0.4023	0.5818	0.5013	0.5027
0.3952	0.4122	0.4980	0.4089	0.5800	0.5045	0.4023	0.4754	0.5013	0.5027
0.4901	0.4122	0.4980	0.4089	0.5800	0.5045	0.4023	0.4754	0.4950	0.5027
0.4901	0.4122	0.4980	0.4089	0.5800	0.5045	0.4023	0.6690	0.4950	0.5027
0.4901	0.4122	0.4980	0.6046	0.4999	0.5045	0.4023	0.6690	0.4950	0.5027
0.5880	0.4122	0.4980	0.6046	0.4999	0.5045	0.4076	0.3224	0.4950	0.5027
0.5880	0.4122	0.4980	0.6046	0.5107	0.5045	0.4076	0.3224	0.4950	0.5027
0.5880	0.4122	0.5039	0.6046	0.5107	0.5045	0.4076	0.3224	0.4950	0.5027
0.4157	0.4122	0.5039	0.6046	0.5107	0.5045	0.4076	0.3224	0.4950	0.5027
0.4157	0.4122	0.5039	0.6046	0.5107	0.5045	0.4076	0.3224	0.4950	0.5027
0.4157	0.4122	0.5039	0.6046	0.5107	0.5045	0.4076	0.3224	0.4950	0.5027
0.4157	0.4122	0.5039	0.6046	0.5107	0.5045	0.4076	0.3224	0.4950	0.5027
0.4942	0.4122	0.5039	0.4204	0.5107	0.5045	0.4076	0.3224	0.4950	0.5027
0.4942	0.4122	0.5039	0.4204	0.5107	0.5045	0.4919	0.3224	0.4950	0.5027
0.4942	0.4122	0.5039	0.4044	0.5107	0.5045	0.4919	0.5056	0.4950	0.5027
0.4942	0.4122	0.4069	0.4044	0.5107	0.5045	0.4919	0.5056	0.4950	0.5027
0.4942	0.4122	0.4069	0.4044	0.5107	0.5045	0.4919	0.5056	0.4950	0.5027
0.4942	0.4122	0.4069	0.4044	0.5107	0.5045	0.4919	0.5056	0.4950	0.5027
0.4942	0.4122	0.4069	0.4044	0.5107	0.5045	0.4919	0.5056	0.4950	0.5027
0.4942	0.4122	0.4069	0.4116	0.5107	0.5045	0.4919	0.5056	0.4950	0.5027
0.4942	0.4122	0.4069	0.4116	0.4885	0.5045	0.4919	0.5056	0.5953	0.5027
0.4942	0.4122	0.4069	0.4116	0.4885	0.5045	0.4919	0.5056	0.5953	0.5027
0.4942	0.4122	0.4069	0.4116	0.4885	0.5045	0.4919	0.5056	0.5953	0.5027
0.4942	0.4122	0.4069	0.4116	0.4184	0.5045	0.4919	0.5056	0.5953	0.5027
0.4942	0.4122	0.4069	0.4116	0.4184	0.5045	0.5022	0.4076	0.5891	0.5027
0.4942	0.4122	0.4069	0.4116	0.5056	0.5045	0.5022	0.4076	0.5891	0.5027
0.4942	0.4122	0.4069	0.4116	0.5056	0.5045	0.5022	0.4076	0.5891	0.5027
0.4942	0.4122	0.4069	0.4116	0.5056	0.5045	0.5022	0.4076	0.5891	0.5027
0.4942	0.4122	0.4069	0.4116	0.5056	0.5045	0.5022	0.4076	0.5891	0.5027
0.4942	0.4122	0.4069	0.4116	0.5056	0.5045	0.5022	0.5975	0.5891	0.5027
0.4942	0.4122	0.4069	0.4116	0.5056	0.5045	0.5022	0.5975	0.4013	0.5027
0.4942	0.4122	0.5034	0.4116	0.5056	0.5045	0.5022	0.5975	0.4013	0.5027
0.4942	0.4122	0.5034	0.4116	0.5056	0.5045	0.5022	0.5975	0.5867	0.5027
0.4942	0.4122	0.5034	0.4116	0.5056	0.5045	0.5022	0.5975	0.5867	0.5027
0.4942	0.4122	0.5034	0.4116	0.5056	0.5045	0.5925	0.5975	0.5867	0.5027
0.4942	0.4122	0.5034	0.4116	0.5056	0.5045	0.5925	0.5975	0.5867	0.5027
0.4198	0.4122	0.5034	0.4116	0.5056	0.5045	0.5925	0.5975	0.5867	0.5027
0.4198	0.4122	0.5034	0.4116	0.5056	0.5045	0.5925	0.5975	0.5867	0.5027
0.4198	0.4122	0.5034	0.4116	0.5056	0.5045	0.5925	0.5975	0.5867	0.5027
0.4198	0.4122	0.5034	0.4116	0.5056	0.5045	0.5925	0.5975	0.5867	0.5027
0.4198	0.4122	0.5034	0.4116	0.5056	0.5045	0.5925	0.5975	0.5867	0.5027
0.4988	0.4122	0.4976	0.4116	0.5056	0.5045	0.5925	0.4936	0.5867	0.5027
0.4988	0.4122	0.4976	0.4116	0.5056	0.5045	0.5925	0.4936	0.5867	0.5027
0.4988	0.4122	0.4976	0.4116	0.5056	0.5045	0.5925	0.4936	0.4105	0.5027
0.4988	0.4122	0.4976	0.4116	0.5056	0.5045	0.5925	0.4936	0.4105	0.5027
0.4988	0.4122	0.4976	0.4116	0.5056	0.5045	0.5925	0.4936	0.4105	0.4991
0.4988	0.4122	0.5015	0.4116	0.5056	0.5045	0.5925	0.4936	0.4105	0.4991
0.4988	0.4122	0.5015	0.4116	0.5056	0.5045	0.5925	0.4936	0.4105	0.4991
0.4988	0.4122	0.5015	0.4116	0.5027	0.5045	0.5925	0.4936	0.4105	0.4991
0.4988	0.4122	0.5015	0.4116	0.5027	0.5045	0.5925	0.4936	0.4105	0.4991
0.4988	0.4122	0.5015	0.4116	0.5027	0.5045	0.5925	0.4936	0.4105	0.4991
0.4988	0.4122	0.5015	0.4116	0.5027	0.5045	0.5925	0.4936	0.4105	0.4991
0.4988	0.4122	0.5015	0.4116	0.5027	0.5045	0.5925	0.4936	0.4105	0.4991
0.4988	0.4122	0.5015	0.4116	0.5027	0.5045	0.5925	0.4936	0.4105	0.4991
0.4988	0.4122	0.5015	0.4116	0.5027	0.5045	0.5925	0.4936	0.4105	0.4991
0.4988	0.4122	0.5015	0.4116	0.5027	0.5045	0.5925	0.4936	0.5027	0.4991
0.4988	0.4122	0.5015	0.4116	0.5027	0.5045	0.5925	0.4936	0.5053	0.4991
0.4988	0.4122	0.5015	0.4116	0.5027	0.5045	0.5925	0.4936	0.5053	0.4991
