0.5167	0.2423	0.6868	0.5513	0.5950	0.7077	0.7110	0.4921	0.4246	0.9830	0.9877	0.4774	0.4962	0.2954	0.0932	0.2441	0.5547	0.5741	0.4759	0.6113
1.0000	0.8149	0.4490	1.0000	0.0626	0.4537	0.0000	0.9682	0.3387	0.7327	0.4849	0.7654	0.5399	0.5515	0.7242	0.8338	0.5991	0.2912	0.6806	0.3093
0.5272	0.5089	0.5588	0.5433	0.6833	0.8321	0.1003	0.0205	0.0950	1.0000	0.3635	0.7839	0.5476	0.3811	0.5140	0.0000	0.4293	0.0253	0.1495	0.4972
0.4913	0.4775	0.0000	0.6669	0.8590	0.5614	0.3558	0.7633	0.7923	1.0000	0.5195	0.8235	1.0000	0.1902	0.4981	0.5983	1.0000	1.0000	0.5903	0.4560
0.0000	0.4775	1.0000	0.2091	1.0000	0.0000	0.2090	0.8756	0.6056	0.5323	0.4264	0.4281	0.3506	0.0000	1.0000	0.5143	0.5274	0.0000	0.4354	0.4560
0.5095	0.0699	0.1115	0.5211	0.7335	0.3078	0.7773	0.7598	0.6856	0.4847	0.3379	0.5438	0.8106	0.4638	0.1119	0.5143	0.5274	1.0000	0.5977	0.4560
0.5853	0.4874	0.0000	0.9069	1.0000	0.0159	0.4704	0.5490	0.4440	0.4847	0.5125	0.5438	0.5214	0.4638	0.9356	0.2328	0.5346	0.2593	0.2842	0.4560
1.0000	0.8159	0.5059	0.2605	0.4628	0.1730	0.5245	0.5280	0.4440	0.4847	0.4904	0.5349	0.5214	0.4638	0.4895	0.0490	0.4853	1.0000	0.4850	0.5037
0.4247	0.6207	0.5059	0.4291	0.4628	0.0000	0.5245	0.5280	0.4440	0.4847	0.4904	0.5349	0.5010	0.4700	0.5748	0.3671	0.2664	0.5230	0.4850	0.5037
1.0000	0.4766	0.4805	0.1182	0.4628	0.5576	0.5245	0.1317	0.5021	0.4847	0.4883	0.5349	0.5010	0.4700	1.0000	0.0000	0.3144	0.3382	0.4911	0.5037
0.3154	1.0000	0.4956	0.5185	0.4628	0.4846	0.5245	0.7858	0.5021	0.4847	0.4883	0.5349	0.5010	0.4700	0.5992	0.9388	0.8072	0.4382	0.4911	0.5037
0.7057	0.5015	0.4956	0.4988	0.5165	1.0000	0.5245	0.2320	0.5021	0.4847	0.4883	0.5349	0.5010	0.5037	1.0000	0.5486	0.5122	0.4382	0.4911	0.5037
0.5452	0.4652	0.4956	0.2298	0.5165	0.0000	0.5245	0.5947	0.5021	0.4847	0.4883	0.5349	0.5010	0.5662	0.8933	0.8921	0.5122	0.4724	0.4911	0.5169
0.2477	1.0000	0.4956	1.0000	0.5165	0.3465	0.4912	0.5548	0.5021	0.4847	0.4883	0.5349	0.5010	0.5662	0.0000	0.5093	0.5122	0.4557	0.4911	0.5169
0.6600	0.5031	0.4956	0.0736	0.5165	0.4529	0.4912	0.4985	0.5021	0.4847	0.4883	0.5349	0.5010	0.5662	0.5091	0.5869	0.2169	0.4557	0.5465	0.5169
0.4675	0.1566	0.4956	0.7964	0.5165	0.4529	0.4912	0.4985	0.5021	0.4847	0.4883	0.4981	0.5010	0.8964	0.4969	0.5599	0.0000	0.0849	0.5370	0.5169
0.4675	0.5867	0.4956	0.1148	0.5165	0.4570	0.4912	0.5023	0.5021	0.4847	0.4883	0.4981	0.5010	0.5632	0.0000	0.5253	0.6386	1.0000	0.5370	0.5169
0.4675	0.4391	0.4956	0.4806	0.5165	0.1730	0.4912	0.5023	0.5063	0.4847	0.4883	0.4981	0.5010	0.5632	0.7918	0.1821	0.4050	0.5436	0.5370	0.5130
0.4556	0.6595	0.4956	0.5710	0.5165	0.0000	0.4520	0.1230	0.5063	0.4847	0.4883	0.4981	0.5010	0.5632	0.5087	0.5287	0.5777	0.5144	0.5370	0.5051
0.4556	0.5365	0.4578	0.4718	0.5165	0.3987	0.8846	0.4541	0.5063	0.4847	0.4883	0.4981	0.5010	0.5632	0.5087	0.3152	0.5286	0.6099	0.5370	0.5051
0.4687	0.5365	0.5072	1.0000	0.5196	1.0000	0.4233	0.4541	0.5063	0.4847	0.4883	0.4981	0.5010	0.7358	0.5087	0.4542	0.4913	0.5727	0.5370	0.5051
0.5071	0.5365	0.5072	0.4523	0.5196	0.5309	1.0000	0.4541	0.5063	0.4847	0.4883	0.4981	0.5010	0.4505	0.5087	0.5227	0.4913	0.8027	0.5370	0.5051
0.4999	0.5365	0.5072	0.4523	0.5196	0.5125	0.5523	0.4541	0.5063	0.4847	0.4883	0.4981	0.5077	0.4671	0.5087	0.4366	0.6926	0.4515	0.5370	0.5051
0.4999	0.5365	0.4786	0.4507	0.5196	0.5125	0.0000	0.4541	0.5063	0.4847	0.4883	0.4981	0.5077	0.4671	0.5087	0.4366	0.5307	0.5236	0.5370	0.5051
0.4999	0.5128	0.4786	0.4507	0.5196	0.5125	0.0000	0.4541	0.5245	0.4847	0.4953	0.4981	0.5077	0.4624	0.5087	0.4379	0.5307	0.5236	0.5370	0.4878
0.5095	0.5128	0.4786	0.5048	0.5196	0.5125	0.1982	0.4541	0.5245	0.5091	0.4953	0.4981	0.5077	0.5499	0.5087	0.4379	0.5307	0.4636	0.5370	0.4878
0.5095	0.5128	0.4786	0.5048	0.5196	0.5125	0.4762	0.4541	0.4702	0.5050	0.4953	0.4981	0.5077	0.5499	0.5087	0.5301	0.5307	0.4636	0.5370	0.4878
0.5095	0.4704	0.4786	0.5048	0.5196	0.5125	0.5595	0.5066	0.4702	0.5050	0.4953	0.4981	0.5077	1.0000	0.5087	0.5301	0.5307	0.4636	0.5370	0.4878
0.5095	0.4704	0.4786	0.5048	0.5097	0.5125	0.5166	0.5066	0.4702	0.5050	0.4953	0.4981	0.5077	0.5052	0.5087	0.4976	0.5307	0.4636	0.5370	0.4878
0.5095	0.4704	0.4786	0.5048	0.5097	0.5125	0.5166	0.5066	0.4702	0.5050	0.4953	0.4981	0.5138	0.5574	0.5087	0.4976	0.5710	0.4636	0.5370	0.4878
0.5095	0.4634	0.4786	0.5048	0.5097	0.5125	0.5166	0.5066	0.4702	0.5050	0.4953	0.4981	0.5138	0.5574	0.5087	0.5224	0.5616	0.4636	0.5163	0.4878
0.5095	0.4634	0.4786	0.5048	0.4692	0.5339	0.5166	0.5411	0.4702	0.5050	0.4953	0.4981	0.5138	0.5574	0.5087	0.5224	0.5616	0.4636	0.5163	0.4878
0.5095	0.4634	0.5204	0.5048	0.4692	0.5339	0.5036	0.5411	0.4702	0.5050	0.4953	0.4981	0.5138	0.5574	0.5359	0.5014	0.5616	0.4636	0.5163	0.4878
0.5095	0.4634	0.5204	0.5048	0.5109	0.5339	0.5036	0.5411	0.4702	0.5169	0.4953	0.4981	0.5391	0.4570	0.5359	0.5014	0.5616	0.4919	0.5163	0.4878
0.5095	0.4634	0.5449	0.5048	0.5109	0.4721	0.5036	0.5411	0.4702	0.5169	0.4953	0.4981	0.5391	0.4570	0.4981	0.5133	0.4399	0.5040	0.5163	0.4878
0.5095	0.4634	0.5449	0.5048	0.5109	0.4721	0.5036	0.5411	0.4702	0.5169	0.4953	0.4889	0.5391	0.4570	0.4981	0.5133	0.4399	0.5040	0.5281	0.4878
0.5095	0.4634	0.5449	0.5048	0.5109	0.4721	0.5036	0.5411	0.4702	0.5169	0.4953	0.4889	0.5391	0.4570	0.4981	0.5133	0.5379	0.5040	0.5281	0.4878
0.5095	0.4634	0.4755	0.5048	0.5109	0.4721	0.5036	0.5367	0.4996	0.5169	0.4953	0.4889	0.5391	0.4570	0.5198	0.5133	0.7546	0.4848	0.5281	0.4878
0.5095	0.4854	0.4798	0.5048	0.5109	0.4721	0.5036	0.5367	0.4996	0.5169	0.4953	0.4889	0.5391	0.4570	0.5198	0.5133	0.4725	0.4848	0.5281	0.4878
0.5095	0.4854	0.4798	0.5048	0.5023	0.4721	0.5036	0.5367	0.4996	0.5169	0.4953	0.4889	0.5391	0.5000	0.5198	0.5133	0.4725	0.4848	0.5281	0.4878
0.5095	0.4854	0.4798	0.5048	0.5023	0.4744	0.5036	0.4713	0.4996	0.5169	0.4953	0.4889	0.4848	0.5000	0.5198	0.5133	0.4725	0.4848	0.5281	0.4878
0.5095	0.4854	0.4798	0.5048	0.5023	0.5548	0.5036	0.4713	0.4996	0.5169	0.4953	0.4889	0.4848	0.5000	0.5198	0.5133	0.4725	0.4977	0.5281	0.4878
0.5095	0.4854	0.4798	0.5048	0.5023	0.4438	0.5036	0.4713	0.4996	0.5169	0.4953	0.4889	0.4848	0.5000	0.5198	0.5133	0.4725	0.4977	0.5281	0.5184
0.5095	0.4854	0.4798	0.5048	0.5023	0.5667	0.5036	0.5185	0.4996	0.5169	0.4953	0.4889	0.4848	0.5000	0.5198	0.5133	0.4725	0.4977	0.5281	0.5184
0.5095	0.4854	0.4798	0.4903	0.5023	0.5667	0.5115	0.5185	0.4996	0.5169	0.4953	0.4889	0.4848	0.5000	0.5198	0.5133	0.4725	0.4977	0.5281	0.5184
0.5095	0.4854	0.4798	0.4903	0.5023	0.5667	0.5115	0.5185	0.4996	0.5169	0.4953	0.4889	0.4848	0.5000	0.5198	0.5133	0.4725	0.4977	0.5154	0.5184
0.5095	0.4854	0.4798	0.4903	0.5023	0.5667	0.5115	0.5185	0.4996	0.4897	0.4953	0.4889	0.4848	0.5000	0.5198	0.5133	0.4725	0.4977	0.5154	0.5184
0.5095	0.4849	0.4798	0.4903	0.5023	0.5667	0.5115	0.5185	0.4624	0.4897	0.4953	0.4889	0.4848	0.5000	0.5239	0.5133	0.4822	0.4977	0.5154	0.5184
0.5095	0.4849	0.5376	0.4903	0.5023	0.4449	0.5115	0.5099	0.4624	0.4897	0.4953	0.4889	0.4848	0.5000	0.5239	0.5133	0.4822	0.4977	0.5154	0.5184
0.5095	0.4849	0.5376	0.4934	0.5023	0.4449	0.5115	0.5099	0.4624	0.4897	0.4953	0.4889	0.4848	0.5000	0.5239	0.5133	0.4426	0.4977	0.5227	0.5184
0.5095	0.4849	0.5376	0.4934	0.5023	0.4449	0.5115	0.5099	0.4624	0.4897	0.4953	0.4889	0.4848	0.5000	0.5239	0.5133	0.5322	0.4977	0.5227	0.5184
0.5095	0.4849	0.5376	0.4934	0.5023	0.4449	0.5115	0.5150	0.4624	0.4897	0.4953	0.4889	0.4848	0.5000	0.5239	0.5253	0.5322	0.4977	0.5227	0.5184
0.5095	0.4849	0.5376	0.4934	0.5023	0.4449	0.5115	0.5150	0.4624	0.4897	0.4953	0.4889	0.4848	0.5000	0.4692	0.5253	0.5322	0.4977	0.5227	0.5184
0.5095	0.4849	0.5376	0.4934	0.5023	0.5543	0.5115	0.5150	0.4725	0.4897	0.4953	0.4889	0.4848	0.5000	0.4692	0.5253	0.5322	0.4977	0.4518	0.5184
0.5095	0.5238	0.5376	0.4934	0.5023	0.5543	0.5115	0.5150	0.4725	0.4897	0.4953	0.4889	0.4848	0.4979	0.4692	0.5253	0.5322	0.4977	0.4518	0.5184
0.5095	0.5238	0.5376	0.4934	0.5023	0.4496	0.5115	0.5150	0.4725	0.4897	0.4953	0.4889	0.4848	0.4979	0.5312	0.5253	0.5322	0.5074	0.4518	0.5184
0.5095	0.5238	0.5376	0.4934	0.4903	0.4496	0.5115	0.5150	0.4725	0.4897	0.4953	0.4889	0.4848	0.4979	0.5312	0.5253	0.5322	0.5074	0.4415	0.5184
0.5095	0.5238	0.5376	0.4934	0.4903	0.4496	0.5115	0.5150	0.4725	0.4897	0.4953	0.4889	0.4848	0.4979	0.5312	0.5253	0.5322	0.5074	0.4415	0.5184
0.5095	0.5238	0.5376	0.4934	0.4903	0.4496	0.5115	0.5150	0.5240	0.4897	0.4953	0.4889	0.4848	0.4979	0.5312	0.5253	0.5322	0.5074	0.4415	0.5184
0.5095	0.5238	0.5376	0.4934	0.4903	0.4496	0.5115	0.5150	0.5240	0.4897	0.4953	0.4889	0.4848	0.4979	0.5196	0.5253	0.5322	0.5074	0.4415	0.5184
0.5095	0.5238	0.5376	0.4934	0.4903	0.4496	0.5115	0.5150	0.5185	0.4897	0.4953	0.4889	0.4848	0.4979	0.5196	0.5253	0.5322	0.5074	0.4415	0.5184
0.5095	0.5238	0.5376	0.4934	0.4903	0.4496	0.5115	0.5150	0.5185	0.4897	0.4953	0.4889	0.4848	0.4979	0.5196	0.5253	0.5322	0.5074	0.4415	0.5184
0.5095	0.5238	0.5376	0.4934	0.4903	0.4496	0.5115	0.5150	0.5185	0.4897	0.4953	0.4889	0.4848	0.4979	0.5196	0.5311	0.5322	0.5074	0.4415	0.5184
0.5095	0.5238	0.5376	0.4934	0.4903	0.4496	0.4877	0.5150	0.5185	0.4897	0.4953	0.4889	0.4848	0.4979	0.5196	0.5311	0.4851	0.4948	0.4415	0.5184
0.5095	0.5238	0.5376	0.4813	0.4903	0.5088	0.4877	0.4972	0.5138	0.4897	0.4953	0.4889	0.4848	0.4979	0.5196	0.5311	0.4851	0.4948	0.4415	0.5184
0.5095	0.5238	0.5376	0.4813	0.4903	0.5088	0.4877	0.4972	0.5138	0.4897	0.4953	0.4889	0.4848	0.4979	0.5196	0.5311	0.4851	0.4948	0.4415	0.5184
0.5095	0.5238	0.5376	0.4813	0.4903	0.5088	0.4877	0.4972	0.5138	0.4897	0.4953	0.4889	0.4848	0.4979	0.5196	0.5311	0.4851	0.4948	0.4415	0.5184
0.5095	0.5238	0.4878	0.4813	0.4903	0.5088	0.4877	0.4972	0.5138	0.4897	0.4953	0.4889	0.4848	0.4979	0.5196	0.5311	0.4851	0.4948	0.5339	0.5184
0.5095	0.5238	0.4878	0.4813	0.4903	0.5088	0.4877	0.4972	0.5138	0.4897	0.4953	0.4889	0.4848	0.4979	0.5196	0.5311	0.4851	0.4948	0.5339	0.5184
0.5095	0.5238	0.4878	0.4813	0.4903	0.5088	0.4877	0.4972	0.5138	0.4897	0.4953	0.4889	0.4848	0.4979	0.5196	0.5311	0.4851	0.4948	0.5339	0.5184
0.5095	0.5238	0.4878	0.5221	0.4903	0.5088	0.5145	0.4990	0.4808	0.4897	0.4953	0.4889	0.4848	0.4979	0.5196	0.5311	0.4851	0.4948	0.5339	0.5184
0.5095	0.5238	0.4878	0.5221	0.4903	0.5088	0.5145	0.4990	0.4808	0.4897	0.4953	0.4889	0.4848	0.4979	0.5196	0.5311	0.4851	0.4948	0.5339	0.5184
0.5095	0.5238	0.4878	0.5221	0.4903	0.5088	0.5145	0.4990	0.4808	0.4897	0.4953	0.4889	0.4848	0.4979	0.5196	0.5311	0.4851	0.4948	0.5339	0.5184
0.5095	0.5238	0.4878	0.5221	0.4903	0.5526	0.5145	0.4990	0.4808	0.4897	0.4953	0.4889	0.4848	0.4979	0.4795	0.5311	0.4851	0.4948	0.5339	0.5184
0.5095	0.4928	0.4878	0.5221	0.4903	0.5526	0.5145	0.4990	0.4808	0.4897	0.4953	0.4889	0.4848	0.4979	0.4795	0.4958	0.4851	0.4948	0.5339	0.5184
0.5095	0.4928	0.4878	0.5221	0.4903	0.5085	0.5145	0.4990	0.4808	0.4897	0.4953	0.4889	0.4848	0.4979	0.4795	0.4958	0.5269	0.4948	0.5124	0.5184
0.5025	0.4928	0.4878	0.5221	0.4903	0.5085	0.5145	0.4990	0.4808	0.4897	0.4953	0.4889	0.4848	0.4979	0.4795	0.5128	0.5269	0.4948	0.5124	0.5184
0.5025	0.4928	0.4878	0.5221	0.4903	0.5085	0.5145	0.4990	0.4808	0.4897	0.4953	0.4889	0.4848	0.4979	0.4795	0.5128	0.5269	0.4948	0.5124	0.5184
0.5025	0.4928	0.4878	0.5221	0.4903	0.5085	0.5145	0.4990	0.4808	0.4897	0.4953	0.4889	0.4848	0.4979	0.4795	0.5128	0.5269	0.4948	0.5124	0.5184
0.5025	0.4928	0.4878	0.5221	0.4903	0.5085	0.4803	0.4990	0.4808	0.4897	0.4953	0.4889	0.4848	0.5107	0.4795	0.5128	0.5269	0.4948	0.5124	0.5184
0.5047	0.4928	0.4878	0.5221	0.4903	0.5085	0.4803	0.4990	0.4808	0.4897	0.4953	0.4889	0.4848	0.5107	0.4795	0.5128	0.5269	0.4948	0.5124	0.5184
0.5047	0.4928	0.4878	0.5221	0.4903	0.5085	0.4803	0.4990	0.4975	0.4897	0.4953	0.4889	0.4848	0.5107	0.4795	0.5128	0.4882	0.4948	0.5124	0.5184
0.5047	0.4928	0.4878	0.5221	0.4903	0.5085	0.4803	0.4990	0.4975	0.4897	0.4953	0.4889	0.4848	0.5107	0.4795	0.5128	0.4882	0.4948	0.5124	0.5184
0.5047	0.4928	0.4878	0.5221	0.4903	0.5085	0.4803	0.4990	0.4975	0.4897	0.4953	0.4889	0.4848	0.5107	0.4795	0.5128	0.4882	0.5080	0.4774	0.5184
0.5047	0.4928	0.4878	0.5221	0.4903	0.5085	0.4803	0.4990	0.4975	0.4897	0.4953	0.4889	0.4848	0.5107	0.4795	0.5128	0.4882	0.4998	0.4774	0.5184
0.5047	0.4928	0.4878	0.5221	0.4903	0.5085	0.4803	0.4990	0.4975	0.5009	0.4953	0.4889	0.4848	0.5107	0.4795	0.5128	0.4943	0.4998	0.4774	0.5184
0.5047	0.4928	0.4878	0.5221	0.4903	0.5085	0.4803	0.4990	0.4975	0.5009	0.4953	0.4889	0.4848	0.5107	0.4795	0.5128	0.4943	0.4998	0.4774	0.5184
0.5047	0.4928	0.4878	0.5221	0.4903	0.5085	0.4803	0.4990	0.4975	0.5009	0.4953	0.4889	0.4848	0.5107	0.4795	0.5128	0.4943	0.4998	0.4774	0.5184
0.5047	0.4928	0.4878	0.5221	0.4903	0.5085	0.4803	0.4990	0.4975	0.5009	0.4953	0.4889	0.4848	0.5107	0.4795	0.5128	0.4943	0.4998	0.4774	0.5184
0.5047	0.4928	0.4878	0.4896	0.4903	0.5085	0.4803	0.4990	0.4975	0.5009	0.4953	0.4889	0.4848	0.5107	0.4795	0.5128	0.4943	0.4998	0.4774	0.5184
0.5047	0.4928	0.4878	0.4896	0.4903	0.5085	0.4815	0.4990	0.4975	0.5009	0.4953	0.4889	0.4848	0.5107	0.5156	0.5128	0.4943	0.4998	0.4774	0.5184
0.5047	0.4928	0.4878	0.4896	0.4903	0.5085	0.4815	0.4990	0.4975	0.5009	0.4953	0.4889	0.4848	0.5107	0.5156	0.5128	0.4943	0.4998	0.4774	0.5184
0.5047	0.4928	0.4878	0.4896	0.4903	0.5085	0.4815	0.4990	0.4975	0.5009	0.4953	0.4889	0.4848	0.5107	0.5156	0.5128	0.4943	0.4998	0.4774	0.5184
0.5047	0.4928	0.4878	0.4896	0.4903	0.5085	0.4815	0.4990	0.4889	0.5009	0.4953	0.4889	0.4848	0.5107	0.5156	0.5128	0.4943	0.4998	0.4774	0.5184
0.5047	0.4928	0.4878	0.4896	0.4903	0.5085	0.4815	0.4990	0.4889	0.5009	0.4953	0.4889	0.4848	0.5107	0.5156	0.5128	0.4943	0.4998	0.4774	0.5184
0.5047	0.4928	0.4878	0.4896	0.4903	0.5085	0.4815	0.4990	0.4889	0.5009	0.4953	0.4889	0.4848	0.5107	0.5156	0.5128	0.4943	0.4998	0.4774	0.5184
0.5047	0.4928	0.4878	0.4896	0.4903	0.5085	0.4815	0.4990	0.4889	0.5009	0.4953	0.4889	0.4848	0.5107	0.5156	0.5128	0.4943	0.4998	0.4979	0.5184
0.5047	0.4928	0.4878	0.4896	0.4903	0.5085	0.4815	0.4990	0.4889	0.5009	0.4953	0.4889	0.4848	0.5107	0.5156	0.5128	0.4943	0.4998	0.4979	0.5184
0.5047	0.4928	0.4878	0.4938	0.4903	0.5085	0.4815	0.4990	0.4889	0.5009	0.4953	0.4889	0.4848	0.5107	0.5156	0.5128	0.4943	0.4998	0.4979	0.5184
0.5047	0.4928	0.4935	0.4938	0.4903	0.5085	0.4815	0.4990	0.4889	0.5009	0.4953	0.4889	0.4848	0.5107	0.5156	0.5128	0.4943	0.4998	0.4979	0.5184
0.4922	0.4928	0.4935	0.4938	0.4903	0.5085	0.4815	0.4990	0.4889	0.5009	0.4953	0.4889	0.4848	0.5107	0.5156	0.5128	0.4943	0.4998	0.4979	0.5184
