0.5164	0.8735	0.9718	0.6854	0.4681	0.0517	0.1270	0.6460	0.0015	0.3796	0.5563	0.9658	0.6036	0.5394	0.1027	0.6473	0.0659	0.6923	0.6316	0.9483
0.4165	0.8156	0.5876	0.0000	0.7787	0.7715	0.0000	0.3862	0.0000	0.1372	0.1439	1.0000	0.5733	0.8842	0.4878	0.3348	0.0126	0.9793	0.1937	0.2184
0.2300	0.8156	0.8562	0.7931	0.4516	0.4891	0.4397	0.8812	0.9878	0.0000	0.8047	0.1100	0.4127	0.0457	0.1921	0.4812	0.3637	1.0000	0.1210	0.5384
0.0000	0.1684	0.0358	0.0000	0.5006	0.4994	0.4724	0.8088	0.9796	1.0000	0.5628	0.3307	0.4949	0.0000	0.5479	0.5148	0.5064	0.5876	0.4535	0.0000
0.4983	0.9424	0.0000	0.4925	0.5006	0.7612	0.0000	0.4496	0.5273	0.2321	0.5628	1.0000	0.0000	0.2037	0.7964	0.0800	0.7082	0.4867	0.4535	0.6714
0.4983	0.0000	1.0000	0.4925	0.9649	0.4858	0.3668	0.5690	0.0000	0.4993	0.5628	1.0000	0.6595	0.1156	0.0000	0.1556	0.1652	0.4867	0.6368	1.0000
0.4983	0.2664	0.8037	0.4925	0.4271	0.6933	1.0000	0.5151	0.4081	0.8211	0.5628	0.0000	0.2703	0.4619	0.6430	0.6604	0.4788	0.4867	0.5110	0.0111
0.4983	0.7692	0.4914	0.4925	1.0000	0.0000	0.5344	0.5151	0.7200	0.5599	0.4774	0.9290	0.6036	0.4916	0.3900	0.1528	0.5652	0.9373	0.5857	0.6046
0.4983	0.3534	0.5419	0.4925	0.3421	1.0000	0.5503	0.5151	0.9011	0.9481	0.4774	1.0000	0.4114	0.1742	0.3677	0.5751	0.4726	0.8051	0.7732	0.8594
0.4983	0.4688	1.0000	0.6899	0.6788	0.0000	0.5503	0.5151	1.0000	0.5439	0.4774	0.7423	0.8023	0.0000	0.4450	0.5327	0.5040	0.0930	0.4631	0.5356
0.4983	0.0000	0.1609	0.2464	1.0000	0.5083	0.5503	0.5151	0.2516	0.4413	0.4774	0.9338	0.4880	0.6898	0.1346	0.4506	0.5040	1.0000	0.4631	0.0000
0.4983	0.4850	0.5249	0.5322	0.0000	0.5407	0.4621	0.5151	0.5067	0.4413	0.5527	0.3448	0.4860	0.5484	0.9180	0.4235	0.5040	0.9577	0.5147	0.6213
0.4983	0.4850	0.7286	0.1778	0.0000	0.2549	0.4621	0.5151	0.2171	0.4413	0.5527	0.4387	0.4860	0.2247	0.1387	0.5132	0.5040	1.0000	0.5147	0.0000
0.4983	0.4552	0.4731	0.9284	0.4710	0.4935	0.4898	0.5151	0.8274	0.4413	0.5527	0.4047	0.4860	0.4412	0.7688	0.1989	0.5040	0.5280	0.5147	0.2555
0.4983	1.0000	0.2823	0.9731	0.7805	0.4935	0.4898	0.5151	0.0000	0.4413	0.5527	1.0000	0.4860	0.9513	0.7730	0.4141	0.5040	1.0000	0.5147	0.2832
0.4983	0.0031	1.0000	0.4747	0.4988	0.4935	0.4898	0.5151	0.4844	0.4413	0.5028	0.7977	0.4860	0.5174	0.4591	0.6258	0.5040	0.6238	0.5147	0.0000
0.4983	0.5407	0.0758	0.4747	0.4981	0.4935	0.4898	0.5151	0.6966	0.4383	0.5028	0.4270	0.4860	0.4596	0.4591	0.4776	0.5040	0.5164	0.5147	0.0000
0.4786	0.5182	0.5211	0.4747	0.5196	0.4935	0.4898	0.5151	0.4436	0.4824	0.5028	0.0000	0.4860	1.0000	0.5480	0.7532	0.5040	0.5164	0.5147	0.5732
0.4786	0.0000	0.4964	0.4747	0.5196	0.5152	0.4898	0.5151	0.4447	0.4824	0.5028	0.4987	0.4860	0.5096	0.5480	0.1382	0.5040	0.5164	0.5147	0.5663
0.4580	1.0000	0.4964	0.4747	0.5196	0.4273	0.4898	0.5151	0.4447	0.4824	0.5028	0.4987	0.4860	0.4742	0.5480	0.4829	0.5040	0.5431	0.5147	0.4679
0.5645	0.5247	0.4964	0.4994	0.5196	1.0000	0.4898	0.5151	0.4447	0.4824	0.5028	0.4987	0.4860	0.4742	0.4751	0.4829	0.5040	0.5050	0.5147	0.1887
0.4831	0.5247	0.4964	0.4994	0.5196	0.1079	0.4898	0.5151	0.4447	0.5157	0.5028	0.5083	0.4860	1.0000	0.4751	0.4829	0.5040	0.5050	0.5147	0.5301
0.4831	0.5247	0.4964	0.4994	0.5196	0.4650	0.4898	0.5151	0.4447	0.4925	0.5028	0.5083	0.4860	0.1320	0.4751	0.4829	0.5040	0.5050	0.5147	0.4304
0.4831	1.0000	0.5720	0.4994	0.5196	0.4650	0.4898	0.5389	0.4447	0.4925	0.5028	0.5083	0.5118	0.4657	0.4751	0.4829	0.5040	0.5050	0.5147	0.9964
0.4831	0.1526	1.0000	0.4994	0.5196	0.4650	0.4898	0.5389	0.4447	0.4925	0.4978	0.5083	0.5118	0.5972	0.5146	0.4829	0.5040	0.5050	0.5147	0.0000
0.4831	0.5924	1.0000	0.4994	0.5441	0.5574	0.4898	0.5389	0.4878	0.4925	0.4978	0.5083	0.5118	0.0000	0.5146	0.4829	0.5040	0.5050	0.5147	0.1664
0.4831	0.0043	0.0000	0.4994	0.5441	0.5574	0.4898	0.4577	0.4602	0.4925	0.4978	0.5083	0.5118	0.4347	0.5146	0.4829	0.5040	0.5087	0.5147	0.5142
0.4831	0.4460	0.7770	0.4994	0.5027	0.4991	0.4898	0.4577	0.4602	0.4925	0.4978	0.5083	0.5118	0.4347	0.5146	0.4829	0.5040	0.5087	0.5147	0.5142
0.4831	0.4705	0.0000	0.4994	0.5027	0.4991	0.4898	0.5001	0.4452	0.5399	0.4978	0.5083	0.5118	0.4347	0.5146	0.4829	0.5040	0.5087	0.5147	0.5142
0.4831	0.4705	0.5230	0.4994	0.5251	0.4991	0.4898	0.5001	0.5096	0.5399	0.4978	0.4816	0.5118	0.4776	0.5146	0.4829	0.5040	0.5087	0.5147	0.5142
0.4831	0.4705	0.4439	0.4994	0.5251	0.4991	0.4898	0.5001	0.5096	0.5399	0.4978	0.4816	0.5118	0.4776	0.5146	0.4829	0.5040	0.5087	0.5147	0.5142
0.4971	0.4705	1.0000	0.4994	0.5251	0.4991	0.4898	0.5001	0.5096	0.5399	0.4978	0.4816	0.5118	0.5353	0.4936	0.4649	0.5040	0.5087	0.5147	0.5142
0.4971	0.4705	0.1759	0.4994	0.5251	0.4991	0.4898	0.5001	0.5096	0.5399	0.4978	0.4816	0.5118	0.2645	0.5021	0.4649	0.5040	0.5087	0.5147	0.5379
0.4971	0.4705	1.0000	0.4994	0.5251	0.4991	0.4898	0.5001	0.4737	0.5399	0.4978	0.4816	0.5118	0.8129	0.5021	0.4649	0.5040	0.5072	0.5147	0.5379
0.4971	0.4705	0.2145	0.5131	0.5251	0.4991	0.4898	0.5001	0.4737	0.5239	0.4978	0.4658	0.5118	0.5700	0.5021	0.4649	0.5040	0.5072	0.5147	0.5379
0.4971	0.4705	0.5038	0.4745	0.5251	0.4991	0.4898	0.5001	0.4737	0.5239	0.4978	0.4658	0.5118	0.4942	0.5021	0.4649	0.5040	0.5072	0.5147	0.5045
0.4971	0.5145	0.4690	0.4745	0.5251	0.4991	0.4898	0.5001	0.4737	0.5239	0.4978	0.4658	0.5118	0.4787	0.5021	0.4649	0.5040	0.5072	0.5147	0.4983
0.4971	0.5145	0.6009	0.4745	0.5251	0.5094	0.4898	0.5001	0.4737	0.5239	0.4978	0.4658	0.5118	0.4787	0.5021	0.4649	0.5040	0.5072	0.5147	0.4983
0.4971	0.5145	0.0000	0.4745	0.5251	0.5094	0.4898	0.5001	0.4737	0.5239	0.5153	0.4658	0.5013	0.4875	0.5149	0.4945	0.5040	0.5072	0.4955	0.4983
0.4971	0.5145	0.5420	0.4745	0.5251	0.5094	0.4898	0.5001	0.4737	0.4955	0.5153	0.4658	0.5013	0.4875	0.5149	0.4945	0.5040	0.5072	0.4955	0.4983
0.4971	0.5145	0.5420	0.4745	0.5251	0.5094	0.4898	0.5001	0.4737	0.4955	0.5153	0.4658	0.5013	0.4875	0.5149	0.4945	0.5040	0.5072	0.4955	0.5434
0.4971	0.5145	0.5420	0.4745	0.4739	0.5248	0.4898	0.5001	0.4737	0.4955	0.5153	0.4658	0.5013	0.4875	0.5149	0.4945	0.5040	0.5072	0.4955	0.5434
0.4971	0.5145	0.5023	0.4745	0.4739	0.5248	0.4898	0.5001	0.4737	0.4955	0.5153	0.4658	0.5013	0.4875	0.5159	0.4945	0.5040	0.5072	0.4955	0.5434
0.4971	0.5145	0.5023	0.4910	0.4739	0.5248	0.4898	0.5001	0.4737	0.4955	0.5153	0.4658	0.5013	0.4875	0.5159	0.4945	0.5040	0.5072	0.4955	0.5434
0.4971	0.5145	0.5023	0.4910	0.4739	0.5248	0.4898	0.5001	0.4737	0.4958	0.5153	0.5518	0.5013	0.4875	0.5159	0.4765	0.5040	0.5072	0.4955	0.5434
0.4971	0.5145	0.5235	0.4910	0.4789	0.5248	0.4898	0.5001	0.5539	0.4958	0.5153	0.5518	0.5013	0.4901	0.5159	0.4765	0.4772	0.5072	0.4955	0.5434
0.4971	0.5145	0.4786	0.4910	0.4789	0.5248	0.4898	0.5001	0.5539	0.4958	0.5153	0.5518	0.5013	0.4901	0.5158	0.5245	0.4772	0.5072	0.4955	0.5434
0.4971	0.5145	0.4786	0.4910	0.4789	0.5248	0.4898	0.5001	0.5539	0.4958	0.5153	0.4585	0.5013	0.4901	0.5158	0.5245	0.4772	0.5072	0.4955	0.5288
0.4971	0.5145	0.4786	0.4910	0.4789	0.5248	0.4898	0.5001	0.5539	0.4958	0.5153	0.5128	0.5013	0.4901	0.5158	0.5420	0.4772	0.5072	0.4955	0.5288
0.4971	0.5145	0.5132	0.4910	0.4789	0.4999	0.4898	0.5001	0.5539	0.4958	0.5153	0.5128	0.5013	0.4901	0.5292	0.5030	0.4772	0.5072	0.4955	0.5288
0.4971	0.5145	0.5132	0.4910	0.4764	0.4999	0.4898	0.5001	0.4802	0.4958	0.5153	0.5128	0.5013	0.4901	0.5292	0.5030	0.4772	0.5072	0.4955	0.5288
0.4971	0.5145	0.5132	0.4910	0.4764	0.5010	0.4898	0.5001	0.5395	0.4958	0.5202	0.5128	0.5013	0.4901	0.5292	0.5030	0.4772	0.5072	0.4955	0.5288
0.4971	0.5145	0.5132	0.4910	0.4934	0.5010	0.4898	0.5001	0.5395	0.4958	0.5202	0.5128	0.5013	0.4901	0.5292	0.5030	0.4772	0.5072	0.4955	0.5288
0.4971	0.5145	0.5132	0.4910	0.4934	0.5010	0.4898	0.5001	0.5395	0.4958	0.5202	0.5128	0.5013	0.4901	0.5292	0.5030	0.4772	0.5072	0.4955	0.4906
0.4971	0.5145	0.5132	0.4910	0.4934	0.5010	0.4898	0.5001	0.5395	0.4958	0.5202	0.5128	0.5013	0.4901	0.5292	0.5030	0.4772	0.5072	0.4955	0.4906
0.4971	0.5145	0.5132	0.4910	0.4934	0.5010	0.4898	0.5001	0.5395	0.4958	0.4981	0.5128	0.5013	0.4901	0.5292	0.5030	0.4772	0.5072	0.4955	0.4906
0.4971	0.5123	0.5132	0.4822	0.4934	0.5010	0.4898	0.5001	0.5395	0.4958	0.4981	0.5128	0.5013	0.4901	0.5292	0.5030	0.4772	0.5072	0.4955	0.4906
0.4950	0.5123	0.5132	0.4822	0.4934	0.5010	0.4898	0.5001	0.5395	0.4958	0.4981	0.5128	0.5013	0.4901	0.5292	0.4772	0.4772	0.5072	0.4955	0.4906
0.4950	0.5123	0.5132	0.4822	0.4934	0.5010	0.4898	0.5001	0.5395	0.4958	0.4981	0.5128	0.5013	0.4901	0.5292	0.4772	0.4772	0.5072	0.4955	0.4906
0.4950	0.5123	0.5132	0.4822	0.4934	0.5010	0.4898	0.5001	0.5395	0.4958	0.4981	0.5128	0.5013	0.4901	0.5292	0.4689	0.4772	0.5072	0.4955	0.4906
0.4950	0.5123	0.5132	0.4822	0.4934	0.4870	0.4898	0.5001	0.5395	0.4958	0.4981	0.5128	0.5013	0.4901	0.5292	0.4689	0.4772	0.5072	0.4955	0.4906
0.4950	0.5123	0.5132	0.4712	0.4934	0.4870	0.4898	0.5001	0.5395	0.4958	0.4981	0.5128	0.5013	0.4901	0.5292	0.4689	0.4772	0.5072	0.4955	0.4906
0.4950	0.5129	0.5132	0.4712	0.4934	0.4870	0.4898	0.5001	0.5395	0.4958	0.4981	0.5128	0.5013	0.4901	0.5292	0.4797	0.4772	0.5072	0.5040	0.4906
0.4950	0.5129	0.5132	0.4712	0.4934	0.4870	0.4898	0.5001	0.5395	0.4958	0.4981	0.5128	0.5013	0.4901	0.5292	0.4797	0.4772	0.5072	0.5040	0.4906
0.4950	0.5129	0.5132	0.4712	0.4934	0.4870	0.4898	0.5001	0.5395	0.4958	0.4981	0.5128	0.5013	0.4901	0.5292	0.4797	0.4772	0.5072	0.5040	0.4906
0.4950	0.5129	0.5132	0.4712	0.4934	0.4870	0.4898	0.5001	0.5395	0.4958	0.4981	0.5128	0.5013	0.4901	0.5292	0.4797	0.4772	0.5072	0.5040	0.4906
0.4950	0.5129	0.5132	0.4712	0.5178	0.4870	0.4898	0.5001	0.5395	0.4958	0.4981	0.5128	0.5013	0.4901	0.5292	0.4797	0.4772	0.5072	0.5040	0.4906
0.4950	0.5129	0.5132	0.4712	0.5178	0.4870	0.4898	0.5001	0.4828	0.4958	0.4981	0.5128	0.5013	0.4901	0.5292	0.4797	0.4772	0.5072	0.5040	0.4906
0.4950	0.5129	0.5132	0.4712	0.5178	0.4870	0.4898	0.4891	0.4828	0.4958	0.4981	0.5128	0.5013	0.4901	0.5292	0.4797	0.4772	0.5072	0.5040	0.4906
0.4950	0.5129	0.5132	0.4712	0.5178	0.4870	0.4898	0.4891	0.4828	0.4958	0.4981	0.5128	0.5013	0.4901	0.5292	0.4797	0.4772	0.5072	0.5040	0.4906
0.4950	0.4902	0.5132	0.4712	0.5178	0.4870	0.4898	0.4891	0.4828	0.4958	0.4981	0.5128	0.5013	0.4901	0.5292	0.4797	0.4772	0.5072	0.5040	0.4906
0.4950	0.4902	0.5132	0.4712	0.5178	0.4870	0.4898	0.4891	0.4828	0.4958	0.4981	0.5128	0.5013	0.4901	0.5292	0.4797	0.4772	0.5072	0.5040	0.4906
0.4950	0.4902	0.5132	0.4712	0.5178	0.4870	0.4898	0.4891	0.5131	0.4958	0.4981	0.5128	0.5013	0.4901	0.5292	0.4797	0.4772	0.5072	0.5040	0.4906
0.4950	0.4902	0.5132	0.4712	0.5178	0.4870	0.4898	0.4891	0.5131	0.4958	0.4981	0.5128	0.5013	0.4901	0.5292	0.4797	0.4772	0.5072	0.5040	0.4906
0.4950	0.4902	0.5132	0.4712	0.5178	0.4870	0.4898	0.4891	0.5131	0.4958	0.4981	0.5128	0.5013	0.4901	0.5292	0.4797	0.4772	0.5072	0.5040	0.4906
0.4950	0.4902	0.5132	0.4712	0.5178	0.4870	0.4898	0.4891	0.5131	0.4958	0.4981	0.5128	0.5013	0.4901	0.5292	0.4797	0.4772	0.5072	0.5040	0.4906
0.4950	0.4902	0.5132	0.4712	0.5178	0.4870	0.4898	0.4891	0.5131	0.4958	0.4981	0.5128	0.5013	0.4901	0.5149	0.4797	0.4772	0.5072	0.5040	0.4906
0.4950	0.4902	0.5132	0.4712	0.5178	0.4870	0.4898	0.4891	0.5131	0.4958	0.4981	0.5128	0.5013	0.4901	0.5149	0.4797	0.4699	0.5072	0.5040	0.4906
0.4950	0.4902	0.5132	0.4712	0.5178	0.4870	0.4898	0.4891	0.5131	0.4958	0.4981	0.5128	0.5013	0.4901	0.5149	0.4797	0.4699	0.5072	0.5040	0.4906
0.4950	0.4902	0.5132	0.4712	0.5178	0.4870	0.4898	0.4891	0.5131	0.4958	0.4981	0.5128	0.5013	0.4901	0.5149	0.4797	0.4699	0.5072	0.5040	0.4906
0.4950	0.4902	0.5132	0.4712	0.5178	0.4870	0.4898	0.4891	0.5131	0.4958	0.4981	0.5128	0.5013	0.4901	0.5149	0.4797	0.4699	0.5072	0.5040	0.4906
0.4950	0.4902	0.5132	0.4712	0.5178	0.4870	0.4898	0.4891	0.5131	0.4958	0.4981	0.5128	0.5013	0.4901	0.5149	0.4797	0.4699	0.5072	0.5040	0.4906
0.4950	0.4902	0.5132	0.4712	0.5178	0.4870	0.4898	0.4891	0.5131	0.4958	0.4981	0.5128	0.5013	0.4901	0.5157	0.4797	0.4699	0.5072	0.5040	0.4906
0.4950	0.4902	0.5132	0.4712	0.5178	0.4870	0.4898	0.4891	0.5131	0.4958	0.4858	0.5128	0.5013	0.4901	0.5157	0.4797	0.4699	0.5072	0.5040	0.4906
0.4950	0.4902	0.5132	0.4712	0.5178	0.4870	0.4898	0.4891	0.5131	0.4958	0.4858	0.5128	0.5013	0.4901	0.5157	0.4797	0.4699	0.5072	0.5040	0.4906
0.4950	0.4902	0.5132	0.4712	0.5178	0.4870	0.4898	0.4891	0.5131	0.4958	0.4858	0.5128	0.5013	0.4901	0.5157	0.5198	0.4699	0.5072	0.5040	0.4906
0.4950	0.4902	0.5132	0.4712	0.5178	0.4870	0.4898	0.4891	0.5131	0.4958	0.4858	0.5128	0.5013	0.4901	0.5157	0.5198	0.4699	0.5072	0.5040	0.4906
0.4950	0.4902	0.5132	0.4712	0.5178	0.4870	0.4898	0.4891	0.5131	0.4958	0.4858	0.5128	0.5013	0.4901	0.5157	0.5198	0.4699	0.5072	0.5040	0.4906
0.4950	0.4902	0.5132	0.4712	0.5178	0.4870	0.4898	0.4891	0.5131	0.4958	0.4858	0.5128	0.5013	0.4901	0.5157	0.5198	0.4699	0.5072	0.5040	0.4906
0.4950	0.4902	0.5070	0.4712	0.5178	0.4870	0.4898	0.4891	0.5131	0.4958	0.4858	0.5128	0.5013	0.4901	0.5157	0.4847	0.4699	0.5072	0.5040	0.4957
0.4950	0.4902	0.5070	0.4712	0.5178	0.4870	0.4898	0.4891	0.5131	0.4958	0.4858	0.5128	0.5013	0.4901	0.5157	0.4847	0.4699	0.5072	0.5040	0.4957
0.4950	0.4902	0.5070	0.4712	0.5178	0.4870	0.4898	0.4891	0.4964	0.4958	0.4858	0.5128	0.5013	0.4901	0.5157	0.4847	0.4699	0.5072	0.5040	0.4957
0.4950	0.4902	0.5070	0.4712	0.5178	0.4870	0.4898	0.4891	0.4964	0.4958	0.4858	0.5128	0.5013	0.4901	0.5157	0.4847	0.4699	0.5072	0.5040	0.4957
0.4950	0.4902	0.5070	0.4712	0.5178	0.4870	0.4898	0.4891	0.4964	0.4958	0.4858	0.5128	0.5013	0.4901	0.5157	0.4847	0.4699	0.5072	0.5040	0.4957
0.4950	0.4902	0.5070	0.4712	0.5178	0.4870	0.4898	0.4891	0.4964	0.4958	0.4858	0.5128	0.5013	0.4901	0.4976	0.4847	0.4699	0.5072	0.5040	0.4957
0.4950	0.4902	0.5070	0.4712	0.5178	0.4870	0.4898	0.4891	0.4964	0.4958	0.4858	0.5126	0.5013	0.4901	0.4976	0.4847	0.4699	0.5061	0.5040	0.4957
0.4950	0.4902	0.5070	0.4712	0.5178	0.4870	0.4898	0.4891	0.4964	0.4958	0.4858	0.5126	0.5013	0.4901	0.4976	0.4847	0.4699	0.5061	0.5040	0.4957
0.4950	0.4902	0.5070	0.4712	0.5178	0.4870	0.4898	0.4891	0.4964	0.4958	0.4858	0.5126	0.5013	0.4901	0.4976	0.4847	0.4699	0.5061	0.5040	0.4957
0.4950	0.4902	0.5070	0.4712	0.5178	0.4870	0.4898	0.4891	0.4964	0.4958	0.4858	0.5126	0.5013	0.4901	0.4976	0.4847	0.4699	0.5061	0.5040	0.4957
0.5095	0.4902	0.5070	0.4712	0.5178	0.4870	0.4898	0.4891	0.4964	0.4958	0.4858	0.5126	0.5013	0.4901	0.4976	0.4847	0.4699	0.5061	0.5040	0.4957
0.5095	0.4902	0.5070	0.4712	0.5178	0.4870	0.4898	0.4891	0.4964	0.4958	0.4858	0.5126	0.5013	0.4901	0.4976	0.4847	0.4699	0.5061	0.5040	0.4957
