0.7261	0.7164	0.6659	0.9011	0.7538	0.5074	0.4016	0.7527	0.6148	0.9039
0.3457	0.5266	0.3871	0.5510	0.5135	0.6341	0.4970	1.0000	0.0000	0.4617
0.1369	0.2231	0.8616	0.0000	0.3186	0.5121	0.2061	0.1292	0.3680	0.2205
0.9694	0.0000	0.6140	0.6572	0.6140	0.4866	0.2061	0.2051	0.3680	0.5241
0.6189	0.2162	0.4847	0.0733	0.0611	0.0980	0.2061	0.5032	0.3094	1.0000
0.3563	0.8607	0.4847	1.0000	0.4111	0.3878	0.3749	0.5032	0.5320	0.6265
0.3345	1.0000	0.4028	0.1821	0.5976	0.0000	0.3749	0.5032	0.2200	0.8168
0.0000	0.0028	0.4633	0.4995	0.0000	0.0499	0.3748	0.6335	1.0000	0.5097
1.0000	0.0878	0.6412	0.4995	0.4088	0.6597	0.3748	1.0000	0.2013	0.5097
1.0000	0.9605	0.7841	0.4995	0.0000	1.0000	0.4794	0.3082	0.3451	0.5855
0.7821	0.8162	0.2240	0.4779	0.0000	0.3602	0.4794	0.7905	0.5267	0.8748
0.4947	0.3039	0.3828	1.0000	0.0000	0.4866	0.4659	0.0000	0.3257	0.0000
0.4947	0.3728	0.3546	0.3519	0.7682	0.4935	0.3741	0.6850	0.2914	0.5141
0.4947	0.3728	0.6360	0.5104	0.2465	0.6341	0.4944	0.6170	0.6083	0.5141
0.4947	0.3644	0.0000	0.3771	0.4659	0.2085	0.5190	0.6170	0.0000	0.5278
0.4947	0.3644	0.3893	1.0000	0.5165	0.2129	0.5190	0.5304	0.6545	0.3632
0.4947	0.4776	0.9130	0.2176	0.4057	0.6530	0.5190	0.5304	1.0000	0.3632
0.4947	0.3810	0.5307	0.5284	0.3555	0.6543	0.5190	0.5304	0.5341	0.3632
0.4947	0.3810	0.3675	0.3638	0.6431	0.6563	0.5190	0.4697	0.6561	0.3632
0.4947	0.3810	0.4911	0.7985	0.3546	0.6563	0.5190	0.4697	0.6561	0.4982
0.4947	0.3810	0.4969	0.2357	0.3546	0.8994	0.5190	0.9873	0.6198	0.4982
0.4947	0.3810	0.4969	0.0000	0.3546	0.6614	0.5190	0.8018	0.2414	0.4982
0.4947	0.3810	0.4969	0.6597	0.3546	0.6614	0.5190	0.5030	0.3485	0.4982
0.4947	0.3810	0.4969	0.7787	0.4869	0.3567	0.5190	0.6389	0.6313	0.4982
0.4947	0.3810	0.4969	0.5288	0.4869	0.3567	0.5190	0.6389	0.6075	0.4982
0.4947	0.3810	0.4969	0.1941	0.4869	0.3567	0.3609	0.4832	0.4989	0.6384
0.4947	0.3810	0.4969	0.6580	0.4869	0.3567	0.3609	0.5005	0.6508	0.6384
0.4947	0.3810	0.4969	0.0732	0.4869	0.5050	0.3609	0.5005	0.6312	0.6384
0.4947	0.3810	0.4969	0.5418	0.4869	0.5050	0.3609	0.5005	0.6312	0.6384
0.4947	0.6197	0.4969	0.3495	0.4869	0.5050	0.3609	0.5005	0.6312	0.4718
0.4947	0.6197	0.5066	0.3495	0.4869	0.3867	0.3609	0.5005	0.6312	0.4958
0.4947	0.3755	0.5066	0.3495	0.4869	0.5111	0.3609	0.5005	0.6312	0.5291
0.4947	0.3453	0.5066	0.5267	0.4869	0.5111	0.3609	0.5005	0.6312	0.5291
0.4947	0.3453	0.5066	0.5267	0.4869	0.5111	0.3609	0.5005	0.6312	0.5291
0.4947	0.3453	0.5066	0.6542	0.4869	0.5111	0.3609	0.5005	0.6312	0.5291
0.4947	0.3453	0.5066	0.3814	0.4869	0.5111	0.3609	0.5005	0.6312	0.5074
0.4947	0.6237	0.5066	0.3814	0.4869	0.5111	0.3609	0.5005	0.6312	0.3692
0.4947	0.6237	0.5066	0.3814	0.4869	0.5111	0.3609	0.5005	0.6312	0.6628
0.4947	0.6237	0.5066	0.3814	0.4869	0.5111	0.3609	0.5005	0.6312	0.6628
0.4947	0.6237	0.5066	0.6558	0.4869	0.5111	0.3609	0.5005	0.6312	0.5072
0.4947	0.5043	0.5066	0.6558	0.4869	0.5111	0.3609	0.5005	0.6312	0.5072
0.5119	0.5043	0.5066	0.6370	0.5195	0.5111	0.3609	0.5005	0.6312	0.5072
0.5119	0.5043	0.5163	0.6705	0.5195	0.5111	0.3609	0.5005	0.6312	0.5072
0.5119	0.5043	0.3542	0.5043	0.5195	0.6452	0.3609	0.5005	0.6312	0.5072
0.5119	0.5043	0.3542	0.5043	0.5195	0.6452	0.3609	0.5005	0.6312	0.5072
0.5119	0.5043	0.3542	0.5354	0.5195	0.6452	0.3609	0.5005	0.6312	0.5072
0.5119	0.5043	0.3542	0.6474	0.5195	0.6452	0.3609	0.5005	0.6312	0.5072
0.5119	0.5043	0.3542	0.6474	0.5195	0.6452	0.3609	0.5005	0.6312	0.5072
0.5119	0.5043	0.4972	0.6474	0.5195	0.5079	0.3609	0.5005	0.6312	0.5072
0.5119	0.5043	0.4972	0.6474	0.5195	0.5079	0.3609	0.5005	0.6312	0.5072
0.4929	0.5043	0.4972	0.6474	0.4859	0.5079	0.3609	0.5005	0.6312	0.5072
0.4929	0.5043	0.4972	0.6474	0.4933	0.5079	0.4884	0.5005	0.6312	0.5072
0.4929	0.5043	0.4972	0.6474	0.4933	0.5079	0.4884	0.5005	0.6312	0.5072
0.4929	0.5043	0.4972	0.4985	0.4933	0.5079	0.4884	0.5005	0.6312	0.5072
0.4929	0.5043	0.4985	0.4985	0.4933	0.4845	0.4884	0.5005	0.6312	0.5072
0.4929	0.5043	0.4985	0.4964	0.4933	0.4845	0.4884	0.5005	0.6312	0.5072
0.4929	0.5043	0.4985	0.4964	0.4933	0.4845	0.4884	0.5005	0.6312	0.5072
0.4929	0.5043	0.4985	0.4964	0.4933	0.4845	0.4884	0.5005	0.6312	0.5072
0.4929	0.5043	0.4985	0.4964	0.4933	0.4845	0.5041	0.5005	0.6312	0.5072
0.4929	0.5043	0.4985	0.4964	0.5094	0.4845	0.5049	0.5005	0.6312	0.5072
0.4929	0.5043	0.4985	0.4964	0.5094	0.4845	0.5049	0.5005	0.6312	0.5072
0.4929	0.5043	0.4985	0.4964	0.5094	0.4845	0.5049	0.5005	0.6312	0.5072
0.4929	0.5043	0.4985	0.4964	0.5094	0.4845	0.5049	0.5005	0.5086	0.5072
0.4929	0.5043	0.4985	0.4964	0.5094	0.4845	0.5049	0.5005	0.5086	0.5072
0.4929	0.5043	0.4985	0.4964	0.5094	0.4845	0.5049	0.5005	0.5086	0.5072
0.4929	0.5043	0.4985	0.4964	0.5094	0.4845	0.5049	0.5005	0.5086	0.5072
0.4929	0.5043	0.4985	0.4964	0.5094	0.4845	0.5049	0.5005	0.5086	0.5072
0.4929	0.5043	0.4985	0.4964	0.5094	0.4845	0.5049	0.5005	0.5086	0.5072
0.4929	0.5043	0.4985	0.4964	0.5094	0.4845	0.5120	0.5005	0.5086	0.5072
0.4929	0.4969	0.4985	0.4964	0.5094	0.4845	0.5120	0.5005	0.5086	0.5072
0.4929	0.4969	0.4985	0.4964	0.5094	0.4845	0.5120	0.5005	0.5086	0.5072
0.4929	0.4969	0.4985	0.4964	0.5094	0.4845	0.5120	0.5005	0.5086	0.5072
0.4929	0.4969	0.4985	0.4964	0.5094	0.4845	0.5120	0.5005	0.5086	0.5072
0.4929	0.4969	0.4985	0.4964	0.5094	0.4845	0.5120	0.5005	0.5086	0.5072
0.4929	0.4969	0.4985	0.4964	0.5094	0.4845	0.5120	0.5005	0.5086	0.5072
0.4929	0.4969	0.4985	0.4964	0.5094	0.4845	0.5120	0.5005	0.5086	0.5072
0.4929	0.4969	0.4985	0.4964	0.5094	0.4845	0.5120	0.5005	0.5086	0.5072
0.4929	0.4969	0.4985	0.4964	0.5094	0.4845	0.5120	0.5005	0.5086	0.5072
0.4929	0.4969	0.4985	0.4964	0.5094	0.4845	0.5120	0.5005	0.5086	0.5072
0.4929	0.4969	0.4985	0.4964	0.5094	0.4845	0.5120	0.5005	0.5086	0.5072
0.4929	0.4969	0.4985	0.4964	0.5094	0.4845	0.5037	0.5005	0.3482	0.5072
0.4929	0.4969	0.4985	0.4964	0.5094	0.4845	0.5037	0.5005	0.3482	0.5072
0.4929	0.4969	0.4985	0.4964	0.5094	0.4845	0.5037	0.5005	0.3482	0.5072
0.4929	0.4969	0.4985	0.4964	0.5094	0.4845	0.5037	0.5005	0.3482	0.5072
0.4929	0.4969	0.4985	0.4964	0.5094	0.4845	0.5037	0.5005	0.3482	0.5072
0.4929	0.4969	0.4985	0.4964	0.5094	0.4845	0.5037	0.5005	0.3482	0.5072
0.4929	0.4969	0.4985	0.4964	0.5094	0.4845	0.5037	0.5005	0.3482	0.5072
0.4929	0.4969	0.4985	0.4964	0.5094	0.4845	0.5037	0.5005	0.3482	0.5072
0.4929	0.4969	0.4985	0.4964	0.5094	0.4845	0.5037	0.5005	0.3482	0.5072
0.4929	0.4969	0.4985	0.4964	0.5094	0.4845	0.5037	0.5005	0.3482	0.5072
0.4929	0.4969	0.4985	0.4964	0.5094	0.4845	0.5037	0.5005	0.3482	0.5072
0.4929	0.4969	0.4985	0.4964	0.5094	0.4845	0.5037	0.5005	0.3482	0.5072
0.4929	0.4969	0.4985	0.4964	0.5094	0.4845	0.5037	0.5005	0.3482	0.5072
0.4929	0.4969	0.4985	0.4964	0.5094	0.4845	0.5037	0.5005	0.4882	0.5072
0.4929	0.4969	0.4985	0.4964	0.5094	0.4845	0.5037	0.5005	0.4882	0.5072
0.4929	0.4969	0.4985	0.4964	0.5094	0.4845	0.5037	0.5005	0.4882	0.5072
0.4929	0.4969	0.4985	0.4964	0.5094	0.4845	0.5037	0.5005	0.4882	0.5072
0.4929	0.4969	0.4985	0.4964	0.5094	0.4845	0.5037	0.5005	0.4882	0.5072
0.4929	0.4969	0.4985	0.4964	0.5094	0.4845	0.5037	0.5005	0.4882	0.5072
0.4929	0.4969	0.4985	0.4964	0.5094	0.4845	0.5037	0.5005	0.4882	0.5072
0.4929	0.4969	0.4985	0.4964	0.5094	0.4845	0.5037	0.5005	0.4882	0.5072
