0.4069	0.7224	0.9144	0.5934	0.8693	0.0360	0.6510	0.5660	0.3446	0.2848	0.1339	0.0438	0.5037	0.5669	0.8351	0.9945	0.7443	0.3405	0.4417	0.9766
0.0000	0.3968	0.4352	0.5153	0.7013	0.9363	0.4440	0.0000	0.0000	0.3774	0.4649	0.3171	0.8868	0.0000	0.6116	0.0288	0.1230	0.5966	0.1877	0.8207
0.3370	0.4888	0.5130	0.7691	0.3051	0.7699	0.0000	0.0000	0.7221	0.0000	0.0000	0.6647	0.3037	0.7333	0.5891	0.0000	0.7492	0.6113	0.4069	0.4172
0.9810	0.3037	0.2338	0.5663	0.5988	0.2026	1.0000	0.4949	1.0000	0.4716	0.3223	0.6647	0.5641	0.5428	0.5891	0.3177	0.6671	0.8543	0.4069	0.4172
0.6672	0.6802	0.4791	1.0000	0.4120	0.6241	0.6701	1.0000	0.6792	0.4744	0.8101	0.6923	0.8445	0.0000	0.3194	0.3371	0.4468	0.2112	0.4069	0.4172
0.4166	0.4942	1.0000	0.5462	0.4120	0.3366	0.3993	0.5010	0.0000	0.6869	0.4782	0.5787	0.4607	0.8386	0.2764	0.6017	0.4137	0.0000	0.4069	0.4172
0.4166	0.5320	0.1641	0.6216	0.4120	0.2424	0.5136	0.4003	0.2748	0.3230	0.6265	0.5787	0.4564	1.0000	0.0000	0.3217	0.3898	0.5337	0.4069	0.4172
0.4166	0.3016	0.5073	0.3993	0.4184	0.5235	0.5136	0.6498	0.5033	1.0000	0.5025	0.5787	1.0000	0.5658	0.4085	0.7664	0.5319	0.6779	0.4069	0.4172
0.4166	0.2375	1.0000	0.0000	0.4184	0.5235	0.5136	0.3206	0.5033	0.7182	0.6046	0.4038	1.0000	1.0000	0.7684	0.8718	0.2298	0.7568	0.4069	0.4172
0.4166	0.8775	1.0000	0.4943	0.3950	0.3302	0.6006	0.9580	0.5033	0.5140	0.7325	0.4038	0.3185	0.7553	0.3348	0.7797	0.3110	0.4185	0.4069	0.4172
0.4021	1.0000	0.7746	0.4880	0.0000	0.3264	0.6006	0.0000	0.4091	0.5140	0.5852	0.4038	0.3185	0.3127	0.4766	0.4869	0.5046	0.4185	0.4069	0.4172
0.4021	0.4129	0.6032	0.4860	0.1174	0.3264	0.6006	0.0000	0.4091	0.5140	0.4036	0.4038	0.4382	0.3127	0.5105	0.2873	0.3969	0.5879	0.4069	0.4172
0.4021	0.5312	0.6794	1.0000	0.2696	0.5138	0.9099	0.6531	0.4091	0.5140	0.6035	0.5063	0.0000	0.3127	0.5105	0.0000	0.3969	0.6766	0.4069	0.4172
0.4021	0.5908	1.0000	0.4957	0.4106	0.5138	0.6335	0.5727	0.3112	0.5140	0.4943	0.5063	0.6669	0.8177	0.8325	0.6064	0.3969	0.6766	0.4069	0.5789
0.4021	0.3129	0.3228	0.5131	1.0000	0.4903	0.6707	0.3471	0.3112	0.5140	0.4943	0.5063	0.4095	0.7600	0.0000	0.6887	0.3969	0.6766	0.4069	0.5789
0.4021	0.3129	0.3919	0.7839	0.6767	0.6645	0.4931	0.1207	0.3112	0.7076	0.4943	0.5063	0.1132	0.4244	0.0000	0.3856	0.3969	0.6766	0.4069	0.4165
0.4021	0.0000	0.4938	0.7661	0.6767	0.6645	0.4900	0.2909	0.4085	0.6803	0.4070	0.5063	0.5901	0.6668	0.2186	0.3193	0.3969	0.5862	0.4815	0.4165
0.4021	0.4283	0.3295	0.5166	0.6767	0.5719	0.4900	1.0000	0.4085	0.0000	0.4070	0.6988	0.5901	0.5781	0.3313	0.2469	0.3969	0.5862	0.4815	0.4165
0.5826	0.3284	0.4099	0.5226	0.4904	0.3342	0.4900	0.4048	0.5921	0.8031	0.4070	0.5982	0.5901	0.7848	0.3313	1.0000	0.5812	0.5862	0.4815	0.4165
0.5826	0.0000	0.6768	0.5859	0.4904	0.3004	0.4900	1.0000	0.5928	0.3297	0.4070	0.5982	0.5901	0.5073	0.3313	0.7745	0.5812	0.4910	0.6022	0.4165
0.5826	0.6511	0.6905	0.4119	0.4904	0.3004	0.4900	1.0000	0.5928	0.5057	0.4070	0.5982	0.5901	0.5073	0.4848	0.6780	0.5812	0.0341	0.6022	0.4165
0.5826	0.6027	0.6159	0.4119	0.4904	0.5950	0.4900	0.1149	0.5928	0.0000	0.7571	0.5982	0.5901	0.5073	0.4848	0.6780	0.5059	0.6930	0.6022	0.4245
0.5826	0.5188	0.4814	0.4119	0.4904	0.5950	0.1029	0.7637	0.3367	0.6568	0.1233	0.5982	0.4774	0.5073	0.4848	0.6780	0.5059	0.6930	0.6022	0.4245
0.5826	0.0000	0.1539	0.4055	0.4904	0.5950	0.4943	0.7902	0.3367	0.6925	0.5759	0.5982	0.3933	0.5073	0.4848	0.6780	0.5059	0.3073	0.6022	0.4245
0.5826	0.0000	0.8655	0.4901	0.4904	0.5950	0.4943	0.9160	0.6815	0.2106	0.5934	0.5982	0.4263	0.5073	0.4848	0.6780	0.5059	0.0000	0.6022	0.4245
0.5826	0.1657	0.4300	0.4901	0.4904	0.4164	0.4943	0.0463	0.3999	0.5000	0.4267	0.5982	0.6791	0.5073	0.5729	0.6780	0.5059	0.5643	0.6022	0.4245
0.5826	0.4992	0.3280	0.4901	0.5091	0.4164	0.4943	0.6919	0.3999	0.5000	0.9367	0.5982	0.4048	0.5073	0.4951	0.4780	0.5059	1.0000	0.6022	0.4245
0.5826	0.4992	0.2353	0.4901	0.5091	0.4164	0.4943	0.2287	0.3999	0.5000	0.5746	0.5982	0.3928	0.4099	0.4951	0.5863	0.5059	0.5080	0.6022	0.4097
0.5826	0.4992	0.4816	0.4901	0.5091	0.4164	0.4943	0.6007	0.5151	0.5000	0.5746	0.5982	0.7680	0.4099	0.4190	0.5863	0.5059	0.4912	0.6022	0.6850
0.5826	0.4022	0.3387	0.5955	0.5091	0.4164	0.4943	0.5080	0.5151	0.4866	0.5886	0.4936	0.1553	0.4099	0.4190	0.5863	0.5059	0.4947	0.6022	0.6850
0.5826	0.4022	0.0000	0.5955	0.5091	0.4164	0.4943	0.5947	0.5151	0.4866	0.6794	0.4936	0.8468	0.4099	0.4190	0.5863	0.5059	0.4947	0.6022	0.6850
0.5826	0.4022	0.5597	0.5955	0.5083	0.4164	0.4943	0.4933	0.4100	0.4866	0.6794	0.2300	0.5984	0.4099	0.4190	0.5863	0.5059	0.4947	0.6022	0.6850
0.5826	0.4022	0.4996	0.5955	0.5083	0.4059	0.4943	0.5725	0.4989	0.4866	0.6772	0.3882	0.4179	0.4099	0.4190	0.6832	0.5059	0.4947	0.6022	0.6850
0.5826	0.3180	0.4996	0.5955	0.5083	0.4059	0.4943	0.5725	0.4989	0.4866	0.3250	0.4783	0.6756	0.4099	0.4190	0.6049	0.5059	0.4947	0.6022	0.4268
0.5826	0.3180	0.4996	0.5955	0.5083	0.4059	0.4943	0.5725	0.4989	0.4163	0.3250	0.4964	0.6434	0.4099	0.4190	0.6049	0.5059	0.4947	0.6022	0.4268
0.5826	0.3180	0.4996	0.5955	0.5083	0.4059	0.4943	0.5725	0.4989	0.2164	0.4097	0.4964	0.4960	0.4020	0.4190	0.6049	0.5059	0.4947	0.6022	0.4268
0.5826	0.3180	0.5675	0.5955	0.5083	0.4059	0.4943	0.5654	0.4054	0.4955	0.3965	0.5773	0.5100	0.4020	0.4190	0.6049	0.5059	0.4947	0.6022	0.4268
0.5826	0.3180	0.0000	0.5955	0.5083	0.4059	0.4943	0.5973	0.4054	0.5974	0.3965	0.5773	0.5100	0.4020	0.4190	0.6049	0.5059	0.4947	0.6022	0.4268
0.5826	0.3180	0.6859	0.5955	0.5083	0.4034	0.4943	0.4813	0.4054	0.6095	0.3965	0.6064	0.5100	0.4020	0.4190	0.6049	0.5059	0.4947	0.5855	0.4268
0.5826	0.3180	0.9184	0.5955	0.5083	0.4034	0.4136	0.4813	0.4054	0.6835	0.3965	0.4068	0.5100	0.4020	0.4190	0.6049	0.5059	0.4947	0.5855	0.4268
0.5826	0.3180	0.6855	0.5955	0.5083	0.4034	0.5902	0.5827	0.4054	0.3981	0.3965	0.4068	0.5100	0.4020	0.3052	0.6049	0.5059	0.4947	0.5855	0.4147
0.5826	0.3180	0.6855	0.5955	0.5083	0.4034	0.5902	0.5827	0.4054	0.3981	0.3965	0.4068	0.5100	0.4020	0.5918	0.6049	0.5059	0.4947	0.5855	0.4147
0.5826	0.3150	0.6077	0.5955	0.5083	0.4034	0.5902	0.4031	0.4054	0.3981	0.5014	0.3286	0.5100	0.4020	0.5918	0.6049	0.5059	0.4947	0.5855	0.4888
0.5826	0.3150	0.6077	0.5955	0.5083	0.4034	0.5902	0.4031	0.4054	0.3981	0.5901	0.3286	0.5100	0.4020	0.5811	0.6049	0.5059	0.4947	0.5855	0.4888
0.5826	0.3150	0.5014	0.5955	0.5083	0.4034	0.5902	0.4031	0.4054	0.3981	0.5901	0.6773	0.5100	0.4020	0.5811	0.5984	0.5059	0.4947	0.5855	0.4888
0.5826	0.3150	0.5014	0.5955	0.5083	0.4034	0.5902	0.5907	0.4054	0.3981	0.5901	0.6773	0.5100	0.4020	0.5811	0.5984	0.5059	0.4947	0.5855	0.4888
0.5826	0.3150	0.5014	0.5955	0.5083	0.4034	0.5902	0.5907	0.4054	0.3981	0.5901	0.6773	0.5100	0.4020	0.5811	0.5984	0.5059	0.4947	0.5855	0.4888
0.5826	0.4136	0.5014	0.5955	0.5083	0.4034	0.5902	0.5907	0.4054	0.3981	0.5901	0.6773	0.5100	0.4020	0.5811	0.5984	0.5059	0.4947	0.5855	0.4888
0.5826	0.4136	0.5014	0.5955	0.5083	0.4034	0.5902	0.5907	0.4967	0.3981	0.5901	0.6773	0.5100	0.4020	0.5861	0.5984	0.5059	0.4947	0.5855	0.4888
0.5826	0.5992	0.5014	0.5955	0.5083	0.5803	0.5902	0.5907	0.4967	0.3981	0.5901	0.6773	0.5100	0.4020	0.5861	0.5984	0.5059	0.4947	0.5855	0.4888
0.5826	0.5992	0.5014	0.5955	0.5083	0.5803	0.5902	0.5907	0.4967	0.3981	0.5901	0.3101	0.5100	0.4020	0.4128	0.5984	0.5059	0.4947	0.5855	0.4888
0.5826	0.5992	0.5014	0.5955	0.4058	0.5803	0.4065	0.5907	0.4967	0.6023	0.5901	0.3101	0.5100	0.4020	0.4128	0.5984	0.5059	0.4947	0.5855	0.4888
0.5826	0.5992	0.5014	0.5955	0.4058	0.5803	0.4065	0.5907	0.4967	0.6023	0.5901	0.4896	0.5100	0.4020	0.4128	0.5984	0.5059	0.4947	0.6050	0.4888
0.5826	0.5992	0.5014	0.5955	0.4058	0.5803	0.4065	0.5907	0.4967	0.6023	0.5901	0.4896	0.5100	0.4020	0.4128	0.5984	0.5059	0.4947	0.6050	0.4888
0.5826	0.5992	0.5014	0.5955	0.4058	0.5048	0.4170	0.5907	0.4967	0.6023	0.5901	0.4896	0.5100	0.4020	0.4128	0.5984	0.4965	0.4947	0.6050	0.4888
0.5826	0.5992	0.5014	0.5955	0.4058	0.5848	0.5825	0.5907	0.4967	0.6023	0.5901	0.6854	0.5100	0.4020	0.5031	0.5045	0.4965	0.4947	0.6050	0.4888
0.4991	0.5992	0.5014	0.5955	0.4058	0.5848	0.5825	0.5907	0.4967	0.6023	0.5901	0.6854	0.5100	0.4020	0.5031	0.5045	0.4965	0.4947	0.6050	0.4888
0.4991	0.5992	0.5014	0.5955	0.4058	0.5848	0.5846	0.5907	0.4967	0.6023	0.5901	0.6854	0.4925	0.4020	0.5031	0.5045	0.4965	0.4947	0.6050	0.5951
0.4991	0.5992	0.5014	0.5955	0.4058	0.5848	0.5846	0.5907	0.4967	0.6023	0.5901	0.6854	0.4925	0.4020	0.5031	0.5045	0.4965	0.4947	0.6050	0.5951
0.4991	0.5985	0.5014	0.5885	0.4058	0.5848	0.5846	0.5907	0.4967	0.6023	0.5901	0.5044	0.4925	0.4020	0.5031	0.5045	0.5052	0.4947	0.6050	0.5951
0.4991	0.5856	0.5014	0.5885	0.4058	0.5848	0.4125	0.5907	0.4967	0.6023	0.5901	0.5044	0.4925	0.4020	0.5031	0.5045	0.5052	0.4947	0.6050	0.5951
0.4991	0.5856	0.5014	0.5885	0.4058	0.5848	0.4125	0.5907	0.4967	0.6023	0.5901	0.5044	0.4925	0.4020	0.5031	0.5045	0.5052	0.4947	0.6050	0.5951
0.4991	0.5856	0.5014	0.5885	0.4058	0.4965	0.4125	0.5907	0.4967	0.6023	0.5901	0.5044	0.4925	0.4020	0.5031	0.5045	0.5052	0.4947	0.6050	0.5951
0.4991	0.5856	0.5014	0.5885	0.4058	0.4965	0.4125	0.5907	0.4967	0.6023	0.5901	0.5044	0.4925	0.4020	0.5934	0.5045	0.5052	0.4947	0.6050	0.5951
0.4991	0.5856	0.5014	0.5885	0.4058	0.4965	0.4125	0.5907	0.4967	0.6023	0.5901	0.5044	0.4925	0.4020	0.5934	0.5045	0.5052	0.5001	0.6050	0.5951
0.4991	0.5856	0.5014	0.5885	0.4096	0.4965	0.4125	0.5907	0.4967	0.6023	0.5901	0.5044	0.4925	0.4020	0.5934	0.5045	0.5052	0.5001	0.6050	0.5951
0.4991	0.5856	0.5014	0.5885	0.5889	0.4965	0.4125	0.5907	0.4967	0.6839	0.5901	0.5104	0.4925	0.4020	0.5934	0.5045	0.5052	0.5001	0.4143	0.5951
0.4991	0.5856	0.5014	0.5885	0.5889	0.4965	0.4125	0.5907	0.4967	0.6839	0.5901	0.5104	0.4925	0.4020	0.5934	0.5045	0.5052	0.5001	0.4143	0.5951
0.4991	0.5856	0.5014	0.5885	0.5889	0.4965	0.4125	0.5907	0.4967	0.6839	0.5901	0.5104	0.4925	0.4020	0.5934	0.5045	0.5052	0.5001	0.4143	0.5951
0.4991	0.5856	0.5014	0.5885	0.5889	0.4965	0.4125	0.5907	0.4967	0.6839	0.5901	0.5104	0.4925	0.4020	0.5934	0.5045	0.4971	0.5001	0.4143	0.5951
0.4991	0.5856	0.5014	0.5885	0.5889	0.4965	0.4125	0.5907	0.4967	0.6839	0.5901	0.5104	0.4925	0.4020	0.5934	0.5045	0.4971	0.5001	0.4143	0.5951
0.4991	0.5856	0.5014	0.5885	0.5889	0.4965	0.4125	0.5907	0.4967	0.6839	0.5901	0.5104	0.4925	0.4020	0.5934	0.5045	0.4971	0.5001	0.4143	0.5951
0.4991	0.5856	0.5014	0.5885	0.5889	0.4965	0.4125	0.5907	0.4967	0.6839	0.5917	0.5104	0.4925	0.4020	0.5934	0.5045	0.4971	0.5001	0.4143	0.5951
0.4991	0.5856	0.5014	0.5885	0.5889	0.4965	0.4125	0.5907	0.4967	0.6839	0.5917	0.5104	0.4925	0.4020	0.5934	0.5045	0.4971	0.5001	0.4143	0.5951
0.4991	0.5856	0.5014	0.5885	0.5889	0.4965	0.4125	0.5907	0.4967	0.5105	0.5917	0.5104	0.4925	0.4020	0.5934	0.5045	0.4971	0.5001	0.4143	0.5951
0.4931	0.5856	0.5014	0.5885	0.5889	0.4965	0.4125	0.5907	0.4967	0.5105	0.5917	0.5104	0.4925	0.4020	0.5934	0.5045	0.4971	0.5001	0.4143	0.5951
0.4931	0.5856	0.5014	0.5885	0.5889	0.4965	0.4125	0.5907	0.4967	0.5105	0.5917	0.5104	0.4925	0.4020	0.5934	0.5045	0.4971	0.5001	0.4143	0.5951
0.4931	0.5856	0.5014	0.5885	0.5889	0.4965	0.4125	0.5907	0.4967	0.5105	0.5917	0.5104	0.4925	0.4020	0.5934	0.5045	0.4971	0.5001	0.4143	0.5951
0.4931	0.5856	0.5014	0.5885	0.5889	0.4965	0.4125	0.5907	0.4967	0.4966	0.5917	0.4943	0.4925	0.4020	0.5934	0.5045	0.4971	0.5001	0.4143	0.5951
0.4931	0.5856	0.5014	0.5885	0.5889	0.4965	0.4125	0.5907	0.4967	0.4966	0.5917	0.4943	0.4925	0.4020	0.5934	0.5045	0.4971	0.5001	0.4143	0.5951
0.4931	0.5856	0.5014	0.5885	0.5889	0.4965	0.4125	0.5907	0.4967	0.4966	0.5917	0.4943	0.4925	0.4020	0.5934	0.5045	0.4971	0.5001	0.4143	0.5951
0.4931	0.5856	0.5014	0.5885	0.5889	0.4965	0.4125	0.5907	0.4967	0.4966	0.5917	0.4943	0.4925	0.4020	0.5934	0.5045	0.4971	0.5001	0.4143	0.5951
0.4931	0.5856	0.5014	0.5885	0.5889	0.4965	0.4125	0.5907	0.4948	0.4966	0.5914	0.4943	0.4925	0.4020	0.5934	0.5045	0.4971	0.5001	0.4143	0.5951
0.4931	0.5856	0.5014	0.5885	0.5889	0.4965	0.4125	0.5907	0.4948	0.4966	0.5914	0.4943	0.4925	0.4020	0.5934	0.5045	0.4971	0.5001	0.4143	0.5951
0.4931	0.5856	0.5014	0.5885	0.5889	0.4965	0.4125	0.5907	0.4948	0.4966	0.5914	0.4943	0.4925	0.4020	0.5934	0.5045	0.4971	0.5001	0.4143	0.5951
0.4931	0.5856	0.5014	0.5885	0.5889	0.4965	0.4125	0.5907	0.4948	0.4966	0.5914	0.4943	0.4925	0.4020	0.5934	0.5045	0.4971	0.5001	0.4143	0.5951
0.4931	0.5856	0.5014	0.5885	0.5922	0.4965	0.4125	0.5907	0.4948	0.4966	0.5914	0.4943	0.4925	0.4020	0.5934	0.5045	0.4971	0.5001	0.5051	0.5951
0.4931	0.5856	0.5014	0.5885	0.5922	0.4965	0.4125	0.5907	0.4948	0.4966	0.5894	0.4943	0.4925	0.4020	0.5934	0.5045	0.4971	0.5001	0.4961	0.5951
0.4931	0.5856	0.5014	0.5885	0.5922	0.4965	0.4125	0.5907	0.4948	0.4966	0.5894	0.4943	0.4925	0.4020	0.5934	0.5045	0.4971	0.5001	0.4961	0.5951
0.4931	0.5856	0.5014	0.5885	0.5922	0.4965	0.4125	0.5907	0.4948	0.4966	0.5894	0.4943	0.4925	0.4020	0.5934	0.5045	0.4971	0.5001	0.4961	0.5951
0.4931	0.5856	0.5014	0.5885	0.5922	0.4965	0.4125	0.5041	0.4948	0.4966	0.5894	0.4943	0.4925	0.4020	0.5934	0.5045	0.4971	0.5001	0.4961	0.5951
0.4931	0.5856	0.5014	0.5885	0.5922	0.4965	0.4125	0.5041	0.4948	0.4966	0.5894	0.4943	0.4925	0.4020	0.5934	0.5045	0.4971	0.5001	0.4961	0.5951
0.4931	0.5856	0.5014	0.5885	0.5922	0.4965	0.4125	0.5041	0.4948	0.4966	0.5894	0.4943	0.4925	0.4020	0.5934	0.5045	0.4971	0.5001	0.4961	0.5951
0.4931	0.5856	0.5014	0.5885	0.5922	0.4965	0.4125	0.5041	0.4948	0.4966	0.5894	0.4943	0.4925	0.4020	0.5934	0.5045	0.4971	0.5001	0.4961	0.5951
0.4959	0.5856	0.5014	0.5885	0.5922	0.4965	0.4125	0.5041	0.4948	0.4966	0.5894	0.4943	0.4925	0.4020	0.5934	0.5045	0.4971	0.5001	0.4961	0.5951
0.4959	0.5856	0.5014	0.5885	0.5922	0.4965	0.4125	0.5041	0.4948	0.4966	0.5894	0.4943	0.4925	0.4020	0.5934	0.5045	0.4971	0.5001	0.4961	0.5951
0.5002	0.5856	0.5014	0.5885	0.5922	0.4965	0.4125	0.5041	0.4948	0.4966	0.5894	0.4114	0.4925	0.4020	0.5934	0.5045	0.4971	0.5001	0.4961	0.5951
0.5002	0.5856	0.5014	0.5885	0.5922	0.4965	0.4125	0.5041	0.4948	0.4966	0.5894	0.4114	0.4925	0.4020	0.5934	0.5045	0.4971	0.5001	0.4961	0.5951
0.5002	0.5055	0.5014	0.5885	0.5922	0.4965	0.4125	0.5041	0.5058	0.4966	0.5894	0.4114	0.5949	0.4020	0.5934	0.5045	0.4971	0.5001	0.4961	0.5951
0.5002	0.5055	0.5014	0.5885	0.5922	0.4965	0.4125	0.5041	0.5058	0.4966	0.5894	0.4114	0.5949	0.4020	0.5934	0.5045	0.4971	0.5001	0.4961	0.5951
0.5002	0.5055	0.5014	0.5885	0.5922	0.4965	0.4125	0.5041	0.5058	0.4966	0.5894	0.4114	0.5949	0.4020	0.5934	0.5045	0.4971	0.5001	0.4961	0.5951
