0.4680	0.5437	0.3709	0.0840	0.4714	0.8792	0.1627	0.7385	0.9284	0.2174
0.4848	0.2616	0.8467	0.7386	0.0000	0.4342	0.3408	0.1081	0.2526	0.5554
0.4848	0.4699	0.7116	0.7107	0.4850	0.0000	0.6765	1.0000	0.5094	0.9474
0.4848	0.4412	0.7116	0.0000	0.4850	0.4772	0.7421	0.0000	0.9857	0.1580
0.4848	0.6956	0.2324	0.7455	0.5043	0.0000	0.5287	1.0000	0.0000	0.2588
0.4848	1.0000	0.5025	0.4849	0.2982	0.3323	0.2407	0.2728	0.9237	0.2494
0.4848	0.1958	1.0000	0.3503	0.4604	0.5246	0.6946	0.3067	0.1592	0.3249
0.4938	0.0000	0.1202	0.6664	0.0934	0.2494	0.6946	0.3067	0.0000	0.7009
0.4938	0.5193	1.0000	0.2798	0.5074	0.6392	0.6946	0.4271	0.5478	0.7009
0.4938	0.5193	0.5299	0.5094	0.5074	0.5689	0.6946	0.5535	0.0000	0.7009
0.4938	0.5193	0.4772	0.4681	0.5074	0.5369	1.0000	0.8015	1.0000	0.7009
0.4938	0.5193	0.4772	0.4681	0.5074	0.4736	0.4624	0.6671	0.4554	0.5025
0.4938	0.5193	0.4772	0.2873	0.5074	0.4736	0.5337	0.0000	0.8956	0.5025
0.4938	0.5193	0.4772	0.3255	0.2060	0.3059	0.3187	0.5081	0.4907	0.5025
0.4938	0.5193	0.4803	0.3255	0.1812	0.5598	0.6829	0.3036	0.2929	0.5025
0.4938	0.5193	1.0000	0.3255	0.3294	0.8103	0.0945	0.5122	0.4884	0.4757
0.4938	0.4722	0.0000	0.2648	0.3294	0.5357	0.4844	0.6915	0.4884	0.4757
0.4938	0.6699	0.7973	1.0000	0.2469	0.7217	0.4844	0.6915	0.4884	0.4757
0.4975	1.0000	1.0000	0.5084	0.0000	0.8871	0.4844	1.0000	0.4884	0.4757
0.4975	0.3003	0.7265	0.7095	0.5000	0.5058	0.6644	0.5349	0.4884	0.4757
0.5093	0.3003	0.7265	0.7095	0.5000	0.5112	0.6885	0.0000	0.4884	0.4757
0.5093	0.3003	0.1037	0.7124	0.5000	0.6065	0.6900	0.2478	0.4884	0.4757
0.5093	0.7397	0.9404	0.4875	0.5000	0.6959	0.6886	0.4846	0.4884	0.4757
0.5093	0.2783	0.7816	0.4875	0.5000	0.6959	0.3183	0.5094	0.4884	0.4757
0.5093	0.2783	0.1055	0.4870	0.5000	0.3144	0.5296	0.5094	0.4884	0.4757
0.5093	0.2619	0.2512	0.4870	0.5000	0.0000	0.3572	0.5094	0.4884	0.4757
0.5093	0.2742	0.5192	0.4972	0.5000	0.4977	0.7318	0.5094	0.4884	0.4757
0.5093	0.5489	0.5192	0.3334	0.5000	0.4977	0.7318	0.5094	0.4884	0.5281
0.5093	0.2584	0.5192	0.3123	0.5000	0.4977	0.7318	0.4956	0.4884	0.5281
0.5093	0.7186	0.5192	0.6921	0.5000	0.2897	0.5235	0.4956	0.4884	0.5281
0.5093	0.5134	0.5237	0.6921	0.5000	0.5324	0.5235	0.3182	0.4884	0.5281
0.5093	0.5089	0.5237	0.5168	0.5000	0.5119	0.5235	0.3182	0.4884	0.4905
0.5093	0.3129	0.5237	0.3218	0.5000	0.4490	0.5235	0.3182	0.4884	0.4905
0.5093	0.3129	0.5237	0.3218	0.5000	0.2153	0.5235	0.4653	0.4884	0.4905
0.5093	0.3129	0.5237	0.3218	0.5000	0.2908	0.5235	0.4653	0.4884	0.4905
0.5093	0.3129	0.5237	0.5108	0.5000	0.4747	0.5235	0.6789	0.4884	0.4905
0.5093	0.3129	0.4891	0.4705	0.5000	0.4747	0.5235	0.6789	0.4884	0.4905
0.5093	0.3129	0.4891	0.4705	0.5000	0.4913	0.5235	0.4863	0.4884	0.4905
0.5093	0.3129	0.4891	0.4705	0.5242	0.4913	0.5235	0.4863	0.4884	0.4905
0.5093	0.3129	0.4891	0.3243	0.1505	0.4913	0.5235	0.4863	0.4884	0.4905
0.5093	0.2854	0.4891	0.3243	0.3021	0.4913	0.5235	0.4863	0.5001	0.4905
0.5093	0.2854	0.4891	0.3243	0.3021	0.4913	0.5235	0.4863	0.5001	0.4905
0.5093	0.2854	0.4891	0.4893	0.6945	0.4913	0.5235	0.4863	0.5001	0.4905
0.5093	0.2854	0.4891	0.5110	0.6945	0.4913	0.5235	0.4863	0.5001	0.4905
0.5093	0.2854	0.4891	0.5110	0.6945	0.4913	0.5235	0.4863	0.5001	0.4905
0.5093	0.2854	0.4891	0.5110	0.5000	0.4913	0.5235	0.4863	0.5001	0.4905
0.5093	0.2854	0.4891	0.5110	0.5000	0.4913	0.5235	0.4863	0.5001	0.4830
0.5093	0.2854	0.4891	0.5110	0.5000	0.4913	0.4958	0.4863	0.5001	0.4830
0.5093	0.2854	0.4891	0.5110	0.4932	0.4913	0.4958	0.4863	0.5001	0.4830
0.5093	0.2854	0.4891	0.5110	0.4932	0.4913	0.4958	0.4863	0.5001	0.4830
0.5093	0.2854	0.4891	0.5110	0.6793	0.4913	0.4958	0.4863	0.5001	0.4830
0.5093	0.4982	0.4891	0.5110	0.6976	0.4913	0.4958	0.4863	0.5001	0.4830
0.5093	0.4982	0.4891	0.5110	0.6976	0.4913	0.4958	0.4863	0.5001	0.4830
0.5093	0.4982	0.4891	0.5110	0.6976	0.4913	0.4958	0.4863	0.5001	0.4830
0.5093	0.4982	0.4891	0.5110	0.5187	0.4913	0.4958	0.4863	0.5001	0.4830
0.5093	0.4982	0.4891	0.5110	0.5187	0.4913	0.4958	0.4863	0.5001	0.4830
0.5093	0.4982	0.4891	0.5110	0.5187	0.4913	0.4958	0.4863	0.5094	0.4830
0.5093	0.4982	0.4891	0.5110	0.5187	0.4913	0.4958	0.4863	0.5094	0.4830
0.5093	0.4982	0.4891	0.5110	0.5187	0.4913	0.4958	0.4863	0.5094	0.4830
0.5093	0.4982	0.4891	0.5110	0.5187	0.4913	0.4958	0.4863	0.5094	0.4830
0.5093	0.4982	0.4891	0.5110	0.5187	0.4913	0.4958	0.4863	0.5094	0.4830
0.5093	0.4982	0.4891	0.5110	0.5187	0.4913	0.4958	0.4863	0.5094	0.4830
0.5093	0.4982	0.4891	0.5110	0.5187	0.4913	0.4958	0.5083	0.5094	0.4830
0.5093	0.4982	0.4895	0.5110	0.5187	0.4913	0.4958	0.5083	0.5094	0.4830
0.5093	0.4982	0.4895	0.5110	0.5187	0.4913	0.4958	0.5083	0.5094	0.4830
0.5093	0.4982	0.4895	0.5110	0.5187	0.4913	0.4958	0.5083	0.5094	0.4830
0.5093	0.4982	0.4895	0.5110	0.5187	0.4913	0.4958	0.5083	0.5094	0.4830
0.5093	0.4982	0.4895	0.5110	0.5187	0.4913	0.4958	0.5083	0.5094	0.4830
0.5093	0.4982	0.4895	0.5110	0.5187	0.4913	0.4958	0.5083	0.5094	0.4830
0.5093	0.4982	0.4895	0.5110	0.5187	0.4913	0.4958	0.5083	0.5094	0.4830
0.5093	0.4982	0.4895	0.5110	0.5187	0.4913	0.4958	0.5083	0.5094	0.4830
0.5093	0.4982	0.4895	0.5110	0.5187	0.4913	0.4958	0.5083	0.5094	0.4830
0.5093	0.4982	0.4895	0.5110	0.5187	0.4913	0.4958	0.5083	0.5094	0.4830
0.5093	0.4982	0.4895	0.5110	0.5187	0.4913	0.4958	0.5083	0.5094	0.4830
0.5093	0.4982	0.4895	0.5110	0.5187	0.4913	0.4958	0.5083	0.5094	0.4830
0.5093	0.4982	0.4895	0.5110	0.5187	0.4913	0.4958	0.5083	0.5094	0.4830
0.5093	0.4982	0.5104	0.5110	0.5187	0.4913	0.4958	0.5083	0.5094	0.4830
0.5093	0.4982	0.5104	0.5110	0.5187	0.4913	0.4958	0.5083	0.5094	0.4830
0.5093	0.4982	0.5104	0.5110	0.4875	0.4913	0.4958	0.5083	0.5094	0.4830
0.5093	0.4982	0.5104	0.5110	0.4875	0.4913	0.4958	0.5083	0.5094	0.4830
0.5093	0.4982	0.5104	0.5110	0.4875	0.4913	0.4958	0.5083	0.5094	0.4830
0.5093	0.4982	0.5104	0.5110	0.4875	0.4913	0.4958	0.5083	0.5073	0.4986
0.5093	0.4982	0.5104	0.5110	0.4875	0.4913	0.4958	0.5083	0.5073	0.4986
0.5093	0.4982	0.5104	0.5110	0.4875	0.4913	0.4958	0.5083	0.5073	0.4986
0.5093	0.4982	0.5104	0.5110	0.4875	0.4913	0.4958	0.5083	0.5073	0.4986
0.5093	0.4982	0.5104	0.5110	0.4875	0.4913	0.4958	0.5083	0.5073	0.4986
0.5093	0.4982	0.5104	0.5110	0.4875	0.4913	0.4958	0.5083	0.5073	0.4986
0.5093	0.4982	0.5104	0.5110	0.4875	0.4913	0.4958	0.5083	0.5073	0.4986
0.5093	0.4982	0.5104	0.5110	0.4875	0.4913	0.4958	0.5083	0.5032	0.4986
0.5093	0.4982	0.5104	0.5110	0.4875	0.4913	0.4958	0.5083	0.5032	0.4986
0.5093	0.4982	0.5104	0.5110	0.4875	0.4913	0.4958	0.5083	0.5032	0.4986
0.5093	0.4982	0.5104	0.5110	0.4875	0.4913	0.4958	0.5083	0.5032	0.4986
0.5093	0.4982	0.5104	0.5110	0.4875	0.4913	0.4958	0.5083	0.5032	0.4986
0.5093	0.4982	0.5104	0.5110	0.4875	0.5110	0.4958	0.5083	0.5032	0.4986
0.5093	0.4982	0.5104	0.5110	0.5057	0.5110	0.4958	0.5083	0.5032	0.4986
0.5093	0.4982	0.5104	0.5110	0.5057	0.5110	0.4958	0.5083	0.5032	0.4986
0.5093	0.4982	0.5104	0.4949	0.5057	0.5110	0.4958	0.5083	0.5032	0.4986
0.5093	0.4982	0.5104	0.4949	0.5057	0.5110	0.4958	0.5083	0.5032	0.4986
0.5093	0.4982	0.5104	0.4949	0.5057	0.5110	0.4958	0.5083	0.5032	0.4986
0.5093	0.4982	0.5104	0.4949	0.5057	0.5110	0.4958	0.5083	0.5032	0.4986
0.5093	0.4982	0.5104	0.4949	0.5057	0.5110	0.4958	0.5083	0.5032	0.4986
