0.3897	0.7567	0.0467	0.6643	0.4659	0.0830	0.1503	0.9618	0.2749	0.8268	0.3918	0.2148	0.9450	0.4903	0.1889	0.6816	0.6003	0.2154	0.0302	0.4492
0.3562	0.7075	0.5832	0.7116	0.4197	0.4729	0.8666	0.0778	1.0000	0.2080	1.0000	0.8168	0.4688	0.3087	0.5647	0.1753	0.5031	0.5127	0.5411	0.3490
0.7779	0.2750	1.0000	0.0492	0.4834	0.0154	0.6672	1.0000	0.1328	0.2579	0.6973	0.0000	0.1367	0.4184	0.5264	0.6544	0.6653	1.0000	0.2294	0.4522
0.6836	0.4364	0.5082	0.6832	0.3934	0.2382	0.4907	0.3549	0.5802	0.5317	0.3765	0.8558	0.2620	0.0964	0.3096	0.8344	0.7764	0.5166	0.6760	0.6398
0.5864	0.3158	0.3165	0.8136	0.6856	0.5952	1.0000	0.5588	0.5802	0.7341	0.4961	0.3321	0.8910	0.2922	0.4028	0.6033	0.4135	0.2359	0.6760	0.5841
0.5864	1.0000	0.5841	0.7803	0.3918	0.6066	0.1483	0.6932	0.5802	0.0000	0.6007	0.5007	0.0000	0.6513	0.4028	0.3882	1.0000	0.5083	0.4879	0.5841
0.4169	0.4942	0.5869	0.6766	0.3837	1.0000	0.6220	0.5727	0.5802	0.0000	0.4106	0.5007	0.0570	0.4217	0.4028	0.1190	0.4974	0.0748	0.4879	0.4109
0.4169	0.4942	0.5869	0.7741	0.8567	0.3237	0.5584	0.8670	0.7015	0.8566	0.2692	0.5007	1.0000	0.4958	0.4028	0.3723	0.4974	0.4819	0.4879	0.4993
0.4947	0.4926	0.5793	0.3039	0.1428	0.5875	0.8242	0.6612	0.4010	0.4586	0.6183	0.5007	0.3232	0.0000	0.4028	0.1999	0.4974	0.4819	0.4879	0.4993
0.4947	0.4926	0.5793	0.1339	0.2441	0.5875	0.7315	0.6612	0.6115	0.0766	0.5763	0.5007	0.2900	0.5038	0.6807	0.7922	0.4974	1.0000	0.2280	0.4993
0.4947	0.0955	0.5793	0.3239	0.2441	0.2200	1.0000	0.2379	0.4866	0.4880	0.5117	0.5007	0.3076	0.5038	0.6663	0.3321	0.4974	0.7386	0.2280	0.4993
0.6814	0.4922	0.5793	0.3239	0.6046	0.4768	0.0251	0.6036	0.4866	0.5262	0.7035	0.5007	0.8378	0.4150	0.3304	0.3321	0.4974	0.2384	0.6897	0.4993
0.6814	0.4922	0.5793	0.3239	0.6046	0.5963	0.4065	1.0000	0.5102	1.0000	0.3914	0.5007	0.5882	0.4150	0.6034	0.6871	0.4974	0.7631	0.4956	0.4993
0.4265	0.4922	0.5793	0.3239	0.5915	0.0000	0.4065	0.6872	0.3969	0.2078	0.4150	0.5083	0.5802	0.4150	0.5256	0.7575	0.4974	0.6671	0.3226	0.4993
0.4265	0.4922	0.5793	0.3239	0.5915	0.3768	0.4065	0.5823	0.3969	0.6833	0.0000	0.5083	0.6849	0.6643	0.5975	0.5835	0.4974	0.5920	0.3226	0.4993
0.4075	0.3963	0.5793	0.3239	0.5915	0.6788	0.4065	0.5823	0.7713	0.0000	0.6809	0.5083	0.4282	0.7373	1.0000	0.5835	0.4974	0.1475	0.3226	0.4993
0.5870	0.4276	0.5793	0.3239	0.0000	0.2985	0.5876	0.2388	0.4207	0.0000	0.0000	0.5083	0.4282	0.6250	0.3306	0.5810	0.4974	1.0000	0.3226	0.4993
0.5870	0.2211	0.5793	0.3239	0.3013	0.5809	0.8122	0.2193	0.4178	0.3143	1.0000	0.5083	0.3992	0.2779	0.3306	0.5810	0.4974	0.3754	0.3226	0.4993
0.5870	0.7939	0.5793	0.3239	0.4916	0.4028	0.1309	0.4986	0.4178	0.0000	0.2222	0.5083	0.3036	0.6802	0.8688	0.5810	0.4974	0.7442	0.4083	0.4993
0.5870	0.0000	0.5793	0.3079	0.5701	0.2186	0.9290	0.4079	0.4178	0.4346	0.3950	0.5083	1.0000	0.6499	0.4191	0.5810	0.4974	0.3332	0.4083	0.4993
0.6713	0.6649	0.5793	0.3079	0.4996	0.2430	0.4328	0.4142	0.4178	0.7698	0.5091	0.5083	0.4729	0.5499	0.5913	0.4104	0.4974	0.3928	0.4083	0.4993
0.5892	0.5945	0.5793	0.3079	0.5842	0.6004	0.1033	0.4142	0.4178	0.7698	0.4132	0.5083	0.6820	0.6850	0.5082	0.4980	0.4974	0.3928	0.5970	0.4993
0.5892	0.3320	0.5793	0.4840	0.5842	0.5826	0.6969	0.4142	0.4178	0.6112	0.4132	0.5083	0.7146	0.4037	0.5082	0.4980	0.4974	0.6891	0.3284	0.4993
0.5892	0.6023	0.5793	0.4840	0.7441	0.6850	0.7744	0.4142	0.5758	0.5826	0.4132	0.5083	0.6783	0.4037	0.5082	0.4980	0.4974	0.6891	0.4889	0.4189
0.5892	0.6023	0.5793	0.7673	0.5125	0.7477	0.3961	0.4142	0.5758	0.5826	0.4132	0.5083	0.6783	0.4037	0.4801	0.4980	0.4974	0.4250	0.4889	0.4189
0.5941	0.5074	0.5793	0.7673	0.3246	0.4131	1.0000	0.4142	0.5758	0.3204	0.4132	0.5083	0.4889	0.4037	0.3986	0.4980	0.4974	0.4184	0.4889	0.4189
0.5941	0.5074	0.5793	0.4981	0.4622	0.5747	0.1585	0.4142	0.5758	0.3204	0.4132	0.5083	0.4889	0.4037	0.3986	0.4939	0.4974	0.4184	0.4124	0.4189
0.5941	0.4839	0.5793	0.4981	1.0000	0.3089	0.4248	0.4142	0.5758	0.3204	0.4132	0.5083	0.4889	0.4037	0.3986	0.4939	0.4974	0.4184	0.4124	0.5827
0.5941	0.5020	0.5793	0.5866	0.3473	0.7686	0.3176	0.4142	0.3095	0.3204	0.4132	0.5083	0.4889	0.4037	0.3986	0.4967	0.4974	0.4184	0.4124	0.3184
0.5036	0.4916	0.5793	0.5866	1.0000	0.5919	0.3176	0.4142	0.5981	0.3204	0.4132	0.5083	0.5141	0.4037	0.3103	0.6187	0.4974	0.4184	0.4124	0.3184
0.5036	0.4916	0.5793	0.5866	0.3141	0.4974	0.3176	0.4142	0.5981	0.3204	0.4132	0.5083	0.5141	0.5066	0.3103	1.0000	0.4974	0.5001	0.4124	0.3184
0.5036	0.4916	0.5793	0.5866	0.3973	0.4974	0.3176	0.4142	0.5981	0.4962	0.4132	0.5083	0.5141	0.5066	0.4014	0.2141	0.5962	0.5001	0.4124	0.3184
0.5036	0.4916	0.5793	0.5866	0.4109	0.4974	0.4936	0.4952	0.5981	0.5005	0.4132	0.5083	0.4886	0.5066	0.4014	0.3855	0.5962	0.5001	0.4124	0.3184
0.5036	0.4916	0.5793	0.5866	0.4109	0.4974	0.4936	0.4952	0.5981	0.5005	0.4132	0.5853	0.4886	0.5066	0.4014	0.4960	0.5962	0.5001	0.4124	0.4979
0.5036	0.4049	0.5793	0.5866	0.4109	0.4974	0.4936	0.4952	0.5981	0.5005	0.4132	0.5853	0.4886	0.5066	0.4014	0.6654	0.5962	0.5001	0.4124	0.4979
0.5036	0.6871	0.5793	0.5866	0.5089	0.4974	0.4936	0.4952	0.5981	0.5005	0.4132	0.5853	0.4886	0.5066	0.4014	0.4981	0.5962	0.5001	0.4124	0.4979
0.5036	0.6871	0.5793	0.5866	0.5089	0.4974	0.4936	0.4980	0.5981	0.5005	0.4132	0.5853	0.4886	0.5066	0.5784	0.4981	0.5962	0.5001	0.4124	0.4979
0.5036	0.6871	0.5793	0.5866	0.4161	0.4974	0.4936	0.4980	0.4816	0.4043	0.4132	0.5853	0.4886	0.5066	0.5784	0.4981	0.5962	0.5001	0.4124	0.4979
0.5036	0.6871	0.5793	0.5866	0.4161	0.4974	0.5067	0.4980	0.4816	0.4043	0.5161	0.5853	0.4886	0.5066	0.5784	0.4981	0.5962	0.5001	0.4124	0.4979
0.5036	0.5881	0.5793	0.5866	0.4161	0.4974	0.5067	0.4980	0.5085	0.4043	0.5161	0.4140	0.4886	0.5066	0.5784	0.4981	0.5962	0.5001	0.4124	0.4979
0.5036	0.5881	0.5793	0.5866	0.4161	0.4974	0.5067	0.4980	0.5085	0.4043	0.5161	0.4140	0.4886	0.5066	0.5784	0.4981	0.5962	0.5001	0.4124	0.4979
0.5036	0.5881	0.5991	0.5866	0.4161	0.4974	0.5067	0.4980	0.5085	0.4043	0.3122	0.5076	0.4886	0.5066	0.5784	0.4981	0.5962	0.5001	0.4076	0.4979
0.5036	0.5881	0.5991	0.5866	0.4161	0.4974	0.5067	0.4980	0.5085	0.4043	0.4866	0.5076	0.4886	0.5066	0.5784	0.4981	0.5962	0.5008	0.4076	0.4979
0.5036	0.5811	0.5991	0.5866	0.4161	0.4974	0.5067	0.4980	0.5085	0.4043	0.4866	0.5076	0.4886	0.5066	0.5784	0.4981	0.5962	0.5008	0.4076	0.4979
0.5036	0.5042	0.5991	0.5866	0.4161	0.4974	0.5067	0.4980	0.4131	0.4043	0.4866	0.5076	0.4886	0.5066	0.5784	0.5903	0.5962	0.5008	0.4076	0.4979
0.5036	0.5042	0.5991	0.5866	0.4161	0.4974	0.5067	0.4980	0.4131	0.4932	0.4866	0.5076	0.4886	0.5066	0.5784	0.5869	0.5962	0.5008	0.4076	0.4979
0.5036	0.5042	0.5991	0.5866	0.4161	0.4974	0.5067	0.4980	0.4131	0.4932	0.4866	0.5076	0.4886	0.5066	0.4117	0.5869	0.5962	0.5008	0.4076	0.4979
0.5036	0.5060	0.5991	0.5866	0.4161	0.4974	0.5067	0.4980	0.4131	0.4932	0.4866	0.5076	0.4886	0.5066	0.4945	0.5869	0.5962	0.5008	0.4076	0.4979
0.5036	0.5060	0.5991	0.5866	0.4066	0.4974	0.5067	0.4980	0.4131	0.4932	0.4866	0.5076	0.5839	0.5066	0.4945	0.5869	0.5962	0.5008	0.4076	0.4979
0.5036	0.5060	0.5991	0.5866	0.4066	0.4974	0.5067	0.4980	0.4131	0.4932	0.4866	0.5076	0.5839	0.5066	0.4945	0.5869	0.5962	0.5008	0.4076	0.4979
0.5036	0.5060	0.5991	0.5866	0.4066	0.4974	0.5067	0.4980	0.4131	0.4932	0.4866	0.5076	0.5839	0.5066	0.4945	0.3116	0.5962	0.5008	0.4076	0.4979
0.5036	0.5060	0.5991	0.5866	0.4066	0.4974	0.5067	0.4980	0.4131	0.4932	0.4032	0.5076	0.5839	0.5066	0.4945	0.3116	0.5962	0.5008	0.4076	0.4979
0.5036	0.5060	0.5991	0.5866	0.4066	0.4974	0.5067	0.4980	0.4131	0.4932	0.4032	0.5076	0.5839	0.5066	0.4905	0.3116	0.5962	0.5008	0.4076	0.4979
0.5036	0.5060	0.5991	0.5866	0.4066	0.5853	0.5067	0.4980	0.4131	0.4932	0.4032	0.5076	0.5839	0.5066	0.4905	0.3116	0.5962	0.5008	0.5002	0.4979
0.5036	0.5060	0.5991	0.5891	0.4066	0.5853	0.5067	0.4980	0.4131	0.4932	0.4080	0.5076	0.5839	0.5066	0.4905	0.3116	0.5962	0.5008	0.5002	0.4979
0.5036	0.5060	0.5991	0.5891	0.4066	0.5853	0.5067	0.4980	0.4131	0.4932	0.4080	0.4126	0.5839	0.5066	0.4905	0.3116	0.5962	0.5008	0.5002	0.4979
0.5036	0.5060	0.5991	0.5891	0.4066	0.5853	0.5067	0.4980	0.4131	0.5117	0.4080	0.4126	0.5839	0.5066	0.4905	0.3116	0.5962	0.5008	0.5002	0.4979
0.5036	0.5833	0.5991	0.5891	0.5045	0.5853	0.5065	0.4980	0.4131	0.5117	0.4140	0.4126	0.5839	0.5881	0.5930	0.5940	0.5932	0.5008	0.5002	0.4979
0.5036	0.5833	0.5991	0.5891	0.5045	0.5853	0.5065	0.4980	0.4131	0.5117	0.4140	0.4126	0.5839	0.5881	0.5930	0.5940	0.5932	0.5008	0.5002	0.4979
0.5036	0.5833	0.5991	0.5891	0.5045	0.5853	0.5065	0.4980	0.4131	0.5117	0.4140	0.4126	0.5839	0.5881	0.5930	0.5940	0.5932	0.5008	0.5002	0.4979
0.5036	0.5833	0.5991	0.5891	0.5045	0.5853	0.5065	0.4980	0.4131	0.5117	0.4140	0.4126	0.5839	0.5881	0.5930	0.5940	0.5932	0.5008	0.5002	0.4979
0.5036	0.5833	0.5991	0.5891	0.5045	0.5853	0.5065	0.4980	0.4131	0.5117	0.4140	0.4126	0.5839	0.5910	0.5893	0.5940	0.5932	0.5008	0.5002	0.4979
0.5036	0.5833	0.5991	0.5891	0.5045	0.5853	0.5065	0.4980	0.4131	0.5117	0.4140	0.4126	0.5839	0.5910	0.5052	0.5759	0.5932	0.5008	0.5002	0.4979
0.5036	0.5833	0.5035	0.5891	0.5045	0.5853	0.5065	0.4980	0.4131	0.5117	0.4140	0.4126	0.5839	0.5910	0.5052	0.5759	0.5932	0.5008	0.5002	0.4979
0.5036	0.5833	0.5035	0.5891	0.5045	0.5853	0.5065	0.4980	0.4131	0.5117	0.4140	0.4126	0.5839	0.5910	0.5052	0.5759	0.5932	0.5008	0.5883	0.4979
0.5036	0.5033	0.5035	0.5891	0.5045	0.5853	0.5065	0.4980	0.4131	0.5117	0.4140	0.4126	0.5839	0.5910	0.5052	0.5759	0.5932	0.5008	0.5883	0.4979
0.5036	0.5033	0.5035	0.5891	0.5045	0.5853	0.5065	0.4980	0.4131	0.5117	0.4140	0.4126	0.5839	0.5910	0.5052	0.5759	0.5932	0.5008	0.5883	0.4961
0.5036	0.5033	0.5035	0.5891	0.5045	0.5853	0.5065	0.4980	0.4131	0.5117	0.4140	0.4126	0.5839	0.5910	0.5052	0.5759	0.5932	0.5008	0.5883	0.4961
0.5036	0.5033	0.5035	0.5891	0.5045	0.5853	0.5065	0.4980	0.4131	0.5117	0.4140	0.4126	0.5839	0.5910	0.5052	0.5759	0.5932	0.5008	0.5883	0.4961
0.5036	0.5033	0.5035	0.5891	0.5045	0.5853	0.5065	0.4980	0.4131	0.5117	0.4140	0.4126	0.5839	0.5910	0.5052	0.5759	0.5932	0.5008	0.5883	0.4961
0.5036	0.5033	0.5035	0.5891	0.5045	0.5853	0.5065	0.4980	0.4131	0.5117	0.4140	0.4126	0.5839	0.4202	0.5052	0.5759	0.5932	0.5008	0.5883	0.4961
0.5036	0.5033	0.5035	0.5891	0.5045	0.5853	0.5065	0.4980	0.4131	0.5117	0.4140	0.4126	0.5839	0.4202	0.5052	0.5759	0.5932	0.5008	0.5883	0.4961
0.5036	0.5033	0.5035	0.5891	0.5045	0.5853	0.5065	0.4980	0.4131	0.5117	0.4140	0.4126	0.5839	0.4202	0.5052	0.5759	0.5932	0.5008	0.5883	0.4961
0.5036	0.5033	0.5035	0.5891	0.5045	0.5853	0.5065	0.4980	0.4131	0.5117	0.4140	0.4126	0.5839	0.5083	0.5052	0.5759	0.5932	0.5008	0.5883	0.4961
0.5036	0.5033	0.5035	0.5891	0.5045	0.5853	0.5065	0.4980	0.4131	0.5117	0.4140	0.4126	0.5839	0.5083	0.5052	0.5759	0.5932	0.5008	0.5883	0.4961
0.5036	0.5033	0.5035	0.5891	0.5045	0.5853	0.5065	0.4980	0.4131	0.5117	0.4140	0.4126	0.5839	0.5083	0.5052	0.5759	0.5932	0.5008	0.5883	0.4961
0.5036	0.5033	0.5035	0.5891	0.5045	0.5853	0.5065	0.4980	0.4131	0.5117	0.4140	0.4126	0.5839	0.4187	0.5052	0.5759	0.5932	0.5008	0.5883	0.4961
0.5036	0.5033	0.5035	0.4154	0.5045	0.5853	0.5065	0.4980	0.4131	0.5117	0.4140	0.4126	0.5839	0.4187	0.5052	0.5759	0.5932	0.5008	0.5883	0.4961
0.5036	0.4158	0.5035	0.4154	0.5045	0.5853	0.5065	0.4980	0.4938	0.5117	0.4140	0.4126	0.5839	0.4187	0.5052	0.5759	0.5932	0.5008	0.5883	0.4961
0.5036	0.4158	0.5035	0.4154	0.5045	0.5853	0.5065	0.4980	0.4938	0.5117	0.4140	0.4126	0.5839	0.4187	0.5052	0.5759	0.5932	0.5008	0.5883	0.4961
0.5036	0.4158	0.5035	0.4154	0.5045	0.5853	0.5065	0.4980	0.4938	0.5117	0.4140	0.4126	0.5839	0.4187	0.5052	0.5759	0.5932	0.5008	0.5883	0.4961
0.5036	0.4158	0.5035	0.4154	0.5045	0.5853	0.5065	0.4980	0.4938	0.5117	0.4140	0.4126	0.5839	0.4187	0.5052	0.5759	0.5932	0.5008	0.5883	0.4961
0.5036	0.4158	0.5035	0.4154	0.5045	0.5853	0.5065	0.4980	0.4938	0.5117	0.4140	0.4126	0.5839	0.4187	0.5052	0.5759	0.5932	0.5008	0.5883	0.4961
0.5036	0.4158	0.5035	0.4154	0.5045	0.5853	0.5065	0.4980	0.4938	0.5117	0.4140	0.4126	0.5839	0.4187	0.5052	0.5759	0.5932	0.5008	0.5883	0.4961
0.5036	0.4158	0.5035	0.4154	0.5045	0.5853	0.5065	0.4980	0.4938	0.5117	0.4140	0.4126	0.5839	0.4187	0.5052	0.5759	0.5049	0.5008	0.5883	0.4961
0.5036	0.4158	0.5035	0.4154	0.5045	0.5853	0.5065	0.4980	0.4938	0.5117	0.4140	0.4126	0.5839	0.4187	0.5052	0.5759	0.5049	0.5008	0.5883	0.4961
0.5036	0.4158	0.5035	0.4154	0.5045	0.5853	0.5065	0.4980	0.4938	0.5117	0.4140	0.4126	0.5839	0.4187	0.5052	0.5759	0.5049	0.5008	0.5883	0.4961
0.5036	0.4158	0.5035	0.4154	0.4142	0.5853	0.5065	0.4980	0.4938	0.5117	0.4140	0.4126	0.5839	0.4187	0.5052	0.5759	0.5049	0.5008	0.5883	0.4961
0.5036	0.4158	0.5035	0.4959	0.4142	0.5853	0.5065	0.4980	0.4938	0.5117	0.4140	0.4126	0.5839	0.4187	0.5052	0.5759	0.5049	0.5008	0.5883	0.4961
0.5036	0.4158	0.5035	0.4959	0.4142	0.5853	0.5065	0.4980	0.4938	0.5117	0.4140	0.4126	0.5839	0.4187	0.5052	0.5759	0.5049	0.5008	0.5883	0.4961
0.5036	0.4158	0.5035	0.4959	0.4142	0.5853	0.5065	0.4980	0.4938	0.5117	0.4140	0.4126	0.5047	0.4187	0.5052	0.5759	0.5049	0.5008	0.5883	0.4961
0.5036	0.4158	0.5035	0.4959	0.4142	0.5853	0.5065	0.4980	0.4938	0.5117	0.4140	0.4126	0.5047	0.4187	0.5052	0.5759	0.5049	0.5008	0.5883	0.4961
0.5036	0.4158	0.5035	0.4959	0.4142	0.5853	0.5065	0.4980	0.4938	0.5117	0.4140	0.4126	0.5047	0.4016	0.5052	0.5759	0.5049	0.5008	0.5883	0.4961
0.5036	0.4158	0.5035	0.4959	0.4142	0.5853	0.5065	0.4980	0.4938	0.5117	0.4140	0.4126	0.5047	0.4016	0.5052	0.5759	0.5049	0.5008	0.5883	0.4961
0.5036	0.4158	0.5035	0.4959	0.4142	0.5853	0.5065	0.4980	0.4938	0.5117	0.4140	0.4126	0.5047	0.4016	0.5052	0.5759	0.5049	0.5008	0.5883	0.4961
0.5036	0.4158	0.5035	0.4959	0.4142	0.5853	0.5065	0.4980	0.4938	0.5117	0.5013	0.4126	0.5047	0.4016	0.5885	0.5759	0.5049	0.5008	0.5883	0.4961
0.4101	0.4158	0.5035	0.4959	0.4142	0.5853	0.5065	0.4980	0.4938	0.5117	0.5013	0.4126	0.5047	0.4016	0.5885	0.5759	0.5081	0.5008	0.5883	0.4961
0.4101	0.4158	0.5035	0.4959	0.4142	0.5853	0.5065	0.4980	0.4938	0.5117	0.5013	0.4126	0.5047	0.4016	0.5885	0.5759	0.5081	0.5008	0.5883	0.4961
0.4101	0.4158	0.5035	0.4959	0.4142	0.5853	0.5065	0.4980	0.4938	0.5117	0.5013	0.4126	0.5047	0.4016	0.5885	0.5759	0.5081	0.5008	0.5883	0.4961
0.4101	0.4158	0.5035	0.4959	0.4142	0.5853	0.5065	0.4980	0.4938	0.5117	0.5013	0.4126	0.5047	0.4016	0.5885	0.5759	0.5081	0.5008	0.5883	0.5906
0.4101	0.4158	0.5035	0.4959	0.4142	0.5853	0.5065	0.4980	0.4938	0.5117	0.5013	0.4126	0.5047	0.4016	0.5885	0.5759	0.5081	0.5008	0.5883	0.5906
