0.4628	0.6864	0.7643	0.1193	0.8641	0.0520	0.5800	0.2010	0.1270	0.0148
0.4810	0.8352	0.1844	0.5569	1.0000	0.4841	0.5003	0.4266	0.5404	0.1695
0.0000	0.8125	0.4937	0.0000	0.1543	0.1981	0.2694	0.3104	0.0000	0.0000
0.3051	1.0000	0.2275	0.5104	0.7245	1.0000	0.9094	0.3402	0.0000	0.8654
0.3051	0.6486	0.3748	0.6274	0.6347	0.6192	0.0000	0.1832	0.2707	0.7268
0.4319	0.5100	0.3609	0.2899	0.6347	0.3531	0.4239	0.7992	0.0000	0.5076
0.3546	1.0000	0.5066	0.9539	0.6347	0.4852	0.5719	0.4443	0.0000	0.5076
0.3546	0.7512	0.5066	0.3224	0.6347	0.4422	0.4807	0.4443	1.0000	0.5076
0.3546	0.0000	0.5066	0.5652	0.6347	0.4422	0.3637	0.4443	0.2962	0.5076
0.3546	0.9974	0.5662	0.5143	0.6347	0.4422	0.3637	0.2899	0.5949	0.5076
0.3546	0.5750	0.5662	0.6483	0.6347	0.6390	0.3637	0.4346	0.5164	0.5076
0.3546	0.5750	0.5662	0.0502	0.6347	0.4255	0.5420	0.4346	0.6150	0.5076
0.5716	0.5750	0.3772	0.5563	0.6347	0.4255	0.6509	0.4346	0.0083	0.5076
0.5716	0.5750	0.6317	0.4210	0.4384	0.6396	0.7658	0.4346	0.6499	0.5076
0.5716	0.5750	0.6317	0.5347	0.4937	0.5554	0.2913	0.4346	0.6072	0.5076
0.5716	0.5750	0.6317	0.5774	0.6962	0.5664	0.6866	0.4346	0.2301	0.5076
0.5716	0.3637	0.6317	0.2079	0.0000	0.5664	0.3729	0.4346	0.4959	0.5076
0.5716	0.3698	0.6317	0.7692	0.1687	0.5664	0.4879	0.4346	1.0000	0.5076
0.5716	0.3698	0.6317	0.5596	0.2232	0.4868	0.4879	0.4346	0.3483	0.5076
0.5591	0.3698	0.6317	0.5596	0.3632	0.4868	0.4879	0.4346	0.7387	0.5076
0.5591	0.3698	0.6317	0.5596	0.4961	0.4868	0.4879	0.4346	0.5005	0.5076
0.5591	0.3698	0.6317	0.5596	0.4961	0.4868	0.4879	0.4346	0.5005	0.5076
0.5591	0.5705	0.6317	0.4333	0.4961	0.3812	0.6265	0.4346	0.5005	0.5045
0.5591	0.5705	0.6317	0.4423	0.4961	0.4255	0.6265	0.4346	0.5005	0.5045
0.5591	0.5705	0.6317	0.4423	0.4961	0.5146	0.6265	0.4346	0.5005	0.5045
0.5591	0.5705	0.3574	0.4423	0.4961	0.5146	0.4330	0.4346	0.5005	0.5045
0.5591	0.5633	0.3574	0.4423	0.4961	0.5146	0.4330	0.4346	0.5005	0.5045
0.5591	0.5633	0.3574	0.4423	0.4961	0.5146	0.4330	0.4346	0.5005	0.5045
0.4401	0.5633	0.3574	0.4423	0.4961	0.5146	0.4383	0.4346	0.5005	0.5045
0.4401	0.5633	0.4939	0.4423	0.4961	0.7026	0.4383	0.4346	0.5005	0.5045
0.4401	0.5633	0.6275	0.4423	0.4961	0.7026	0.4383	0.4346	0.5005	0.5045
0.4401	0.4336	0.6275	0.4423	0.4961	0.4976	0.4383	0.4346	0.5005	0.5045
0.5698	0.4336	0.6275	0.4423	0.4961	0.4976	0.4383	0.4994	0.5005	0.5045
0.5698	0.4336	0.6275	0.4423	0.4961	0.4976	0.4383	0.4994	0.5005	0.5045
0.5698	0.6345	0.6275	1.0000	0.4961	0.4976	0.5554	0.5582	0.5005	0.5045
0.5698	0.6345	0.4197	0.1500	0.4961	0.4976	0.4958	0.3670	0.5005	0.5045
0.5698	0.3611	0.4197	0.3274	0.4961	0.4976	0.4958	0.3670	0.5005	0.5045
0.5698	0.3611	0.4197	0.4149	0.4961	0.4976	0.4958	0.3670	0.5005	0.5045
0.5698	0.3611	0.5125	0.7568	0.4961	0.4976	0.4958	0.4343	0.5005	0.5045
0.5698	0.5566	0.5125	0.7568	0.4961	0.4976	0.4958	0.4343	0.4302	0.5045
0.5698	0.5566	0.6335	0.4210	0.4961	0.4976	0.4295	0.4343	0.4932	0.5045
0.5698	0.5652	0.6335	0.4210	0.4961	0.4976	0.4295	0.4343	0.4932	0.5645
0.5036	0.5652	0.6335	0.4328	0.4961	0.4976	0.4295	0.4343	0.5650	0.5645
0.5036	0.5652	0.6335	0.4328	0.4961	0.4976	0.4295	0.4343	0.5650	0.5645
0.5036	0.5064	0.6335	0.4283	0.4961	0.4976	0.4295	0.4343	0.5650	0.5645
0.5036	0.5064	0.6335	0.4283	0.4961	0.4976	0.4295	0.4343	0.5650	0.5618
0.5036	0.5064	0.5045	0.4283	0.4961	0.4976	0.4295	0.4343	0.4988	0.5618
0.5036	0.5064	0.5045	0.4283	0.4961	0.4976	0.4295	0.4343	0.4988	0.5618
0.5036	0.5064	0.5045	0.4283	0.4961	0.4976	0.4295	0.4343	0.4988	0.5618
0.5036	0.5064	0.5045	0.4283	0.4961	0.4976	0.4295	0.4343	0.4988	0.5618
0.5036	0.5064	0.5045	0.4283	0.4961	0.4976	0.4295	0.4343	0.4988	0.5618
0.5036	0.5064	0.5045	0.4283	0.4961	0.4976	0.4295	0.4343	0.4988	0.5618
0.5036	0.5064	0.5045	0.4283	0.4961	0.4976	0.4295	0.4343	0.4988	0.5618
0.5036	0.5064	0.5045	0.4283	0.4961	0.4976	0.4972	0.4343	0.4988	0.5618
0.5036	0.5039	0.5045	0.4283	0.4961	0.4976	0.4972	0.4343	0.4988	0.5618
0.5036	0.5039	0.5045	0.4283	0.4961	0.4976	0.4972	0.4343	0.4988	0.5618
0.5036	0.5039	0.5045	0.4283	0.4961	0.4976	0.4972	0.4343	0.4988	0.5618
0.5036	0.5039	0.4991	0.4283	0.4961	0.4976	0.4972	0.4343	0.4988	0.5653
0.5036	0.5039	0.4991	0.4969	0.4961	0.4976	0.4972	0.4343	0.4988	0.5653
0.5036	0.5682	0.4991	0.4969	0.4961	0.4976	0.4972	0.4343	0.4988	0.5653
0.5036	0.5682	0.4991	0.4969	0.5634	0.4976	0.4972	0.4343	0.4988	0.5653
0.5036	0.5682	0.4991	0.4969	0.5634	0.4976	0.4972	0.4343	0.4988	0.5653
0.5036	0.5682	0.4991	0.4969	0.5634	0.4976	0.4972	0.4343	0.4988	0.5653
0.5036	0.5682	0.4991	0.4969	0.5634	0.4976	0.4972	0.4343	0.4988	0.5653
0.5036	0.5682	0.4991	0.4969	0.5634	0.4976	0.4972	0.4343	0.4988	0.5653
0.5036	0.5682	0.4991	0.4969	0.5634	0.4976	0.4972	0.4343	0.4988	0.5653
0.5036	0.5682	0.4991	0.4969	0.5634	0.4976	0.4972	0.4343	0.4988	0.5653
0.5036	0.5682	0.4991	0.4969	0.5634	0.4976	0.4972	0.4343	0.4988	0.5653
0.5036	0.5682	0.4991	0.4969	0.5634	0.4976	0.4972	0.4343	0.4988	0.5653
0.5036	0.5682	0.4991	0.4969	0.5634	0.4976	0.4972	0.4343	0.4988	0.5653
0.5036	0.5682	0.4991	0.4969	0.5634	0.4976	0.4972	0.4343	0.4988	0.5653
0.5036	0.5682	0.4991	0.4969	0.5634	0.4976	0.4972	0.4343	0.4988	0.4988
0.5036	0.5682	0.4991	0.4969	0.5634	0.4976	0.4972	0.4343	0.4988	0.4988
0.5036	0.5682	0.4991	0.4969	0.5634	0.4976	0.4972	0.4343	0.4988	0.4988
0.5036	0.5682	0.4991	0.4969	0.5634	0.4976	0.4972	0.4343	0.4988	0.4988
0.5036	0.5682	0.4991	0.4969	0.5634	0.4976	0.4972	0.4343	0.4988	0.4988
0.5036	0.5682	0.4300	0.4969	0.5634	0.4976	0.4972	0.4343	0.4988	0.4988
0.5036	0.5682	0.4300	0.4969	0.5634	0.4976	0.4972	0.4343	0.4988	0.4988
0.5036	0.5682	0.4300	0.4969	0.5634	0.4976	0.4972	0.4343	0.4988	0.4988
0.5036	0.5682	0.4300	0.4969	0.5634	0.4976	0.4972	0.4343	0.4988	0.4988
0.5036	0.5682	0.4300	0.4969	0.5634	0.4976	0.4972	0.4343	0.4988	0.4988
0.5036	0.5682	0.4300	0.4969	0.5634	0.4976	0.4972	0.4343	0.4988	0.4988
0.5036	0.5682	0.4300	0.4969	0.5634	0.4976	0.4972	0.5688	0.4988	0.4988
0.5036	0.5682	0.4300	0.4969	0.5634	0.4976	0.4972	0.5688	0.4988	0.4988
0.5036	0.5682	0.4300	0.4969	0.5634	0.4976	0.4972	0.5688	0.4988	0.4988
0.5036	0.5682	0.4300	0.4969	0.5634	0.4976	0.4972	0.5688	0.4988	0.4988
0.5036	0.5682	0.4300	0.4969	0.5634	0.4976	0.4972	0.5688	0.4988	0.4988
0.5036	0.5682	0.4300	0.4969	0.5634	0.4976	0.4972	0.5688	0.4988	0.4988
0.5036	0.5682	0.4300	0.4969	0.5634	0.4976	0.4972	0.5688	0.4988	0.4988
0.5036	0.5682	0.4300	0.4969	0.5634	0.4976	0.4972	0.5688	0.4988	0.4988
0.5036	0.5682	0.4300	0.4969	0.5634	0.4976	0.4972	0.5688	0.4988	0.4988
0.5036	0.5682	0.4300	0.4969	0.5634	0.4976	0.4972	0.5688	0.4988	0.4988
0.5036	0.5682	0.5043	0.4969	0.5634	0.4976	0.4972	0.5688	0.4988	0.4988
0.5036	0.5682	0.5043	0.4969	0.5634	0.4976	0.4972	0.5688	0.4988	0.4988
0.5036	0.5682	0.5043	0.4969	0.5634	0.4976	0.4972	0.5688	0.4988	0.4988
0.5036	0.5682	0.5043	0.4969	0.5634	0.4976	0.4972	0.5688	0.4988	0.4988
0.5036	0.5682	0.5043	0.4969	0.5634	0.4976	0.4972	0.5688	0.4988	0.4988
0.5036	0.5682	0.5043	0.4969	0.5634	0.4976	0.4972	0.5688	0.4988	0.4988
0.5036	0.5682	0.5043	0.4969	0.5634	0.4976	0.4972	0.5688	0.4988	0.4988
0.5036	0.5682	0.5043	0.4969	0.5634	0.4976	0.4972	0.5688	0.4988	0.4988
0.5036	0.5682	0.5043	0.4969	0.5634	0.4976	0.4972	0.5688	0.4988	0.4988
