0.3224	0.8973	0.5671	0.8685	0.3240	0.6107	0.7511	0.9989	0.8537	0.7640
0.2524	0.0000	0.5196	0.9462	1.0000	0.1051	0.9272	0.2033	1.0000	0.5009
0.7863	0.2420	0.3723	1.0000	0.6465	0.6310	1.0000	0.9669	0.3491	0.3968
0.0739	0.4680	0.6566	0.4678	0.6465	0.6310	0.6984	0.5193	1.0000	0.3403
0.5004	1.0000	0.7305	1.0000	0.6465	0.9460	0.8649	0.6220	0.1307	0.6081
0.3511	0.6949	0.7661	0.5263	0.6511	0.5434	0.6593	1.0000	0.4618	0.7931
0.2453	0.7970	0.4731	0.7255	0.6511	0.7531	0.6593	0.3755	0.6500	0.3230
0.5201	0.0659	0.6294	0.9764	0.6511	0.0000	0.6397	0.5026	0.1702	0.8779
0.3463	1.0000	0.6294	0.4912	0.6311	0.6429	0.4771	0.2784	0.0000	0.3806
0.3525	0.4613	0.6294	0.2767	0.3726	0.5167	0.3623	0.4315	0.3331	0.1226
0.3525	0.6402	0.0926	0.6130	0.4934	0.5167	0.6264	0.8439	0.3655	0.2279
0.6482	0.5168	0.6095	0.0000	0.4970	0.5167	0.7974	0.0855	0.6413	0.4022
0.6799	0.5168	0.6156	0.0000	0.4970	0.5167	0.5203	0.3668	0.5098	0.6366
0.5740	0.3504	0.3822	0.1654	0.4970	0.5174	0.2078	0.6896	0.6438	0.0000
0.2365	1.0000	0.3688	0.2799	0.4876	0.4613	0.3405	0.4755	0.7872	0.4551
0.6073	0.8002	0.3688	0.2816	0.3397	0.7948	0.4794	0.6936	0.1900	0.0048
0.1852	0.2457	0.3688	0.4281	1.0000	0.8365	0.5098	0.5937	0.1239	0.2130
0.3508	0.3979	1.0000	0.3992	0.6282	0.1922	0.5098	0.2395	0.4258	0.3435
0.8477	0.8423	0.2395	1.0000	0.6282	0.4578	0.5098	0.4948	0.8469	0.3532
0.0000	0.6491	1.0000	1.0000	0.1955	0.3510	0.5098	0.5093	0.0000	0.3532
0.4827	0.6491	0.2471	0.6731	0.6246	0.3510	0.5098	0.6250	0.3911	0.4556
0.7634	0.6491	0.3654	0.5050	0.5264	0.3510	0.5121	0.6250	0.6253	0.0000
1.0000	0.6491	0.3654	0.5050	0.6295	0.3510	0.5121	0.6250	0.5162	0.6535
0.0898	0.6491	0.3654	0.5050	0.6232	0.6262	0.5121	0.3864	0.5162	0.1583
0.4881	0.6491	0.3654	0.5050	0.5336	0.6262	0.5121	0.4635	0.5162	0.6343
0.0000	0.6491	0.3654	0.3066	0.4628	0.6262	0.5121	0.3672	0.5162	0.5243
0.8829	0.6491	0.3654	0.4706	0.6571	0.6262	0.5075	0.4896	0.5162	0.5243
0.3674	0.6491	0.5071	0.5980	0.4934	0.6262	0.5075	0.4896	0.5162	0.3664
0.3674	0.6491	0.3609	1.0000	0.4934	0.6262	0.5075	0.4896	0.5162	0.3664
0.3674	0.6491	0.3609	0.6195	0.4934	0.6262	0.5075	0.4896	0.5162	0.5069
0.3674	0.6491	0.3609	0.3152	0.3493	0.6262	0.5075	0.4896	0.5162	0.5069
0.5119	0.6491	0.3609	0.3805	0.3493	0.6262	0.5075	0.4896	0.5162	0.5069
0.5119	0.6491	0.6525	0.3805	0.6313	0.4976	0.5075	0.6222	0.5162	0.6384
0.6281	0.6491	0.6525	0.3805	0.4825	0.4976	0.5075	0.6222	0.5162	0.4796
0.6281	0.6491	0.6525	0.4949	0.3488	0.4976	0.5075	0.6222	0.5162	0.4796
0.6281	0.6491	0.6525	0.4949	0.3488	0.4976	0.5075	0.6222	0.5162	0.4796
0.6281	0.6491	0.6525	0.5094	0.3488	0.4872	0.5075	0.6222	0.5162	0.4796
0.6281	0.6491	0.6525	0.5094	0.3488	0.4872	0.5075	0.6222	0.5162	0.4796
0.6281	0.6491	0.6525	0.5094	0.3488	0.4872	0.5075	0.6222	0.5162	0.3921
0.6281	0.6491	0.6525	0.5094	0.5048	0.4872	0.5075	0.6222	0.5162	0.7721
0.6281	0.6491	0.6525	0.5094	0.6368	0.4872	0.5075	0.4953	0.5162	0.6479
0.6281	0.6491	0.6525	0.5094	0.6368	0.4872	0.5075	0.4953	0.5162	0.6479
0.6281	0.6491	0.4870	0.5094	0.6368	0.4872	0.5075	0.4986	0.5162	0.5208
0.6281	0.4910	0.4870	0.5094	0.6451	0.4965	0.5168	0.4986	0.5162	0.5208
0.6281	0.4910	0.4870	0.5094	0.6451	0.4965	0.5168	0.4986	0.5162	0.3650
0.6281	0.4910	0.4870	0.5094	0.6451	0.4965	0.5168	0.4986	0.5162	0.3650
0.6281	0.4910	0.4870	0.5094	0.6451	0.4965	0.5168	0.4986	0.5162	0.3650
0.5076	0.4910	0.4870	0.5094	0.6451	0.4965	0.5168	0.4986	0.5162	0.3650
0.5076	0.4910	0.4870	0.5094	0.6451	0.4965	0.5168	0.4986	0.5162	0.5011
0.5076	0.4910	0.4870	0.5094	0.6451	0.4965	0.5168	0.4986	0.5162	0.7571
0.5076	0.4910	0.4870	0.5094	0.6451	0.4965	0.5168	0.4986	0.5162	0.3504
0.5076	0.4910	0.4870	0.5094	0.6451	0.3421	0.5168	0.4986	0.5162	0.3504
0.5076	0.4910	0.4870	0.5094	0.5067	0.3421	0.5168	0.4986	0.5153	0.3504
0.5076	0.4980	0.4870	0.5094	0.5067	0.3421	0.5168	0.4986	0.5153	0.3504
0.5076	0.4980	0.4870	0.5094	0.5067	0.3421	0.5168	0.4986	0.5153	0.3504
0.5076	0.4980	0.4870	0.5094	0.6371	0.3421	0.5168	0.4986	0.5153	0.3504
0.5076	0.4980	0.4870	0.5094	0.6371	0.3421	0.5168	0.4986	0.5153	0.3504
0.5076	0.4980	0.4870	0.5094	0.4943	0.5065	0.5168	0.4986	0.5153	0.3504
0.5076	0.4980	0.4870	0.5094	0.3655	0.5065	0.5168	0.4986	0.5153	0.3504
0.5076	0.4980	0.4870	0.5057	0.3655	0.6283	0.5168	0.4986	0.5153	0.3504
0.5076	0.4980	0.4870	0.5057	0.3655	0.4845	0.5168	0.4986	0.5153	0.3504
0.5076	0.4980	0.4870	0.5057	0.3655	0.4845	0.5168	0.4986	0.5153	0.3504
0.5076	0.4980	0.4870	0.5057	0.3655	0.4845	0.5168	0.4986	0.5153	0.3504
0.5076	0.4980	0.4870	0.5057	0.3655	0.4845	0.5168	0.4986	0.5153	0.3504
0.5076	0.4980	0.4870	0.5057	0.3655	0.4845	0.5168	0.4986	0.5153	0.3504
0.5076	0.4980	0.4870	0.5057	0.3553	0.4845	0.5168	0.4986	0.5153	0.3504
0.5076	0.4980	0.4870	0.5057	0.3788	0.4845	0.5168	0.4986	0.5153	0.3504
0.5076	0.4980	0.4870	0.5057	0.6590	0.4845	0.5168	0.4986	0.5153	0.3504
0.5076	0.4980	0.4870	0.5057	0.6590	0.4845	0.5168	0.4986	0.5153	0.3504
0.5076	0.4980	0.4870	0.5057	0.6590	0.4845	0.5168	0.4986	0.5153	0.3504
0.5076	0.4980	0.5078	0.5057	0.6590	0.4845	0.5168	0.4986	0.5153	0.3504
0.5076	0.4980	0.5078	0.5057	0.6590	0.4845	0.5168	0.4986	0.5153	0.3504
0.5076	0.4980	0.5078	0.5057	0.6590	0.4845	0.5168	0.4986	0.5153	0.3504
0.5076	0.4980	0.5078	0.5057	0.4959	0.4845	0.5168	0.4986	0.5153	0.3504
0.5076	0.4980	0.5078	0.5057	0.4959	0.4845	0.5168	0.4986	0.5153	0.5207
0.5076	0.4980	0.5078	0.5057	0.4959	0.4845	0.5168	0.3618	0.5153	0.5207
0.5076	0.4980	0.5078	0.5057	0.4959	0.4845	0.5168	0.3618	0.5153	0.4921
0.5076	0.4980	0.5078	0.5057	0.4959	0.4845	0.5168	0.3618	0.5153	0.6455
0.5076	0.4980	0.5078	0.5057	0.4959	0.4845	0.5168	0.3618	0.5153	0.6455
0.5076	0.4980	0.5078	0.5057	0.4959	0.4845	0.5168	0.3618	0.5153	0.6455
0.5076	0.4980	0.5078	0.5057	0.4959	0.4845	0.5168	0.3618	0.5153	0.6455
0.5076	0.4980	0.5078	0.5057	0.4959	0.4845	0.5168	0.4959	0.5153	0.6455
0.5076	0.4980	0.5078	0.5057	0.4959	0.4845	0.5168	0.4959	0.5153	0.6455
0.5076	0.4980	0.5078	0.5057	0.4959	0.4845	0.5168	0.4959	0.5153	0.6455
0.5076	0.4980	0.5078	0.5057	0.4959	0.4845	0.5168	0.4959	0.5153	0.6455
0.5076	0.4980	0.5078	0.5057	0.4959	0.4845	0.5098	0.4959	0.5153	0.6455
0.5076	0.4980	0.5078	0.5057	0.4959	0.4845	0.5098	0.4959	0.5153	0.6455
0.5076	0.4980	0.5078	0.5057	0.4959	0.4845	0.5098	0.4959	0.5153	0.6455
0.5076	0.4980	0.5078	0.5057	0.4959	0.4845	0.5098	0.4959	0.5153	0.6455
0.5076	0.4980	0.5078	0.5057	0.4959	0.4845	0.5098	0.4959	0.5153	0.6455
0.5076	0.4980	0.5078	0.5057	0.4959	0.4845	0.5098	0.4959	0.5153	0.6455
0.5076	0.4980	0.5078	0.5057	0.4959	0.4845	0.5098	0.4959	0.5153	0.6455
0.5076	0.4980	0.5078	0.5057	0.4959	0.4845	0.5098	0.4959	0.5153	0.6455
0.5076	0.4980	0.5078	0.5057	0.4959	0.4845	0.5098	0.5030	0.5153	0.6455
0.5076	0.4980	0.5078	0.5057	0.4959	0.4845	0.5098	0.5030	0.5153	0.6455
0.5076	0.4980	0.5078	0.5057	0.4959	0.4845	0.5098	0.5030	0.5153	0.6455
0.5076	0.5002	0.5078	0.5057	0.4959	0.4845	0.5098	0.5030	0.5153	0.6455
0.5076	0.5002	0.5078	0.5057	0.4959	0.4845	0.5098	0.5030	0.5153	0.6455
0.5076	0.5002	0.5078	0.5057	0.4959	0.4845	0.5098	0.5030	0.5153	0.6455
0.5076	0.5002	0.5078	0.5057	0.4959	0.4845	0.5098	0.5030	0.5153	0.6455
0.5076	0.5002	0.5078	0.5057	0.4959	0.4964	0.5098	0.5030	0.5153	0.6455
