0.9593	0.6667	0.8344	0.3270	0.7846	0.5492	0.8014	0.9211	0.0092	0.1179	0.0204	0.4956	0.3810	0.1093	0.8675	0.2719	0.0483	0.4343	0.3300	0.2256
0.3267	0.4345	0.8106	0.7200	0.5533	0.8576	0.1158	0.2142	0.0000	0.3279	0.3717	0.0000	0.4944	0.7894	0.6158	1.0000	0.2790	0.4125	0.3999	0.1903
0.1869	0.6522	0.6063	0.5962	0.9324	0.7023	0.0568	0.6460	0.7258	0.7610	0.3717	0.2084	0.2292	0.7221	0.6310	0.4701	1.0000	0.2892	0.5505	0.1062
0.3880	0.5146	0.4892	0.4059	0.2574	0.2973	0.7392	1.0000	0.7258	0.0749	0.3717	1.0000	0.0000	0.7221	0.8668	0.4842	0.8453	0.2892	0.4176	0.5014
0.4538	0.2897	0.4892	1.0000	0.3837	0.1895	0.5094	0.0000	0.5329	0.5364	0.3717	0.0000	1.0000	0.6929	0.0670	0.6189	0.4869	0.6025	0.4476	0.5138
0.7557	0.4828	0.4892	0.4777	0.8375	1.0000	0.5094	0.4863	0.4911	0.3647	0.3918	1.0000	0.7377	0.3986	0.3965	0.3926	0.0000	0.6025	1.0000	0.6448
0.8487	0.4828	0.1410	1.0000	0.6113	0.6800	0.6150	0.6255	0.4911	0.5135	0.3918	0.3724	0.1047	0.3986	0.3965	0.5201	0.6997	0.6025	0.6177	0.6574
0.0604	0.7116	0.3913	0.5464	0.6008	0.0000	0.6150	0.7559	0.4911	0.1714	0.3918	0.3059	0.5072	0.3721	0.3965	0.4899	0.2760	0.6025	0.7956	1.0000
0.3794	0.6184	0.3913	0.4965	0.8803	0.7774	0.6150	0.5125	0.4911	0.4853	0.5930	0.4071	1.0000	0.3721	0.7181	0.0000	0.2760	0.6025	0.0000	0.8855
0.3900	0.7564	0.3913	0.4965	0.5073	0.7289	0.6143	0.4093	0.4911	0.4321	0.4040	0.0000	0.0000	0.0000	0.6382	0.3683	0.3935	0.6025	0.4951	0.6915
0.7708	0.4860	0.4842	0.4965	0.6340	0.7289	0.3825	0.7228	0.6058	1.0000	0.0000	0.1840	1.0000	1.0000	0.5924	0.0000	0.3935	0.6025	0.4951	0.7432
0.6236	0.4860	0.4842	0.4965	0.6228	0.7289	0.3825	0.5055	0.6058	0.2687	0.2683	0.3121	0.7109	0.4108	0.4951	0.6364	1.0000	0.4899	0.4951	0.0000
0.5024	0.4972	0.4842	0.4965	0.6228	0.2907	0.5938	0.1389	0.6058	0.5062	0.2683	0.3749	0.2472	0.5198	0.6369	0.1734	0.6261	0.4899	0.4951	1.0000
0.4001	0.4972	0.8973	0.6099	0.5084	0.3903	0.5938	0.5849	0.6058	0.5062	0.4009	0.2460	0.0101	0.5198	0.0499	0.6559	0.6261	0.4899	0.5425	0.3611
0.5043	0.4972	0.4921	1.0000	0.5084	0.3903	0.7264	0.6033	0.6058	0.1490	0.4009	0.7282	0.7426	0.5198	0.6210	0.8259	0.7332	0.4899	0.0000	0.4781
0.5043	0.4972	0.2841	0.6192	0.5084	0.3903	0.7264	0.3146	0.6058	0.3778	0.3704	0.4784	0.7253	0.5091	0.4994	0.4017	0.5031	0.4899	0.4900	0.5973
0.4925	0.4972	0.2841	0.5095	0.5084	0.3903	0.5240	0.0303	0.6058	0.6798	0.5185	0.2690	0.4023	0.5091	0.5112	0.3661	0.5031	0.6034	0.5963	0.5053
0.3957	0.4972	0.4799	0.5095	0.6206	0.3903	0.5240	0.3886	0.6058	0.4557	0.5185	0.6400	0.6041	0.5091	0.3960	0.4951	0.5031	0.6034	0.5963	0.5053
0.3957	0.5017	0.2899	0.3923	0.8231	0.3903	0.5240	0.4810	0.6058	0.6365	0.5185	0.3850	0.6041	0.5091	0.4739	0.6241	0.5031	0.6034	0.5963	0.4819
0.1655	0.5017	0.3934	0.3923	0.7678	0.3903	0.5240	0.4810	0.6058	1.0000	0.5185	0.3850	0.6041	0.5091	0.4187	0.5054	0.5031	0.6034	0.0000	0.4819
0.2943	0.5017	0.3934	0.4015	0.6240	0.5990	0.5240	0.6257	0.6058	0.0000	0.5185	0.3850	0.5932	0.5091	0.0000	0.7329	0.5031	0.6034	0.6091	0.4819
0.4720	0.5017	0.3934	0.0000	0.5031	0.5990	0.4974	0.2681	0.6058	0.3793	0.5185	0.3850	0.5932	0.5091	0.6295	0.7329	0.5031	0.6034	0.6091	0.4819
0.0000	0.3932	0.3934	0.6771	0.5031	0.5990	0.4082	1.0000	0.6058	0.3793	0.5185	0.3850	0.6067	0.5091	0.6746	0.0000	0.5031	0.6034	0.6091	0.4819
0.0000	0.3932	0.3934	0.4759	0.5801	0.5990	0.4082	0.5098	0.6058	0.3793	0.5185	0.3850	0.5065	0.5091	0.1676	0.4949	0.5031	0.6034	0.6091	0.6024
0.7985	0.3932	0.3934	0.5972	1.0000	0.4902	0.4082	0.5098	0.6058	0.3793	0.4929	0.3850	0.5065	0.5091	0.5122	0.3865	0.5031	0.6034	0.6091	0.6024
0.0680	0.3932	0.4897	0.5972	0.4929	0.4902	0.3965	0.2773	0.6058	0.2618	0.4929	0.3850	0.5065	0.5091	0.3942	0.3865	0.5031	0.6034	0.6091	0.3943
0.2664	0.3932	0.5197	0.5972	0.4929	0.4902	0.3965	0.8096	0.6058	0.6127	0.4006	0.3850	0.5065	0.5091	0.3942	0.3865	0.5031	0.6034	0.6091	0.3943
0.5140	0.3932	0.5197	0.5972	0.5240	0.4902	0.3965	0.6996	0.6058	0.6127	0.3909	0.3850	0.5065	0.5091	0.4969	0.3865	0.5031	0.6034	0.6091	0.3943
0.3723	0.4009	0.4955	0.5972	0.4970	0.4902	0.3965	0.4818	0.6058	0.6127	0.3909	0.3850	0.2872	0.5091	0.4969	0.3865	0.5031	0.6034	0.6091	0.3943
0.3723	0.4009	0.4955	0.6181	0.4970	0.4902	0.3965	0.3218	0.6058	0.6127	0.3909	0.3850	0.5237	0.5091	0.4963	0.3865	0.5031	0.4982	0.4992	0.3943
0.7018	0.4009	0.4955	0.6181	0.4970	0.6081	0.3965	0.9742	0.6058	0.6127	0.3909	0.3850	0.4971	0.5091	0.4963	0.3865	0.5031	0.4982	0.3841	0.3943
0.7018	0.4009	0.4955	0.5021	0.4970	0.6081	0.3965	0.6433	0.6058	0.6127	0.3909	0.3850	0.4971	0.4027	0.2958	0.3865	0.5031	0.4982	0.3841	0.3943
0.5815	0.4009	0.4799	0.8307	0.4970	0.6081	0.3965	0.4054	0.6058	0.6127	0.3909	0.3850	0.4971	0.4027	0.4796	0.3865	0.5031	0.4982	0.3841	0.2870
0.5815	0.4009	0.6212	0.6160	0.4970	0.6081	0.3965	0.4054	0.6058	0.6127	0.3909	0.3850	0.4971	0.4027	0.5231	0.3865	0.5031	0.4982	0.3841	0.5102
0.3921	0.4009	0.4247	0.2161	0.4970	0.6081	0.3965	0.4054	0.6058	0.6127	0.5988	0.3850	0.4971	0.4027	0.7200	0.3865	0.5031	0.4982	0.3841	0.5102
0.3921	0.4009	0.3881	0.0000	0.4970	0.6081	0.3965	0.6078	0.6058	0.6127	0.5988	0.3850	0.4971	0.4027	0.6079	0.3865	0.5031	0.4982	0.3841	0.5102
0.5022	0.4009	0.3881	0.2646	0.4970	0.6081	0.3965	0.6078	0.6058	0.6127	0.5988	0.5065	0.3962	0.4027	0.6079	0.3865	0.5031	0.4982	0.3841	0.5102
0.4979	0.4009	0.3881	0.3943	0.6030	0.6081	0.3965	0.6141	0.6014	0.4081	0.5988	0.5065	0.3962	0.4027	0.3979	0.3865	0.5031	0.4982	0.3841	0.5102
0.4979	0.4009	0.3881	0.3943	0.6030	0.6081	0.3965	0.6141	0.6014	0.4081	0.5988	0.5065	0.3962	0.4027	0.5159	0.3865	0.5031	0.4982	0.3841	0.5102
0.4979	0.4009	0.3881	0.5199	0.6030	0.6081	0.3965	0.6141	0.6014	0.5160	0.5988	0.5065	0.3962	0.4027	0.5159	0.3865	0.5031	0.4982	0.3841	0.5102
0.6054	0.6140	0.6040	0.5199	0.7086	0.6081	0.3965	0.6141	0.6014	0.5160	0.6163	0.5065	0.3962	0.4027	0.5088	0.3865	0.5031	0.4982	0.3841	0.5102
0.6054	0.6140	0.4933	0.5199	0.3896	0.6081	0.3965	0.6141	0.6014	0.5160	0.6163	0.5065	0.3962	0.4027	0.5088	0.6091	0.5031	0.4982	0.3841	0.5102
0.6054	0.6140	0.4933	0.5199	0.3896	0.6081	0.3965	0.6141	0.6014	0.4975	0.6163	0.5065	0.3962	0.4027	0.5088	0.6091	0.5031	0.4982	0.3841	0.5102
0.6054	0.6146	0.4906	0.6086	0.6030	0.5076	0.3965	0.6141	0.6014	0.4975	0.6163	0.5065	0.3962	0.4027	0.5088	0.6091	0.5031	0.4982	0.3841	0.5102
0.6054	0.6069	0.4906	0.6086	0.6030	0.5076	0.3965	0.5163	0.6014	0.4975	0.6163	0.5065	0.3962	0.4027	0.5088	0.6091	0.5031	0.4982	0.5037	0.5102
0.6054	0.6069	0.4906	0.6086	0.6030	0.5076	0.3965	0.5163	0.6014	0.5085	0.6163	0.5065	0.3962	0.4027	0.5125	0.6091	0.5031	0.4982	0.5037	0.5102
0.6054	0.6069	0.4906	0.6086	0.6030	0.5076	0.3965	0.5163	0.6014	0.5085	0.5001	0.5065	0.3962	0.4027	0.5125	0.6091	0.5025	0.4982	0.5037	0.5102
0.6054	0.6069	0.5032	0.6086	0.6030	0.5076	0.5008	0.5163	0.6014	0.7150	0.5072	0.5065	0.3962	0.4027	0.3888	0.6091	0.5025	0.4982	0.5037	0.5102
0.6054	0.6069	0.5032	0.6086	0.6030	0.5076	0.5076	0.5163	0.6014	0.5101	0.5072	0.5065	0.3962	0.4027	0.3888	0.6091	0.5025	0.4982	0.5037	0.5102
0.6054	0.6069	0.5032	0.5020	0.6030	0.5076	0.5076	0.5163	0.6014	0.5101	0.5072	0.5065	0.3962	0.4027	0.3888	0.6091	0.5025	0.4982	0.5037	0.5102
0.6054	0.6069	0.5032	0.5020	0.6030	0.5076	0.5076	0.5163	0.6014	0.5017	0.5072	0.5065	0.3962	0.4027	0.3888	0.6091	0.5025	0.4982	0.5037	0.5102
0.6054	0.6069	0.5032	0.5020	0.6030	0.5076	0.5076	0.5163	0.6014	0.5017	0.5072	0.5065	0.3962	0.4027	0.3888	0.6091	0.5025	0.4982	0.5037	0.5102
0.6054	0.6069	0.5032	0.5020	0.6030	0.5076	0.5076	0.5163	0.6014	0.5017	0.5072	0.5065	0.3962	0.4027	0.3888	0.6091	0.5025	0.4982	0.5037	0.5102
0.6054	0.6069	0.5032	0.5007	0.6030	0.5076	0.5076	0.5163	0.6014	0.5017	0.5072	0.5065	0.3962	0.4027	0.3888	0.6091	0.5025	0.4982	0.5037	0.5102
0.6054	0.6069	0.5032	0.5007	0.6030	0.5076	0.5076	0.5163	0.6014	0.5017	0.5072	0.5065	0.3962	0.4027	0.3888	0.6091	0.5025	0.4982	0.5037	0.5117
0.6054	0.6069	0.5032	0.5007	0.6030	0.5076	0.5076	0.5163	0.6014	0.5017	0.5072	0.5065	0.4906	0.4027	0.3888	0.6091	0.5025	0.4982	0.5037	0.5117
0.6054	0.6069	0.5032	0.5007	0.6030	0.5076	0.5076	0.5163	0.6014	0.5017	0.5072	0.5065	0.4906	0.4027	0.3888	0.6091	0.5025	0.4982	0.5037	0.4848
0.6054	0.6069	0.5032	0.5007	0.6030	0.5076	0.5076	0.5163	0.6014	0.5017	0.5072	0.5065	0.4906	0.4027	0.3888	0.6091	0.5025	0.4982	0.5037	0.4848
0.6054	0.6069	0.5032	0.5007	0.6030	0.5076	0.5076	0.5163	0.6014	0.5017	0.5072	0.5065	0.4906	0.4027	0.3888	0.6091	0.5025	0.4982	0.5037	0.4848
0.6054	0.6069	0.5032	0.5007	0.6030	0.5076	0.5076	0.5163	0.6014	0.5017	0.5072	0.5065	0.4906	0.4027	0.3888	0.6091	0.5025	0.4982	0.5037	0.4848
0.6054	0.6069	0.5032	0.5071	0.6030	0.5076	0.5076	0.5163	0.6014	0.5017	0.5072	0.5065	0.4906	0.4027	0.3888	0.6091	0.5025	0.4982	0.5037	0.4848
0.6054	0.6069	0.5032	0.5071	0.6030	0.5076	0.5076	0.5163	0.6014	0.5017	0.5072	0.6181	0.4906	0.4898	0.3888	0.6091	0.5025	0.4982	0.5037	0.4848
0.6054	0.6069	0.5032	0.5071	0.6030	0.5076	0.5076	0.3980	0.6014	0.5017	0.5072	0.6181	0.6102	0.4898	0.3888	0.6091	0.5025	0.4982	0.5037	0.4848
0.6054	0.6069	0.5032	0.5071	0.6030	0.5076	0.5076	0.3947	0.6014	0.5017	0.5072	0.5993	0.6102	0.4898	0.3888	0.6091	0.5025	0.4982	0.5088	0.4848
0.6054	0.6069	0.3956	0.5071	0.6030	0.5076	0.5076	0.3947	0.6014	0.5017	0.5072	0.5993	0.6102	0.4898	0.3888	0.6091	0.5025	0.4982	0.5088	0.4848
0.6054	0.6069	0.3956	0.5071	0.6030	0.5110	0.5076	0.3947	0.4965	0.5017	0.5072	0.5993	0.6102	0.4898	0.3888	0.4980	0.5025	0.4982	0.5088	0.4848
0.6054	0.6069	0.3956	0.5071	0.6030	0.5110	0.5076	0.3947	0.4965	0.5017	0.5072	0.5993	0.6102	0.4898	0.3888	0.4980	0.5025	0.4982	0.5088	0.4848
0.6054	0.6069	0.3956	0.5071	0.6030	0.5110	0.5076	0.4903	0.4965	0.5017	0.5072	0.5993	0.6102	0.4898	0.3888	0.4980	0.5025	0.4982	0.5088	0.4848
0.6054	0.6069	0.3956	0.5071	0.6030	0.5110	0.5076	0.4903	0.4965	0.5017	0.5072	0.5993	0.6102	0.4898	0.3888	0.4980	0.5025	0.4982	0.5088	0.4848
0.6054	0.6069	0.3956	0.5071	0.6030	0.5110	0.5076	0.4903	0.4965	0.5017	0.5072	0.5993	0.4906	0.4898	0.3888	0.4980	0.5025	0.4982	0.5088	0.4848
0.6054	0.6069	0.3956	0.5071	0.6030	0.5110	0.5076	0.4903	0.4965	0.5017	0.5072	0.5993	0.4906	0.4898	0.3888	0.4980	0.5025	0.4982	0.4932	0.4848
0.6054	0.6069	0.3956	0.5071	0.6030	0.5110	0.5076	0.4903	0.4965	0.5017	0.5072	0.5012	0.4906	0.4898	0.3888	0.4980	0.5025	0.4982	0.4932	0.4929
0.6054	0.6069	0.3956	0.5071	0.6030	0.5110	0.5076	0.4903	0.4965	0.5017	0.5072	0.5012	0.4906	0.4898	0.3888	0.4980	0.5025	0.4982	0.4932	0.5010
0.6054	0.6069	0.3956	0.5071	0.6030	0.5110	0.5076	0.4903	0.4965	0.5017	0.4987	0.5012	0.4906	0.4898	0.3888	0.4980	0.5025	0.4982	0.4932	0.5010
0.6054	0.6069	0.3956	0.5071	0.6030	0.5110	0.5076	0.4903	0.4965	0.5017	0.4987	0.5012	0.4906	0.4898	0.3888	0.4980	0.5025	0.4982	0.4932	0.5010
0.6054	0.6069	0.3956	0.5071	0.6030	0.5110	0.5076	0.4903	0.4965	0.5017	0.4987	0.5012	0.4906	0.4898	0.3888	0.4980	0.5025	0.4982	0.4932	0.5010
0.6054	0.6069	0.3956	0.5071	0.6030	0.5110	0.5076	0.4903	0.4965	0.5017	0.4987	0.5012	0.4906	0.4898	0.3888	0.4980	0.5025	0.4946	0.4932	0.5010
0.6054	0.6069	0.3956	0.5071	0.6030	0.5110	0.5076	0.4903	0.4965	0.5017	0.4987	0.5012	0.4906	0.4898	0.3888	0.4980	0.5025	0.4946	0.4932	0.5010
0.6054	0.6069	0.3956	0.5071	0.6030	0.5110	0.5076	0.4903	0.4965	0.5017	0.4987	0.5012	0.4906	0.4898	0.3888	0.4980	0.5025	0.4946	0.4932	0.5010
0.6054	0.6069	0.3956	0.5071	0.6030	0.5110	0.5076	0.4903	0.4965	0.5017	0.4987	0.5012	0.4906	0.4898	0.3888	0.4980	0.5025	0.4946	0.4932	0.5010
0.6054	0.6069	0.3956	0.5071	0.6030	0.5110	0.5076	0.4903	0.4965	0.5017	0.4987	0.5012	0.4906	0.4898	0.3888	0.4980	0.5025	0.4946	0.4932	0.5010
0.6054	0.6069	0.3956	0.5071	0.6030	0.5110	0.5076	0.4903	0.4965	0.5017	0.4987	0.5012	0.4906	0.4898	0.3888	0.4980	0.5025	0.4946	0.4932	0.5010
0.6054	0.6069	0.3956	0.5071	0.6030	0.5110	0.5076	0.4903	0.4965	0.5017	0.4987	0.5012	0.4906	0.4898	0.3888	0.4980	0.5025	0.4946	0.4932	0.5010
0.6054	0.6069	0.3956	0.5071	0.6030	0.5110	0.5076	0.4903	0.4965	0.5017	0.4987	0.5012	0.4906	0.4898	0.3888	0.4980	0.5025	0.4946	0.4932	0.5010
0.6054	0.6069	0.3956	0.5071	0.6030	0.5110	0.5076	0.4903	0.4965	0.5017	0.4987	0.5012	0.4906	0.4898	0.3888	0.4980	0.5025	0.4946	0.4932	0.5010
0.6054	0.6069	0.3956	0.5071	0.6030	0.5110	0.5076	0.4903	0.4965	0.5017	0.4987	0.5012	0.4906	0.4898	0.3888	0.4980	0.5025	0.4946	0.4932	0.5010
0.6054	0.5003	0.3956	0.5071	0.6030	0.5110	0.5076	0.4903	0.4965	0.5017	0.4987	0.5012	0.4906	0.4898	0.3888	0.4980	0.5025	0.4946	0.4932	0.5010
0.6054	0.5003	0.3956	0.5071	0.6030	0.5110	0.5076	0.4903	0.4965	0.5017	0.4993	0.5012	0.4906	0.4898	0.3888	0.4980	0.5025	0.4946	0.4932	0.5010
0.6054	0.5003	0.3956	0.5071	0.6030	0.5110	0.5076	0.4903	0.4965	0.5017	0.4993	0.5012	0.4906	0.4898	0.3888	0.4980	0.5025	0.4946	0.4932	0.5010
0.6054	0.5003	0.3956	0.5071	0.6030	0.5110	0.5076	0.4903	0.4965	0.5017	0.4993	0.5012	0.4906	0.4898	0.3888	0.4980	0.5025	0.4946	0.4932	0.5010
0.6054	0.5003	0.3956	0.5071	0.6030	0.5110	0.5076	0.4903	0.4965	0.5017	0.4993	0.5012	0.4906	0.4898	0.3888	0.4980	0.5025	0.4946	0.4932	0.5010
0.6054	0.5003	0.3956	0.5071	0.6030	0.5110	0.5076	0.4903	0.4965	0.5017	0.4993	0.5012	0.4906	0.4898	0.3888	0.4980	0.5025	0.4946	0.4932	0.5010
0.6054	0.5003	0.3956	0.5071	0.6030	0.5110	0.5076	0.4903	0.4965	0.5017	0.4993	0.5012	0.4906	0.4898	0.3888	0.4980	0.5025	0.4946	0.4932	0.5010
0.6054	0.5003	0.3956	0.5071	0.6030	0.5110	0.5076	0.4903	0.4965	0.5017	0.4993	0.5012	0.4906	0.4898	0.4979	0.4980	0.5025	0.4946	0.4932	0.5010
0.6054	0.5003	0.3956	0.5071	0.6030	0.5110	0.5076	0.4903	0.4965	0.5017	0.4993	0.5012	0.4906	0.4898	0.4979	0.4980	0.5025	0.4946	0.4932	0.5010
0.6054	0.5003	0.3956	0.5071	0.6030	0.5110	0.5076	0.4903	0.4965	0.5017	0.4993	0.5012	0.4906	0.4898	0.4979	0.4980	0.5025	0.4946	0.4932	0.5010
0.6054	0.5003	0.3956	0.5071	0.6030	0.5110	0.5076	0.4903	0.4965	0.5017	0.4993	0.5012	0.4906	0.4898	0.4979	0.4980	0.5025	0.4946	0.4932	0.5010
0.6054	0.5003	0.3956	0.5071	0.6030	0.5110	0.5076	0.4903	0.4965	0.5017	0.4993	0.5012	0.4906	0.4898	0.4979	0.4980	0.5025	0.4946	0.4932	0.5010
0.6054	0.5003	0.3956	0.5071	0.6030	0.5110	0.5076	0.4903	0.4965	0.5017	0.4993	0.5012	0.4906	0.4898	0.4979	0.4980	0.5025	0.4946	0.4932	0.5010
0.6054	0.5003	0.3956	0.5071	0.6030	0.5110	0.5076	0.4903	0.4965	0.5017	0.4993	0.5012	0.4906	0.4898	0.4979	0.4980	0.5025	0.4946	0.4932	0.5010
0.6054	0.5003	0.3956	0.5071	0.6030	0.5110	0.5076	0.4903	0.4965	0.5017	0.4993	0.5012	0.4906	0.4898	0.4979	0.4980	0.5025	0.4946	0.4932	0.5010
