0.6990	0.6023	0.3033	0.6884	0.2860	0.4672	0.5193	0.5386	0.6676	0.2984	0.4531	0.4403	0.4203	0.7737	0.1314	0.0152	0.5296	0.2715	0.7186	0.0465
0.0000	0.5003	0.7248	0.2608	0.2634	0.1288	0.6667	0.5526	0.0417	0.8713	0.9091	0.4189	0.0000	1.0000	0.8277	0.1555	0.6394	0.1947	0.0150	0.0238
1.0000	0.0000	0.3296	0.6114	0.2473	0.1744	0.9288	0.4405	0.1465	0.5955	0.5437	1.0000	0.4952	0.3322	0.3259	0.3858	0.0000	0.6170	0.5380	1.0000
0.2725	0.7469	0.3296	0.6829	0.3399	1.0000	0.4594	1.0000	0.6449	0.3159	0.4139	0.0679	0.4952	0.4019	1.0000	0.3858	0.3644	0.6170	0.7338	0.3927
0.2225	0.4959	0.2516	0.2202	0.5144	0.4446	0.8886	0.5132	0.0326	0.3745	1.0000	0.3261	1.0000	1.0000	0.3223	0.8076	0.0142	0.6170	0.0000	1.0000
0.1373	0.4451	0.4578	0.3840	0.1787	0.7581	0.5698	0.1310	0.3171	0.3745	0.5686	0.3241	0.8432	0.7307	0.3302	0.4900	0.7060	0.3283	0.8131	0.5056
0.4463	0.4451	0.4973	0.3909	0.6878	0.2496	0.5277	0.0756	1.0000	0.3745	0.4462	1.0000	0.4344	0.5543	0.5598	0.0000	0.4476	1.0000	0.5574	0.2646
0.4463	0.5599	0.4973	0.5441	0.5119	0.5284	0.0000	0.6806	0.6228	0.3807	0.7847	0.9473	0.7377	0.5543	0.6215	0.4449	0.4476	0.5169	0.5574	0.3831
1.0000	0.5599	0.4973	0.1498	0.5669	0.6778	0.0000	0.5029	0.6228	0.3807	0.4907	1.0000	0.0000	0.6999	0.6215	0.4578	0.4360	1.0000	0.3837	0.6821
0.1524	0.5599	0.4973	0.5252	0.3048	0.3773	0.4353	0.4109	0.2274	0.6211	0.4907	0.5632	1.0000	0.3330	0.6215	0.1472	0.4360	1.0000	0.3753	0.6104
0.6890	0.5599	0.4973	0.3298	0.5069	0.3845	0.4364	0.6713	0.8627	0.6211	0.4907	1.0000	1.0000	0.6177	0.6187	0.1191	0.4360	0.3354	0.3753	0.2786
0.0388	0.5599	0.4991	0.5457	0.5069	0.0971	0.4364	0.6713	0.4879	0.6211	0.4907	0.7024	0.3102	0.6177	0.0000	0.3374	0.4272	0.6731	0.3753	0.4607
0.8744	0.5599	0.4991	0.2744	0.3631	0.0000	0.3811	0.4486	0.2050	0.4338	0.4907	0.7166	0.7425	0.7039	0.5130	0.4327	0.5572	0.6731	0.3753	0.6111
0.6837	0.5599	0.4991	1.0000	0.4142	1.0000	0.3811	0.4486	0.6148	0.6250	0.6107	0.2217	0.6802	0.4199	0.5097	0.4327	0.5572	0.2744	0.3910	0.0000
0.6156	0.4407	0.4991	0.3740	0.5523	0.4387	0.3811	0.4486	0.6148	0.6250	0.6107	0.7436	0.3730	0.2254	0.4454	0.4950	0.5562	0.2848	0.3910	0.6434
0.6156	0.4407	0.4991	0.5054	0.5706	0.7359	0.3811	0.7083	0.4346	0.6250	0.4487	0.0000	0.5062	0.3813	0.6163	0.6268	0.5562	0.5753	0.3910	1.0000
0.6156	0.4407	0.4991	0.3107	0.6200	0.7238	0.3811	0.2691	0.4346	0.6250	0.4487	0.1615	0.7354	0.3813	0.6163	0.6268	0.5562	0.4225	0.3910	0.3179
0.6156	0.4407	0.4991	0.7621	0.6200	0.4873	0.4929	0.2691	0.4346	0.6250	0.4487	1.0000	0.1930	0.0762	0.6163	0.6268	0.5562	0.1664	0.3910	0.4829
0.9339	0.4407	0.4991	0.6159	0.6105	0.5685	0.4929	0.4271	0.4346	0.6250	0.4487	0.6277	0.4861	0.0000	0.6163	0.6268	0.5562	0.6714	0.3910	0.5555
0.3233	0.4407	0.4991	0.6159	0.4474	0.5685	0.4929	0.6871	0.5628	0.6250	0.5047	0.2782	0.6687	0.2047	0.5642	0.6268	0.5562	0.4985	0.3910	0.5185
0.7094	0.4407	0.4991	0.6159	0.4474	0.5685	0.4929	0.2861	0.5628	0.3794	0.4377	0.4537	0.5521	0.4824	0.5642	0.6268	0.5562	0.4985	0.3910	0.4360
1.0000	0.4407	0.4991	0.6159	0.4474	0.5685	0.4929	0.4586	0.5628	0.3794	0.4377	0.4537	0.3914	0.1623	0.5610	0.6268	0.5562	0.3318	0.3910	0.4329
0.6694	0.4407	0.4991	0.6159	0.4474	0.5685	0.4929	0.5552	0.5628	0.3794	0.4377	0.6989	0.6822	0.6065	0.5610	0.0969	0.5562	0.4349	0.6735	0.5507
0.7710	0.4407	0.4991	0.6159	0.4474	0.6832	0.4929	0.3164	0.5628	0.3818	0.4377	0.3362	0.2090	0.6065	0.3785	0.4980	0.5562	0.4349	0.6735	0.6712
0.4509	0.4407	0.4991	0.6159	0.3924	0.5761	0.4929	0.3634	0.5628	0.5610	0.4377	0.1240	0.6173	0.6065	0.3785	0.4980	0.5562	0.4349	0.6735	0.6254
0.5530	0.4407	0.4991	0.6159	0.4992	0.8798	0.4929	0.3148	0.5628	0.6182	0.4377	0.5122	0.0000	0.6065	0.3785	0.4980	0.5562	0.4349	0.4475	1.0000
0.5530	0.4407	0.4991	0.6159	0.4992	0.6414	0.4929	0.3148	0.4962	0.5588	0.4377	0.5014	0.6693	0.5056	0.3785	0.4980	0.5562	0.4349	0.4468	1.0000
0.6679	0.4407	0.4991	0.6092	0.6132	0.4004	0.4929	0.5737	0.4962	0.5588	0.4377	0.5014	0.6746	0.5056	0.3785	0.4980	0.5562	0.4349	0.4468	0.9443
0.4303	0.3835	0.4991	0.6710	0.6132	0.4985	0.4929	1.0000	0.4962	0.5588	0.4377	0.5090	0.3820	0.5056	0.3785	0.4980	0.5562	0.4349	0.5087	0.4523
0.3222	0.3835	0.4991	0.6710	0.6132	0.4985	0.5047	0.6333	0.4962	0.5004	0.4377	0.5090	0.2765	0.5056	0.5573	0.4980	0.5562	0.4349	0.5087	0.6859
0.3222	0.5014	0.4991	0.6710	0.6132	0.5002	0.5047	0.2694	0.4962	0.5004	0.4377	0.5090	0.5071	0.5056	0.5573	0.4980	0.5562	0.4349	0.5584	0.3229
0.3936	0.5014	0.4991	0.6060	0.6132	0.5002	0.5047	0.6247	0.5553	0.5004	0.4377	0.5090	0.6004	0.5056	0.5573	0.4980	0.5562	0.4349	0.5584	0.3229
0.3238	0.5014	0.4991	0.6060	0.6132	0.5002	0.5047	0.3772	0.5553	0.5004	0.4377	0.5090	0.6213	0.5056	0.5573	0.4476	0.5562	0.4349	0.5584	0.4430
0.3238	0.5014	0.4991	0.6060	0.6230	0.5002	0.5047	0.0000	0.5553	0.5004	0.4377	0.5090	0.6213	0.3193	0.5573	0.4476	0.5562	0.5027	0.5584	0.6768
0.3238	0.5014	0.4991	0.5647	0.6230	0.5002	0.5047	0.0000	0.5553	0.5004	0.4377	0.5090	0.6213	0.4475	0.5573	0.4476	0.5562	0.5027	0.5584	0.6768
0.6742	0.5014	0.5568	0.5647	0.3907	0.5002	0.5047	0.1888	0.5553	0.5004	0.6188	0.5090	0.6213	0.4475	0.3870	0.4476	0.5562	0.5027	0.5584	0.6768
0.6742	0.5014	0.5568	0.5502	0.3907	0.4989	0.5047	0.4495	0.5553	0.5004	0.6188	0.5090	0.6213	0.4475	0.3870	0.4476	0.5562	0.5027	0.5584	0.6768
0.6742	0.5014	0.5568	0.5101	0.3907	0.4989	0.4952	0.4843	0.5553	0.5004	0.6188	0.4925	0.6213	0.4475	0.3870	0.5598	0.5562	0.5027	0.5584	0.6768
0.6742	0.5014	0.5568	0.3851	0.3907	0.6269	0.4952	0.7405	0.5553	0.5004	0.6188	0.4925	0.6213	0.4475	0.3870	0.5598	0.5562	0.5027	0.5584	0.6768
0.6742	0.5014	0.5568	0.5114	0.3907	0.6269	0.4952	0.5468	0.5553	0.5004	0.6188	0.4925	0.5111	0.4475	0.3870	0.5598	0.5562	0.5027	0.5584	0.6768
0.4451	0.5014	0.5568	0.4500	0.6274	0.4973	0.4952	0.3843	0.5553	0.5004	0.6188	0.4925	0.5111	0.4475	0.3870	0.5598	0.5562	0.5027	0.5584	0.6768
0.4451	0.5014	0.5568	0.4500	0.6274	0.6693	0.4952	0.2588	0.5553	0.5004	0.6188	0.4925	0.5111	0.4475	0.3870	0.4450	0.5562	0.5027	0.5584	0.6768
0.4451	0.5014	0.5568	0.4500	0.6163	0.6693	0.4952	0.6204	0.5553	0.5004	0.6188	0.4925	0.5111	0.4475	0.6200	0.4450	0.5562	0.5027	0.5584	0.6768
0.4451	0.5014	0.5568	0.4500	0.6163	0.6693	0.4952	0.5523	0.5553	0.5004	0.6188	0.4925	0.4429	0.4341	0.6200	0.4450	0.5562	0.5027	0.5584	0.6768
0.4451	0.5014	0.5568	0.4500	0.6163	0.6693	0.4952	0.5523	0.5553	0.5004	0.6188	0.4925	0.4429	0.4341	0.6200	0.4450	0.5562	0.5027	0.5584	0.6768
0.4451	0.5014	0.5568	0.4500	0.6163	0.6777	0.4952	0.5523	0.5553	0.5004	0.6188	0.4925	0.4429	0.4341	0.6200	0.4450	0.5562	0.5027	0.5584	0.6768
0.3266	0.5014	0.5568	0.3832	0.6163	0.6777	0.4952	0.5523	0.5553	0.5004	0.6188	0.4925	0.4429	0.4341	0.6200	0.4450	0.5562	0.5027	0.5584	0.4522
0.3266	0.5014	0.5568	0.3832	0.6163	0.6777	0.4952	0.4425	0.5553	0.5004	0.6188	0.4925	0.4429	0.4341	0.6200	0.4450	0.5562	0.5027	0.5584	0.2626
0.3266	0.5014	0.5568	0.3832	0.4435	0.6777	0.4952	0.4425	0.5553	0.5004	0.6188	0.4925	0.4429	0.4341	0.6200	0.4450	0.5562	0.5027	0.5584	0.5698
0.3266	0.5014	0.5568	0.3832	0.3254	0.6777	0.4952	0.4425	0.5553	0.5004	0.6188	0.4925	0.4429	0.4341	0.6200	0.4450	0.5562	0.5027	0.5584	0.6765
0.6163	0.5014	0.5568	0.3832	0.3254	0.6777	0.4952	0.4425	0.5553	0.5004	0.6188	0.4925	0.4429	0.4341	0.6200	0.4450	0.5562	0.5027	0.5584	0.6765
0.6163	0.5014	0.5568	0.3832	0.3254	0.6777	0.4952	0.4425	0.5553	0.5004	0.6188	0.4925	0.4429	0.4341	0.6200	0.4450	0.5562	0.5027	0.5584	0.6765
0.5036	0.5014	0.5568	0.3832	0.3254	0.6777	0.4952	0.4425	0.5553	0.5004	0.6188	0.4925	0.4429	0.4341	0.6200	0.4450	0.5562	0.5027	0.5584	0.6209
0.5036	0.5014	0.5568	0.3832	0.3254	0.5632	0.4952	0.4425	0.5553	0.5004	0.6188	0.4925	0.4429	0.4341	0.6200	0.4450	0.5562	0.5027	0.5584	0.6209
0.5036	0.5014	0.5568	0.3832	0.3254	0.5632	0.4952	0.4425	0.5553	0.5004	0.6171	0.4925	0.4429	0.6141	0.6200	0.4450	0.5562	0.5027	0.5584	0.6209
0.5036	0.5014	0.5568	0.3832	0.3254	0.5632	0.4952	0.4425	0.5553	0.5004	0.6171	0.4925	0.4429	0.6141	0.4349	0.4450	0.5562	0.5027	0.5584	0.6209
0.5036	0.5014	0.5568	0.3878	0.3254	0.5632	0.4952	0.4425	0.5553	0.5004	0.5588	0.4925	0.4429	0.6141	0.4349	0.4450	0.5562	0.5027	0.5584	0.6209
0.5530	0.5014	0.5568	0.3878	0.3254	0.5632	0.4952	0.4425	0.5553	0.5004	0.5588	0.4925	0.4429	0.6141	0.4349	0.4450	0.5562	0.5027	0.5584	0.6209
0.5530	0.5014	0.5568	0.3878	0.3254	0.5632	0.4952	0.4425	0.5553	0.5004	0.5588	0.4925	0.4429	0.6141	0.4349	0.4450	0.5562	0.5027	0.5584	0.6209
0.5530	0.5014	0.5568	0.3878	0.4485	0.5632	0.4952	0.4425	0.5553	0.5004	0.5588	0.4925	0.4429	0.6141	0.4349	0.4450	0.5562	0.5027	0.5584	0.6209
0.5609	0.5014	0.5568	0.3878	0.4485	0.5632	0.4952	0.4425	0.5553	0.5004	0.5588	0.4925	0.4429	0.6141	0.4349	0.4450	0.5562	0.5027	0.5584	0.6209
0.5609	0.5014	0.5568	0.5626	0.5682	0.3805	0.4952	0.4425	0.5553	0.5004	0.5588	0.4925	0.4429	0.6141	0.4349	0.4450	0.5562	0.5027	0.5584	0.6209
0.5609	0.5014	0.5568	0.5626	0.4998	0.3805	0.4952	0.4425	0.5553	0.5004	0.5588	0.4925	0.4429	0.6141	0.4349	0.4450	0.5573	0.5028	0.5584	0.6209
0.5609	0.5014	0.5568	0.5626	0.4998	0.3805	0.4952	0.4425	0.4422	0.5004	0.5588	0.4925	0.4429	0.6141	0.4349	0.4450	0.5573	0.5028	0.5584	0.6209
0.5609	0.5014	0.5568	0.5626	0.4998	0.3805	0.4952	0.4425	0.4422	0.5004	0.5588	0.4925	0.4429	0.6141	0.4349	0.4450	0.5573	0.5028	0.5584	0.6209
0.5609	0.5014	0.5568	0.5626	0.4998	0.3805	0.4952	0.4425	0.4422	0.5004	0.5588	0.4925	0.4429	0.6141	0.4943	0.4450	0.3842	0.5028	0.5584	0.6209
0.5609	0.5014	0.5568	0.5626	0.4998	0.4969	0.4952	0.4425	0.4422	0.5004	0.5588	0.4925	0.4429	0.6141	0.4943	0.4450	0.3842	0.5028	0.4413	0.6209
0.5609	0.5014	0.5568	0.5626	0.5668	0.4969	0.4952	0.4425	0.4422	0.5004	0.5588	0.4925	0.4429	0.6141	0.4943	0.4416	0.3842	0.5028	0.4413	0.6209
0.5609	0.5014	0.5568	0.5626	0.5668	0.4969	0.4952	0.4425	0.4422	0.5004	0.5588	0.4925	0.4429	0.6141	0.4943	0.4416	0.3842	0.5565	0.4410	0.6209
0.5609	0.5014	0.5565	0.5626	0.5668	0.4969	0.4952	0.4425	0.4422	0.5004	0.5588	0.4925	0.4429	0.6141	0.4943	0.4416	0.3888	0.5565	0.4410	0.6209
0.5609	0.5014	0.5565	0.5626	0.5668	0.4969	0.4952	0.4425	0.4422	0.5004	0.5588	0.4925	0.4429	0.6141	0.4943	0.4416	0.3888	0.5565	0.4410	0.6209
0.5609	0.5014	0.5565	0.5626	0.4450	0.4969	0.4952	0.4425	0.4422	0.5004	0.5588	0.4925	0.4429	0.6141	0.4943	0.4416	0.3888	0.5565	0.4410	0.6209
0.5609	0.5014	0.5565	0.5626	0.4450	0.4969	0.4952	0.4425	0.4422	0.5004	0.5588	0.4925	0.4429	0.6141	0.4943	0.4416	0.3888	0.5565	0.4410	0.6209
0.5609	0.5014	0.5565	0.5626	0.5620	0.4969	0.4952	0.4425	0.4422	0.5004	0.5588	0.4925	0.4437	0.6141	0.4943	0.4416	0.3888	0.5565	0.4410	0.6209
0.5609	0.5014	0.5565	0.5626	0.5620	0.4969	0.4952	0.4425	0.4422	0.5004	0.5588	0.4925	0.4437	0.6141	0.4943	0.4416	0.3888	0.5565	0.4410	0.6209
0.5609	0.5014	0.5565	0.5626	0.5620	0.5614	0.4952	0.4425	0.4422	0.5004	0.5588	0.4925	0.4437	0.6141	0.4943	0.4416	0.3888	0.5565	0.4410	0.6209
0.5609	0.4395	0.5565	0.5626	0.5620	0.5614	0.4952	0.4425	0.4422	0.5004	0.5588	0.4925	0.4437	0.6141	0.4943	0.4416	0.3888	0.5565	0.4410	0.6209
0.5609	0.4395	0.5565	0.5626	0.5620	0.5614	0.4952	0.4425	0.4422	0.5004	0.5588	0.4925	0.4437	0.6141	0.3841	0.4416	0.3888	0.5565	0.4410	0.6209
0.5609	0.4395	0.5565	0.5626	0.5620	0.5614	0.4952	0.4425	0.4422	0.5004	0.5588	0.4925	0.4437	0.6141	0.3841	0.4416	0.3888	0.5565	0.4410	0.6209
0.5609	0.4395	0.5565	0.5626	0.5620	0.5614	0.4952	0.4425	0.4422	0.5004	0.5588	0.4925	0.4437	0.6141	0.3841	0.4416	0.3888	0.5565	0.4410	0.6209
0.5609	0.4395	0.5565	0.5626	0.5620	0.5614	0.4952	0.4425	0.4422	0.5004	0.5588	0.4925	0.4437	0.6141	0.3841	0.4416	0.3888	0.5565	0.4410	0.6209
0.5609	0.4395	0.5565	0.5626	0.5620	0.3794	0.4952	0.4425	0.4422	0.5004	0.5588	0.4925	0.4437	0.6141	0.3841	0.4416	0.3888	0.5565	0.4410	0.6209
0.5609	0.4395	0.5565	0.5626	0.5620	0.5603	0.4952	0.4425	0.4422	0.5004	0.5588	0.4925	0.4437	0.3858	0.3841	0.4416	0.3888	0.5565	0.4410	0.6209
0.5609	0.4395	0.5565	0.5626	0.5620	0.5603	0.4952	0.4425	0.4422	0.5004	0.4448	0.4925	0.4437	0.3858	0.3841	0.4416	0.3888	0.5565	0.4410	0.6209
0.5609	0.4395	0.5565	0.5626	0.5620	0.5603	0.4952	0.4425	0.4422	0.5004	0.4448	0.4925	0.4437	0.3858	0.3841	0.4416	0.3888	0.5565	0.4410	0.6209
0.5609	0.4395	0.5565	0.5626	0.5620	0.5603	0.4952	0.4425	0.4422	0.5004	0.4448	0.4925	0.4437	0.3858	0.3841	0.4416	0.3888	0.5565	0.3836	0.6209
0.5609	0.4395	0.5565	0.5626	0.5620	0.5603	0.4388	0.4425	0.4422	0.5004	0.4448	0.4925	0.4437	0.3858	0.3841	0.4416	0.3888	0.5565	0.3836	0.5603
0.5609	0.4976	0.5565	0.5626	0.5620	0.5603	0.4388	0.4425	0.4422	0.5004	0.4448	0.4925	0.4437	0.3858	0.3841	0.4416	0.4422	0.5565	0.3836	0.5603
0.5609	0.4976	0.5565	0.5626	0.5620	0.5603	0.4388	0.4425	0.4422	0.5004	0.4448	0.4925	0.4437	0.3858	0.5562	0.4416	0.4422	0.5565	0.3836	0.5603
0.5609	0.4976	0.5565	0.5626	0.5620	0.5603	0.4388	0.4425	0.4422	0.5004	0.4448	0.4925	0.4437	0.3858	0.5562	0.4416	0.4422	0.5565	0.3836	0.5603
0.5609	0.4976	0.5565	0.5626	0.5620	0.5603	0.4388	0.4425	0.4422	0.5004	0.4448	0.4925	0.4437	0.5579	0.5562	0.4416	0.4422	0.5565	0.4366	0.5603
0.5609	0.4976	0.5565	0.5626	0.5620	0.5603	0.4388	0.4425	0.4422	0.5004	0.4448	0.4925	0.4437	0.5579	0.5562	0.4416	0.4422	0.5565	0.4366	0.5603
0.5609	0.4976	0.5565	0.5626	0.5620	0.5603	0.4388	0.4425	0.4422	0.5004	0.4448	0.4925	0.4437	0.5579	0.5562	0.4416	0.4422	0.5565	0.4366	0.5603
0.5609	0.4976	0.5565	0.5626	0.5620	0.5603	0.4388	0.4425	0.4422	0.5004	0.4448	0.4925	0.4437	0.5579	0.5562	0.4416	0.4422	0.5565	0.4366	0.5603
0.5609	0.4976	0.5565	0.5626	0.5620	0.5603	0.4388	0.4425	0.4422	0.5004	0.4448	0.4925	0.4437	0.5579	0.5562	0.4416	0.4422	0.5565	0.4366	0.5603
0.5609	0.4976	0.5565	0.5626	0.5620	0.5603	0.4388	0.4425	0.4422	0.5004	0.4448	0.4925	0.4437	0.5579	0.5562	0.4416	0.4422	0.5565	0.4366	0.5603
0.5609	0.4976	0.5565	0.5626	0.5620	0.5603	0.4388	0.4425	0.4422	0.5004	0.4448	0.4925	0.4437	0.5579	0.5562	0.4397	0.4422	0.5565	0.4366	0.5603
0.5609	0.4976	0.5565	0.5626	0.5620	0.5603	0.4388	0.4425	0.4422	0.5004	0.4448	0.4925	0.4437	0.5579	0.5562	0.4397	0.4422	0.5565	0.4366	0.5603
0.5609	0.4976	0.5565	0.5626	0.5620	0.5603	0.4388	0.4425	0.4422	0.5004	0.4448	0.4925	0.4437	0.5579	0.5562	0.4397	0.4422	0.5565	0.4366	0.5603
0.5609	0.4976	0.5565	0.5626	0.5620	0.5603	0.4388	0.4425	0.4422	0.5004	0.4448	0.4925	0.4437	0.5579	0.5562	0.4397	0.4422	0.5565	0.4366	0.5603
0.5609	0.4976	0.5565	0.5626	0.5620	0.5603	0.4388	0.4425	0.4422	0.5004	0.4448	0.4925	0.4437	0.5579	0.5562	0.4397	0.4422	0.5565	0.4366	0.5603
