0.7688	0.8152	0.4643	0.8832	0.1039	0.8391	0.8671	0.2383	0.0209	0.5528	0.5200	0.9482	0.4625	0.0126	0.6972	0.1440	0.5314	0.9504	0.5848	0.9883
0.1968	0.5927	0.4226	0.6879	0.5583	0.2334	0.2448	1.0000	1.0000	0.4672	0.2934	1.0000	0.3066	1.0000	0.1788	0.3843	0.7319	0.0000	0.1227	0.4066
0.3001	0.2673	0.7245	0.5364	0.9317	0.4672	0.6343	0.5995	0.0212	1.0000	0.6688	1.0000	0.4750	0.1898	0.2681	0.2511	0.1669	0.7817	1.0000	0.6108
1.0000	0.7196	0.0000	0.6993	0.3625	0.0000	0.5011	0.4764	0.7284	0.1390	1.0000	0.6861	0.4994	1.0000	1.0000	0.4251	0.4189	0.5847	0.3939	0.4869
0.4014	0.0444	0.6284	0.8179	0.5765	0.4472	0.5011	0.0000	0.4967	0.4523	0.4923	1.0000	0.6124	0.5243	0.0000	0.0115	0.1714	0.3908	0.7307	0.0192
0.4984	0.9521	0.1270	0.2708	0.5681	0.1797	0.5011	0.3780	0.4967	0.8539	0.4923	0.7176	0.6124	0.7067	0.6241	0.7097	0.6142	0.3908	0.4548	0.3075
0.4984	0.5114	0.0454	0.4728	0.6911	0.3913	0.4898	1.0000	0.3979	0.0000	0.4923	0.6956	0.8329	0.5133	0.4040	0.7728	0.5327	0.3908	0.9397	0.8161
0.4984	0.4239	0.1850	0.4269	0.7119	0.3999	0.4898	0.5171	0.3979	0.6022	0.4923	0.4016	0.5038	0.7149	0.2768	0.5035	0.2174	0.3961	0.4792	0.6078
0.4984	0.4475	0.1660	0.5288	0.0000	0.4871	0.4898	0.1471	0.3979	0.6022	0.4923	1.0000	0.5038	0.4831	0.4746	0.5035	0.5203	0.3961	0.6185	0.6078
0.5121	0.3428	0.5201	0.3898	0.6018	0.2445	0.4991	0.6047	0.3979	0.6022	0.4923	0.4793	0.4912	0.3873	0.3908	0.4871	0.4788	0.3865	0.6185	1.0000
0.5121	0.0000	0.5088	0.3817	0.1391	0.4208	0.4991	0.6047	0.6328	0.6022	0.4923	0.4793	0.4912	0.0000	0.5042	0.4718	0.4124	0.3865	0.6185	0.8801
0.6243	0.5274	0.5440	0.3817	0.3543	0.4058	0.4991	0.6040	0.4259	0.6022	0.4923	0.4793	0.4912	0.1883	0.5002	0.3626	0.4124	0.5305	0.6185	1.0000
0.9387	0.6600	1.0000	0.3817	0.3792	0.4927	0.6191	0.6040	0.1972	0.6024	0.4923	0.4793	0.4912	0.5765	0.5002	0.2020	1.0000	0.5305	0.6185	0.9696
0.0000	0.4196	0.7178	0.3817	0.3792	0.4927	0.4149	0.6040	0.3848	0.6024	0.4923	0.3747	0.4912	0.0000	0.5002	0.2690	1.0000	0.7097	0.4878	0.9345
0.8376	1.0000	0.4027	0.5016	0.3792	0.4927	0.4199	0.5059	0.5074	1.0000	0.4923	0.3895	0.4912	0.3709	0.5002	0.3609	0.3384	0.3924	0.5961	0.7409
0.8582	0.4859	0.4027	0.7136	0.3792	0.4927	0.5967	0.7427	0.5074	0.1362	0.4923	0.5146	0.4912	0.2772	0.5002	0.6526	0.7239	0.7436	0.4875	0.6744
0.6152	0.6129	0.7258	0.7136	0.4961	0.3873	0.7242	0.4185	0.6779	0.5060	0.4923	0.5146	0.5947	0.4046	0.5943	0.0000	0.6056	0.6803	0.5161	0.8058
0.7634	0.0000	0.1056	0.5132	0.4961	0.3873	0.6295	0.9375	0.4907	0.5060	0.4923	0.5146	0.9456	0.4046	0.5943	0.6159	0.6056	0.3919	0.5002	0.5031
0.3793	0.0000	0.3639	0.0000	0.4961	0.3873	0.5076	0.8330	0.4907	0.5069	0.4923	0.5146	1.0000	0.4046	0.5943	0.6624	0.6056	0.7005	0.4944	0.5031
0.7105	0.3885	0.8839	0.2790	0.4961	0.3873	0.4883	1.0000	0.4907	0.5069	0.4923	0.6000	0.2169	0.3286	0.4596	0.4071	0.6056	0.4022	0.4944	0.5177
0.7105	0.3922	0.0000	0.5856	0.4961	0.3873	0.6174	0.7021	0.4907	0.5069	0.4923	0.0000	0.2852	0.2678	0.3748	0.4071	0.6056	0.4022	0.4944	0.1708
0.4800	0.3922	0.7151	0.5856	0.4961	0.3873	0.6174	0.5255	0.4907	0.6122	0.4923	0.4943	0.2852	0.3881	0.3748	0.4017	0.6056	0.4758	0.4944	0.5120
0.4800	0.5204	0.7425	0.5161	0.4961	0.5054	0.6174	0.4806	0.4907	0.3084	0.4923	0.4943	0.2852	0.3881	0.4943	0.7160	0.6056	0.4758	0.6024	0.6060
0.4800	0.5973	0.6134	0.5161	0.5012	0.5054	0.6174	0.3990	0.5054	0.4902	0.4923	0.4943	0.6109	0.3881	0.4943	1.0000	0.6056	0.4871	0.6024	0.6060
0.4800	0.5973	0.6134	0.5161	0.5012	0.6122	0.3758	0.5094	0.5054	0.2697	0.4923	0.7106	0.6109	0.3881	0.4943	0.2105	0.6056	0.4871	0.5136	0.6060
0.3876	0.5973	0.6134	0.5161	0.5012	0.6122	0.3758	0.5094	0.5229	0.4250	0.4923	0.4794	0.0000	0.3881	0.4943	0.7225	0.6056	0.6129	0.5136	0.6060
0.3915	0.4801	0.6134	0.3844	0.5012	0.6122	0.3758	0.5094	0.5229	1.0000	0.4923	0.1990	0.3844	0.3881	0.4943	0.5001	0.6056	0.5060	0.5136	0.6060
0.3915	0.3859	0.6134	0.5954	0.5012	0.6122	0.4980	0.5094	0.5235	0.3753	0.4923	0.4048	0.3844	0.3881	0.4943	0.5001	0.6056	0.5060	0.5136	0.6060
0.5013	0.3859	0.6134	0.5954	0.5012	0.4937	0.3589	0.3822	0.5235	0.4842	0.4923	0.5034	0.3844	0.3881	0.4943	0.4977	0.6056	0.5060	0.5136	0.5113
0.5013	0.3859	0.6075	0.5954	0.5012	0.4937	0.1793	0.3822	0.5235	0.4842	0.4923	0.5034	0.6760	0.4884	0.4943	0.4977	0.6056	0.5060	0.5136	0.5113
0.5013	0.5136	0.6075	0.5954	0.5012	0.4937	0.5197	0.3822	0.5235	0.4842	0.4923	0.6192	0.4093	0.4711	0.4943	0.4977	0.6056	0.5060	0.5136	0.3944
0.5013	0.5136	0.6075	0.5954	0.5012	0.4937	0.0000	0.3822	0.5235	0.4842	0.4923	0.6192	0.0000	0.6055	0.4943	0.4977	0.6056	0.5060	0.5136	0.3944
0.5013	0.5136	0.6075	0.4962	0.6131	0.4937	0.6077	0.6006	0.4919	0.4842	0.4923	0.6192	0.5599	0.6055	0.4943	0.4977	0.6056	0.5060	0.5136	0.6175
0.5013	0.5136	0.3847	0.3701	0.3971	0.4937	0.6077	0.6006	0.4919	0.4842	0.5008	0.6192	0.7007	0.6055	0.4943	0.4977	0.6056	0.5060	0.6139	0.6175
0.5013	0.5136	0.3847	0.3701	0.3971	0.4937	0.6160	0.6099	0.4919	0.5088	0.5008	0.6192	0.6055	0.6055	0.4943	0.4977	0.6056	0.4998	0.4811	0.6175
0.5013	0.4954	0.3847	0.6092	0.3971	0.4937	0.6160	0.6099	0.4919	0.5088	0.5008	0.6192	0.6055	0.6055	0.4943	0.4977	0.6056	0.4994	0.4811	0.5042
0.5013	0.4954	0.3847	0.6092	0.3971	0.4937	0.3943	0.3865	0.6015	0.5088	0.5008	0.6192	0.6055	0.6055	0.4943	0.4977	0.6056	0.4994	0.4811	0.5042
0.5013	0.4954	0.3847	0.6092	0.4830	0.4937	0.3943	0.3865	0.6015	0.3810	0.5008	0.6192	0.6055	0.6055	0.4943	0.4977	0.6056	0.4994	0.4811	0.5042
0.5013	0.6129	0.3847	0.6092	0.4830	0.4937	0.3943	0.3865	0.4836	0.3810	0.5008	0.6192	0.6055	0.6055	0.4943	0.4977	0.6056	0.4994	0.4836	0.5042
0.5013	0.6129	0.3847	0.6092	0.4830	0.4937	0.3943	0.3865	0.4836	0.3810	0.5008	0.6192	0.6055	0.6055	0.4943	0.4977	0.6056	0.4994	0.4836	0.5042
0.5013	0.6129	0.3847	0.6092	0.4830	0.4937	0.3943	0.3865	0.4836	0.3810	0.5008	0.6192	0.6055	0.6055	0.4943	0.4977	0.6056	0.4994	0.4836	0.5042
0.5013	0.6129	0.3847	0.6092	0.4830	0.4937	0.3948	0.3865	0.4836	0.3810	0.5008	0.6192	0.6055	0.3827	0.4943	0.4977	0.6056	0.4994	0.4836	0.5042
0.4901	0.6129	0.3944	0.6036	0.4830	0.4937	0.5031	0.3865	0.4836	0.3810	0.5008	0.6192	0.6055	0.3827	0.4943	0.4977	0.6056	0.4994	0.4836	0.5042
0.4901	0.6129	0.3944	0.2994	0.4830	0.4937	0.5031	0.3865	0.4836	0.3810	0.5008	0.4990	0.6055	0.3827	0.4943	0.4977	0.6056	0.4994	0.4836	0.5042
0.4901	0.6129	0.3944	0.4916	0.4830	0.5005	0.5031	0.3865	0.4836	0.3810	0.5008	0.4990	0.7246	0.6278	0.4971	0.4977	0.6056	0.4994	0.4836	0.5042
0.4901	0.6129	0.3944	0.1548	0.4830	0.3852	0.3803	0.3865	0.4836	0.3810	0.5008	0.4990	0.7246	0.5036	0.4971	0.4977	0.6056	0.4994	0.4836	0.5042
0.4901	0.6129	0.3944	0.0000	0.4830	0.3852	0.3803	0.3865	0.4836	0.3810	0.5008	0.4990	0.5013	0.5036	0.4971	0.4977	0.4909	0.4994	0.4836	0.5042
0.4901	0.6129	0.3944	0.3822	0.4830	0.3852	0.3803	0.3865	0.4836	0.3810	0.5008	0.4990	0.5013	0.5036	0.4971	0.4871	0.4909	0.4994	0.4836	0.5042
0.4901	0.6129	0.3944	0.4982	0.4830	0.5060	0.3803	0.3865	0.4836	0.3810	0.5073	0.4990	0.4978	0.5036	0.4971	0.4871	0.4909	0.4994	0.5035	0.5042
0.4901	0.6129	0.3944	0.3844	0.4830	0.5060	0.3803	0.3923	0.4836	0.3810	0.5073	0.4990	0.4978	0.6009	0.4971	0.4871	0.4909	0.4994	0.5035	0.5042
0.4901	0.6129	0.3944	0.3844	0.4995	0.5060	0.3789	0.3923	0.4836	0.3810	0.5073	0.5165	0.4978	0.3954	0.4971	0.4871	0.4909	0.4994	0.5035	0.5042
0.4901	0.6129	0.6007	0.3844	0.4995	0.5178	0.3789	0.3923	0.4836	0.3810	0.5073	0.5165	0.4978	0.3954	0.4971	0.4871	0.4909	0.4994	0.5035	0.5042
0.4901	0.6129	0.6007	0.3844	0.5970	0.5178	0.3789	0.3923	0.4836	0.3810	0.5073	0.6077	0.7267	0.3954	0.4971	0.4871	0.4909	0.4994	0.5035	0.5042
0.4901	0.6129	0.6007	0.3844	0.5970	0.5178	0.3789	0.3923	0.4836	0.3810	0.5073	0.6077	0.7267	0.3954	0.4971	0.4871	0.4909	0.4994	0.5035	0.5042
0.4901	0.6129	0.6199	0.3844	0.6044	0.5178	0.3789	0.3923	0.4836	0.3810	0.5073	0.6077	0.7267	0.3954	0.4971	0.4871	0.5020	0.4994	0.5035	0.5042
0.4901	0.6129	0.6199	0.3844	0.6044	0.5178	0.3789	0.5029	0.6297	0.3810	0.5073	0.6067	0.7267	0.4899	0.4971	0.4871	0.5020	0.4994	0.5035	0.5042
0.4901	0.6129	0.6199	0.3844	0.6044	0.5178	0.3789	0.5029	0.6059	0.6004	0.5073	0.6067	0.7267	0.3810	0.4971	0.4871	0.5020	0.4994	0.5035	0.5042
0.4901	0.6129	0.4884	0.3844	0.6044	0.5054	0.3789	0.5029	0.6059	0.6004	0.5073	0.6067	0.5133	0.3890	0.4971	0.4871	0.5020	0.4994	0.5035	0.5042
0.4901	0.6129	0.4884	0.3844	0.6044	0.5054	0.3789	0.5029	0.6059	0.4970	0.5073	0.6067	0.3938	0.3890	0.4971	0.4871	0.5020	0.4994	0.5035	0.5042
0.4901	0.6129	0.4884	0.3844	0.6044	0.5054	0.3789	0.5029	0.6059	0.4970	0.5073	0.5119	0.3938	0.3843	0.4971	0.4871	0.5020	0.4994	0.5035	0.5042
0.4901	0.6129	0.4884	0.3844	0.6044	0.5054	0.3789	0.5029	0.4854	0.4970	0.5073	0.5119	0.3938	0.6027	0.4971	0.4871	0.5020	0.4994	0.5035	0.5042
0.4901	0.6129	0.4884	0.3844	0.6044	0.5054	0.3789	0.5029	0.5005	0.4970	0.5073	0.5119	0.3938	0.6027	0.4971	0.4871	0.6136	0.4994	0.5035	0.5042
0.4901	0.6129	0.4884	0.3844	0.6044	0.5054	0.3789	0.5029	0.5005	0.4970	0.5073	0.5119	0.3938	0.6027	0.4971	0.4871	0.5078	0.4994	0.5035	0.5042
0.4901	0.6129	0.4884	0.3844	0.6044	0.5054	0.3789	0.5029	0.5005	0.4970	0.5073	0.5119	0.3938	0.6027	0.4971	0.4871	0.5078	0.4994	0.5035	0.5042
0.4901	0.3878	0.4884	0.3844	0.6044	0.5054	0.3789	0.5029	0.5005	0.4970	0.5073	0.5119	0.3938	0.6027	0.4971	0.4871	0.5078	0.4994	0.5035	0.5042
0.4901	0.3878	0.4884	0.3844	0.6044	0.5054	0.3789	0.5029	0.5005	0.4970	0.5073	0.5119	0.3938	0.6027	0.4971	0.4871	0.5078	0.4994	0.5035	0.5042
0.4901	0.3878	0.4884	0.3844	0.6044	0.5054	0.3789	0.5029	0.5005	0.4970	0.5073	0.5119	0.3938	0.6027	0.5012	0.4871	0.5078	0.4994	0.5035	0.5042
0.4901	0.3878	0.4884	0.3844	0.6044	0.5054	0.3789	0.5029	0.5005	0.4970	0.5073	0.5119	0.3938	0.6027	0.5012	0.4871	0.5078	0.4994	0.5035	0.5042
0.4901	0.6043	0.4884	0.3844	0.6044	0.5054	0.3789	0.5029	0.5005	0.4970	0.5073	0.5119	0.3938	0.6027	0.5012	0.4871	0.5078	0.4994	0.5035	0.5042
0.4901	0.6043	0.4884	0.4960	0.6044	0.5054	0.3789	0.5029	0.5005	0.4970	0.5073	0.4965	0.3938	0.6027	0.5012	0.4871	0.5078	0.4994	0.5035	0.5042
0.4901	0.6043	0.4884	0.4960	0.6044	0.5054	0.3789	0.5029	0.5005	0.4970	0.5073	0.4965	0.3938	0.6027	0.5012	0.4871	0.5078	0.4994	0.5035	0.5042
0.4901	0.4916	0.4884	0.4960	0.3914	0.5054	0.3789	0.5029	0.5005	0.4970	0.5073	0.4965	0.3938	0.6027	0.5012	0.4871	0.5078	0.4994	0.5035	0.5042
0.4901	0.4916	0.4884	0.4960	0.3914	0.5054	0.3789	0.5029	0.5005	0.4970	0.5073	0.4965	0.3938	0.6027	0.5012	0.4871	0.5078	0.4994	0.5035	0.5042
0.4901	0.4916	0.4884	0.4960	0.3914	0.5054	0.3789	0.5029	0.5005	0.4970	0.5073	0.4965	0.3938	0.6027	0.5012	0.4871	0.5078	0.4994	0.5035	0.5042
0.4901	0.4916	0.4884	0.4960	0.3914	0.5054	0.3789	0.5029	0.5005	0.4970	0.5073	0.4965	0.3938	0.6027	0.5012	0.4871	0.3937	0.4994	0.5035	0.5042
0.4901	0.4916	0.4884	0.4960	0.3914	0.5054	0.3789	0.5029	0.5005	0.4970	0.5073	0.4965	0.3938	0.6027	0.5012	0.4871	0.3937	0.4994	0.5035	0.5042
0.4901	0.4916	0.4884	0.4960	0.3914	0.5054	0.3789	0.5029	0.5005	0.4970	0.5073	0.4965	0.3938	0.6027	0.5012	0.4871	0.3855	0.4994	0.5035	0.5042
0.4901	0.4916	0.4884	0.4960	0.3914	0.5054	0.3789	0.4988	0.5005	0.4970	0.5073	0.4965	0.3938	0.4892	0.5012	0.4871	0.3855	0.4994	0.5035	0.5042
0.4901	0.4916	0.4884	0.4960	0.3914	0.5054	0.3789	0.4988	0.5005	0.4970	0.5073	0.4965	0.3938	0.4892	0.5012	0.4871	0.3855	0.4994	0.5035	0.5042
0.4901	0.4916	0.3806	0.4960	0.4885	0.5054	0.3789	0.4988	0.5005	0.4970	0.5073	0.4965	0.3938	0.4892	0.5012	0.4871	0.3855	0.4994	0.5035	0.5042
0.4901	0.4916	0.3806	0.4960	0.4885	0.5054	0.3789	0.4988	0.5005	0.4970	0.5073	0.4965	0.3938	0.4892	0.5012	0.4871	0.3855	0.4994	0.5035	0.5042
0.4901	0.4916	0.3806	0.4960	0.4885	0.5054	0.3789	0.4988	0.5005	0.4970	0.5073	0.4965	0.3938	0.4892	0.5012	0.4871	0.3855	0.4994	0.5035	0.5042
0.4901	0.4916	0.3806	0.4960	0.4885	0.5054	0.5109	0.4988	0.5005	0.4970	0.5073	0.4965	0.3938	0.4892	0.5012	0.4871	0.3855	0.4994	0.5035	0.5042
0.4901	0.4916	0.3806	0.4960	0.4885	0.5054	0.5109	0.4988	0.5005	0.4970	0.5073	0.4965	0.3938	0.4892	0.5012	0.4871	0.3855	0.4994	0.5035	0.5042
0.4901	0.4916	0.3806	0.4960	0.4914	0.5054	0.5109	0.4988	0.5005	0.4970	0.5073	0.4965	0.3938	0.4892	0.5012	0.4871	0.3855	0.4994	0.5035	0.5042
0.4901	0.4916	0.3806	0.4960	0.4914	0.5054	0.5109	0.4988	0.5005	0.4970	0.5073	0.4965	0.3938	0.4892	0.5012	0.4871	0.3855	0.4994	0.5035	0.5042
0.4901	0.4916	0.3806	0.4960	0.4914	0.5054	0.5109	0.4988	0.5005	0.4970	0.5073	0.4965	0.3938	0.4892	0.5012	0.4871	0.3855	0.4994	0.5035	0.5042
0.4901	0.4916	0.6105	0.4960	0.4914	0.5054	0.5109	0.4988	0.5005	0.4970	0.5073	0.4965	0.3938	0.4892	0.5012	0.4871	0.3855	0.4994	0.5035	0.5042
0.4901	0.4916	0.6105	0.4960	0.4914	0.5054	0.5109	0.4988	0.5005	0.4970	0.5073	0.4965	0.3938	0.4892	0.5012	0.4871	0.3855	0.4994	0.5035	0.5042
0.4901	0.4916	0.6105	0.4960	0.4914	0.5054	0.5109	0.4988	0.5005	0.4970	0.5073	0.4965	0.3938	0.4892	0.5012	0.4871	0.3855	0.4994	0.5035	0.5042
0.4901	0.4916	0.6105	0.4960	0.4914	0.5054	0.5109	0.4988	0.5005	0.4970	0.5073	0.4965	0.3938	0.4892	0.5012	0.4871	0.3855	0.4994	0.5035	0.5042
0.4901	0.4916	0.6105	0.4960	0.4914	0.5054	0.5109	0.4988	0.5005	0.4970	0.5073	0.4965	0.3938	0.6086	0.5012	0.4871	0.3855	0.4994	0.5035	0.5042
0.4901	0.4916	0.6105	0.4960	0.4914	0.5054	0.5109	0.4988	0.5005	0.4970	0.5073	0.4965	0.3938	0.6086	0.5012	0.4871	0.5094	0.4994	0.5035	0.5042
0.4901	0.4916	0.6105	0.4960	0.4914	0.5054	0.5109	0.4988	0.5005	0.4970	0.5073	0.4965	0.3938	0.6086	0.5012	0.4871	0.5094	0.4994	0.5035	0.5042
0.4901	0.4916	0.6105	0.4960	0.4914	0.5054	0.5109	0.4988	0.5005	0.4970	0.5073	0.4965	0.3938	0.6086	0.5012	0.4871	0.5094	0.4994	0.5035	0.5042
0.4901	0.4916	0.6105	0.4960	0.4914	0.5054	0.5109	0.4988	0.5005	0.4970	0.5073	0.4965	0.3938	0.6086	0.5012	0.4871	0.5094	0.4994	0.5035	0.5042
0.4901	0.4916	0.6105	0.4960	0.4914	0.5054	0.5109	0.4988	0.5005	0.4970	0.5073	0.4965	0.3938	0.6086	0.5012	0.4871	0.5094	0.4994	0.5035	0.5042
0.4901	0.4916	0.6105	0.4960	0.4914	0.5054	0.5109	0.4988	0.5005	0.4970	0.5073	0.4965	0.3938	0.6086	0.5012	0.4871	0.5094	0.4994	0.5035	0.5042
0.4901	0.4916	0.6105	0.4960	0.4914	0.5054	0.5109	0.4988	0.5005	0.4970	0.5073	0.4965	0.3938	0.6086	0.5012	0.4871	0.5094	0.4994	0.5035	0.5042
0.4901	0.4916	0.6105	0.4960	0.4914	0.5054	0.5109	0.4988	0.5005	0.4970	0.5073	0.4965	0.3938	0.6086	0.5012	0.4871	0.5094	0.4994	0.5035	0.5042
0.4961	0.4916	0.6105	0.4960	0.4914	0.5054	0.5109	0.4988	0.5005	0.4970	0.5073	0.4965	0.3938	0.6086	0.5012	0.4871	0.5094	0.4994	0.5035	0.6097
