0.3320	0.7556	0.1395	0.2036	0.3580	0.3494	0.7950	0.8334	0.3642	0.1893
0.5625	0.6647	0.9001	0.7663	1.0000	0.5471	0.4565	0.0000	0.5156	0.8032
0.3446	0.0174	0.6123	0.6212	0.0000	0.5061	0.4378	1.0000	0.4986	0.8032
0.3446	0.6872	0.6152	0.6968	0.3192	0.9055	0.4837	0.5148	0.0000	0.2025
0.3446	0.7779	0.3561	0.6353	0.3074	1.0000	0.0000	0.0000	0.9627	0.4760
0.5361	0.7922	0.4980	1.0000	0.5126	0.1902	0.5641	0.7921	0.7262	0.5167
0.7734	0.4716	1.0000	0.6588	0.3638	1.0000	0.4984	0.4794	0.3338	0.5167
1.0000	0.4730	0.4844	0.6588	0.3638	0.6493	1.0000	0.4925	0.4724	0.5167
0.2981	0.0000	0.1949	0.7853	0.3638	0.5208	0.3685	0.6726	0.2680	0.5167
0.0000	0.3491	0.3447	0.5147	0.0000	0.0000	0.4554	0.5213	0.6362	0.5167
0.3764	0.6363	0.8041	0.5076	0.6308	0.0000	0.5021	0.1982	0.6362	0.5167
0.3764	0.6207	0.1574	0.5152	0.4828	1.0000	0.5021	0.5115	0.5189	0.1536
0.3764	0.3482	1.0000	0.0000	0.3360	0.3936	0.5021	0.5115	0.5233	0.6484
0.4920	0.3620	0.7324	0.0854	0.8488	0.5154	0.5021	0.5115	0.5233	0.6484
0.4920	0.3620	0.8016	0.4960	0.7255	0.3571	0.5021	0.5115	0.6283	0.7658
0.4920	0.3620	0.7698	0.2694	0.6326	0.3044	0.5021	0.5115	0.5216	1.0000
0.4920	0.3620	0.7698	0.5103	0.2630	0.6796	0.4826	0.5115	1.0000	0.9883
0.4920	0.3620	0.5015	0.7938	1.0000	0.7901	0.4826	0.5115	0.3706	0.7940
0.4871	0.3620	0.5015	0.0000	0.5123	0.5912	0.3606	0.5115	0.4736	0.3931
0.4871	0.3620	0.5015	0.1080	0.5123	0.2521	0.3606	0.5115	0.4736	0.5152
0.4871	0.2118	0.3792	0.3850	0.5123	0.5115	0.5045	0.5257	0.4736	0.5152
0.4871	0.4182	0.6265	0.6626	0.5123	0.5115	0.6205	0.5257	0.4736	0.2716
0.4895	0.4863	0.6265	0.6626	0.5123	0.5115	0.6205	0.3664	0.4736	0.4666
0.4895	0.7687	0.6265	0.6626	0.5123	0.5115	0.6644	0.3664	0.4819	0.3624
0.4895	0.9011	0.6265	0.6345	0.5123	0.3650	0.5125	0.3664	0.4819	0.3624
0.4895	1.0000	0.5220	0.6345	0.5123	0.3650	0.5125	0.3664	0.4768	0.4893
0.4895	0.8610	0.5220	0.6345	0.5111	0.3646	0.5125	0.3664	0.6335	0.4893
0.4941	0.4567	0.6333	0.4999	0.5111	0.5109	0.4878	0.5092	0.6335	0.4893
0.4941	1.0000	0.5229	0.4927	0.5026	0.5109	0.5075	0.5092	0.2537	0.3653
0.4941	0.3921	0.6444	0.3655	0.5026	0.5109	0.5075	0.5092	0.8010	0.3653
0.4941	0.4534	0.6444	0.3655	0.5026	0.5109	0.5075	0.5092	0.7507	0.3653
0.4941	0.3577	0.6444	0.4843	0.5026	0.5109	0.5075	0.5092	0.9046	0.3653
0.4941	0.5104	0.6444	0.4843	0.5026	0.5109	0.5075	0.5092	0.2187	0.3653
0.4941	0.5104	0.6444	0.4917	0.4843	0.5033	0.5075	0.5092	0.2187	0.3653
0.4941	0.5104	0.6444	0.6325	0.4843	0.5033	0.5075	0.5092	0.2187	0.3653
0.4941	0.5104	0.6331	0.5223	0.4843	0.5033	0.5075	0.5092	0.3655	0.3653
0.4941	0.5104	0.6331	0.4802	0.4843	0.5033	0.5075	0.5092	0.5558	0.3653
0.4941	0.5104	0.6331	0.4802	0.4843	0.5033	0.5075	0.6380	0.3513	0.3653
0.5283	0.5104	0.6331	0.4802	0.3687	0.5033	0.5099	0.6380	0.3513	0.3653
0.3645	0.5104	0.6331	0.4802	0.3687	0.5033	0.4979	0.4921	0.3822	0.3653
0.3645	0.5104	0.6331	0.4802	0.3687	0.5033	0.3478	0.4921	0.3822	0.3653
0.4839	0.5104	0.6331	0.4802	0.3687	0.5033	0.3478	0.4921	0.7883	0.3653
0.4839	0.5104	0.6331	0.4802	0.3687	0.5033	0.3478	0.6460	0.4845	0.6314
0.4839	0.5104	0.6331	0.4802	0.3411	0.5033	0.3478	0.6460	0.3855	0.6314
0.4839	0.5104	0.6331	0.4802	0.6285	0.5033	0.3478	0.6460	0.5271	0.6314
0.4839	0.5104	0.6331	0.4802	0.6285	0.5033	0.3478	0.6460	0.6280	0.6314
0.4839	0.5104	0.6331	0.4802	0.6285	0.5055	0.3478	0.6460	0.6280	0.6314
0.4839	0.5104	0.3829	0.4802	0.6285	0.5055	0.3478	0.6460	0.6384	0.6314
0.6421	0.5076	0.3829	0.4802	0.6527	0.5055	0.3478	0.6460	0.6384	0.6314
0.6421	0.5076	0.6325	0.4802	0.6527	0.5055	0.3478	0.6460	0.6384	0.6314
0.6421	0.5076	0.6325	0.4802	0.6527	0.5055	0.3478	0.6460	0.6384	0.6314
0.6421	0.5076	0.6325	0.4802	0.6527	0.5055	0.3478	0.6460	0.6384	0.6314
0.6421	0.5076	0.6325	0.4955	0.6527	0.4891	0.3478	0.6460	0.6384	0.4877
0.6421	0.5076	0.6325	0.4955	0.6527	0.4891	0.3478	0.6460	0.6384	0.4877
0.6421	0.5076	0.6325	0.4955	0.6527	0.4891	0.3478	0.6306	0.6384	0.4877
0.6421	0.5076	0.6325	0.4955	0.6527	0.4891	0.3478	0.6306	0.6384	0.4877
0.6421	0.5076	0.3344	0.4955	0.6527	0.4891	0.3478	0.6306	0.6384	0.4877
0.6421	0.5076	0.6349	0.4955	0.6527	0.4891	0.3478	0.3582	0.6384	0.4877
0.6421	0.5076	0.6349	0.4955	0.6280	0.4891	0.3478	0.3582	0.6384	0.4877
0.6421	0.5076	0.6349	0.4955	0.6280	0.4891	0.3478	0.5068	0.6384	0.4877
0.6421	0.5076	0.6349	0.6408	0.6280	0.4891	0.3478	0.5068	0.6384	0.4877
0.6421	0.5076	0.4919	0.6408	0.6280	0.4891	0.6464	0.5068	0.6384	0.4877
0.6421	0.5076	0.4919	0.6408	0.6280	0.4891	0.6464	0.5068	0.6384	0.4877
0.4904	0.5076	0.4919	0.6408	0.6280	0.4891	0.6464	0.5068	0.6384	0.4877
0.4904	0.5076	0.4919	0.6408	0.6280	0.4891	0.6464	0.5068	0.6384	0.4877
0.4904	0.5076	0.4919	0.6408	0.6280	0.4891	0.6464	0.5068	0.6384	0.5092
0.4904	0.5076	0.4919	0.6408	0.6280	0.4891	0.6464	0.5068	0.6384	0.5092
0.4904	0.5076	0.4919	0.6408	0.6280	0.4891	0.6464	0.5068	0.6408	0.5092
0.4904	0.5076	0.4919	0.6408	0.6280	0.4891	0.6464	0.5068	0.6408	0.5092
0.4904	0.5076	0.4919	0.6408	0.6280	0.4891	0.6464	0.5068	0.6408	0.5092
0.4904	0.5076	0.4919	0.6408	0.4958	0.4891	0.6464	0.5068	0.6408	0.5092
0.4904	0.5076	0.4919	0.6408	0.4958	0.4891	0.6464	0.5068	0.6408	0.5092
0.4904	0.5076	0.4919	0.6408	0.4958	0.4891	0.6464	0.5037	0.6408	0.5092
0.4904	0.5076	0.4919	0.6408	0.4958	0.4891	0.6464	0.5037	0.6408	0.5092
0.4904	0.5076	0.4919	0.6408	0.4958	0.4891	0.6464	0.5037	0.6408	0.5092
0.4904	0.4848	0.4919	0.6408	0.4958	0.4891	0.6464	0.5037	0.6408	0.5092
0.4904	0.4848	0.4919	0.6408	0.4958	0.4891	0.6464	0.5037	0.6408	0.5092
0.4904	0.4848	0.4919	0.6408	0.5003	0.4891	0.6464	0.5037	0.6408	0.5092
0.4904	0.4848	0.4919	0.3661	0.5128	0.4891	0.6464	0.5134	0.6408	0.5092
0.4904	0.4848	0.4919	0.3661	0.5128	0.4891	0.4987	0.5134	0.6408	0.5092
0.4904	0.4848	0.4919	0.3661	0.5128	0.4891	0.4987	0.5134	0.6445	0.5006
0.4904	0.4848	0.4919	0.3661	0.5128	0.4891	0.4987	0.5134	0.6445	0.5006
0.4904	0.4848	0.4919	0.3661	0.5128	0.4891	0.4987	0.5134	0.6445	0.5006
0.4904	0.4848	0.4919	0.5186	0.5128	0.4891	0.4987	0.5134	0.6445	0.5006
0.4904	0.4848	0.4919	0.5186	0.5128	0.4891	0.4987	0.5134	0.6445	0.5006
0.4904	0.4848	0.4919	0.5186	0.5128	0.4891	0.4987	0.5134	0.6445	0.5006
0.4904	0.4848	0.4919	0.5186	0.5128	0.4891	0.4987	0.5134	0.6445	0.5006
0.4904	0.4848	0.4919	0.5186	0.5128	0.4891	0.4987	0.5134	0.6445	0.5006
0.4904	0.4848	0.4919	0.5186	0.5128	0.4891	0.4987	0.5134	0.6445	0.5006
0.4904	0.4848	0.4919	0.5186	0.5128	0.4891	0.4987	0.5134	0.6445	0.5006
0.4904	0.4848	0.4919	0.5186	0.5128	0.4891	0.4987	0.5134	0.6445	0.5006
0.4904	0.4848	0.4919	0.5186	0.5128	0.4891	0.4987	0.5134	0.6445	0.5006
0.4904	0.4848	0.4919	0.5186	0.5128	0.4891	0.4987	0.5134	0.6445	0.5006
0.4904	0.4848	0.4919	0.5186	0.5128	0.4891	0.4987	0.5134	0.6445	0.5006
0.4904	0.4848	0.4919	0.5186	0.5128	0.4891	0.4987	0.5134	0.6445	0.5006
0.4904	0.4848	0.4919	0.5186	0.5128	0.4891	0.4987	0.5134	0.6445	0.5006
0.4904	0.4848	0.4919	0.4879	0.5108	0.4891	0.4987	0.5134	0.6445	0.5006
0.4904	0.4848	0.4919	0.4879	0.5108	0.4891	0.4987	0.5134	0.6445	0.5006
0.4904	0.4848	0.4919	0.4879	0.5108	0.4891	0.4987	0.5134	0.6445	0.5006
0.4904	0.4848	0.4919	0.4879	0.5108	0.4891	0.4987	0.5134	0.6445	0.5006
0.4904	0.4848	0.4919	0.4879	0.5108	0.4891	0.4987	0.5134	0.6445	0.5006
