0.9112	0.1454	0.7363	0.4851	0.3293	0.7692	0.1334	0.5925	0.6981	0.7147
1.0000	1.0000	0.2709	0.6973	0.5036	1.0000	0.7230	0.2562	1.0000	0.2047
0.7665	0.4002	0.9227	0.6177	0.2907	0.7994	0.8316	0.7228	0.3842	0.6248
1.0000	0.3180	0.5217	0.3730	0.5837	0.5147	0.3660	0.0000	0.0000	0.9221
0.3668	0.6721	0.6421	0.3730	0.8858	0.2081	0.5216	0.9184	0.7922	0.5270
0.3668	0.0000	0.8711	0.3570	0.3240	1.0000	0.5216	1.0000	1.0000	0.3857
0.4448	0.3197	0.0000	0.3570	0.4943	0.9180	0.5410	0.3751	0.6297	0.3857
0.6649	1.0000	0.9584	0.3570	0.0630	0.2543	0.6410	0.5037	1.0000	0.3509
0.6649	0.6561	0.3421	0.5164	1.0000	0.3496	0.6737	0.5037	0.6065	1.0000
0.6649	1.0000	0.7715	0.5164	0.6501	0.8521	0.3384	0.4668	0.5337	0.3642
0.6649	0.8178	0.7387	0.5164	0.0000	0.4710	0.3835	0.7406	0.6518	0.4812
0.6649	0.7147	0.0000	0.5164	0.2732	0.3893	0.4763	0.3347	0.5109	0.1862
0.2115	0.5277	0.3457	0.5164	0.6455	0.3893	0.7658	0.5091	0.3813	0.7871
0.3694	0.5271	0.3457	0.5164	0.6455	0.6336	0.4790	0.5091	0.6179	0.2408
0.4771	0.6079	0.3457	0.3737	0.6455	0.7483	0.2267	0.5091	1.0000	0.6309
0.4771	0.6586	0.3812	0.3737	0.6455	0.3914	0.4836	0.8517	1.0000	0.1625
0.0987	0.3788	0.1883	0.3737	0.6455	0.2179	0.4829	0.0000	0.9692	0.6157
0.5234	0.3416	0.6608	0.3737	0.6455	0.6291	0.5064	0.6058	0.4823	0.6157
0.6380	0.4382	0.6608	0.3433	0.6455	0.6291	0.5227	0.2447	0.3763	0.5931
0.5109	0.7463	0.6304	0.3433	0.6455	0.6291	0.5227	0.5808	0.3763	0.5553
0.5109	0.3881	0.6304	0.3433	0.6455	0.0000	0.6330	0.3531	0.4776	0.6588
0.5109	0.4732	0.6304	0.4915	0.6455	0.0000	0.2626	0.4131	0.4776	0.6346
0.5109	0.4732	0.4928	0.4915	0.6455	0.3775	0.9346	0.6416	0.4776	0.6346
0.5109	0.4732	0.4928	0.4915	0.6455	0.6312	0.0000	0.6416	0.4776	0.6346
0.5109	0.4732	0.4928	0.4915	0.6455	0.5498	0.4839	0.4765	0.4776	0.5254
0.5109	0.5206	0.4931	0.4915	0.6455	0.5695	0.6579	0.6560	0.4776	0.7242
0.5109	0.5206	0.5198	0.4915	0.6455	0.9550	0.5349	0.1784	0.6455	0.6579
0.5109	0.5206	0.5198	0.4915	0.6455	0.5355	0.4826	0.0000	0.6455	0.6697
0.5109	0.5206	0.5198	0.4915	0.6455	0.5288	0.4826	0.7583	0.5071	0.3493
0.5109	0.4909	0.5198	0.4915	0.6455	0.4687	0.4826	0.3509	0.5071	1.0000
0.5109	0.4909	0.5198	0.4915	0.6455	0.3731	0.4826	0.4815	0.6550	0.6431
0.5109	0.4968	0.6567	0.4915	0.6455	0.3731	0.3625	0.4815	0.6456	0.5185
0.5109	0.4846	0.5161	0.4915	0.6455	0.3731	0.3625	0.4815	0.5684	0.1717
0.4831	0.4846	0.5161	0.4915	0.5079	0.3731	0.3625	0.4815	0.3441	0.3582
0.4831	0.4846	0.0790	0.4915	0.5079	0.2148	0.3625	0.4815	0.9166	0.5007
0.4831	0.5140	0.5097	0.4915	0.5079	0.6555	0.3625	0.4815	0.3686	0.5007
0.4831	0.4850	0.5097	0.5054	0.5079	0.3819	0.3625	0.4815	0.6535	0.5007
0.4831	0.4850	0.5097	0.5054	0.5079	0.3819	0.3625	0.4815	0.3742	0.5007
0.4831	0.4850	0.5097	0.5054	0.5079	0.3819	0.3625	0.4815	0.3742	0.5007
0.4831	0.4850	0.2048	0.5054	0.5079	0.3819	0.3625	0.4815	0.3742	0.5226
0.4831	0.4910	0.3508	0.5054	0.6283	0.6417	0.3625	0.4815	0.3742	0.5226
0.4831	0.4910	0.6559	0.5054	0.4871	0.6417	0.3625	0.4815	0.3742	0.5226
0.4831	0.4910	0.5255	0.5054	0.4871	0.6417	0.3413	0.4815	0.3742	0.5226
0.4831	0.4910	0.5255	0.5054	0.4871	0.6417	0.3413	0.4815	0.3742	0.4948
0.4831	0.4910	0.5255	0.5054	0.4871	0.6417	0.6336	0.4815	0.3742	0.4948
0.4831	0.4910	0.3485	0.5054	0.4871	0.6417	0.6336	0.4815	0.4742	0.4948
0.4831	0.4910	0.4927	0.5054	0.4871	0.6417	0.5082	0.4815	0.4927	0.4948
0.4831	0.4910	0.4927	0.5054	0.4871	0.6417	0.5082	0.4815	0.4927	0.4948
0.4831	0.4910	0.5171	0.5054	0.5160	0.6417	0.5082	0.4815	0.4927	0.4948
0.4831	0.4910	0.5171	0.5054	0.5160	0.6417	0.4987	0.4815	0.4927	0.4948
0.4831	0.4910	0.5171	0.5054	0.5160	0.6417	0.4987	0.4815	0.4927	0.5088
0.3634	0.4938	0.5171	0.5054	0.5160	0.6417	0.4987	0.4815	0.4927	0.5088
0.3634	0.4938	0.5171	0.5054	0.5160	0.6417	0.4987	0.4815	0.4927	0.5088
0.3634	0.4938	0.5171	0.5054	0.5160	0.6417	0.4987	0.4813	0.4927	0.5088
0.3634	0.4938	0.5171	0.5054	0.5160	0.6417	0.4987	0.5073	0.4927	0.5088
0.3634	0.4938	0.5171	0.5054	0.5160	0.6417	0.4987	0.5073	0.4927	0.5088
0.3634	0.4938	0.5171	0.5054	0.5160	0.6417	0.4987	0.5073	0.4927	0.5088
0.3634	0.4938	0.5171	0.5054	0.5160	0.6417	0.4987	0.5073	0.4927	0.5088
0.3634	0.4938	0.5171	0.5054	0.5160	0.6417	0.4987	0.5073	0.5029	0.5088
0.3634	0.4938	0.5171	0.5054	0.5160	0.6417	0.4987	0.5073	0.5029	0.5088
0.3634	0.4938	0.5171	0.5054	0.5160	0.5064	0.4987	0.5073	0.5029	0.5088
0.3634	0.5066	0.5171	0.5054	0.5160	0.5064	0.4987	0.5073	0.5029	0.5088
0.3634	0.5082	0.5171	0.5054	0.5160	0.5064	0.4987	0.5073	0.5029	0.5088
0.3634	0.5082	0.5171	0.5054	0.5160	0.5064	0.6383	0.4893	0.5029	0.5088
0.3634	0.5082	0.5171	0.5054	0.5160	0.5064	0.6383	0.4893	0.5029	0.5088
0.3634	0.5082	0.5171	0.5054	0.5160	0.5064	0.6383	0.4893	0.5029	0.5136
0.3634	0.5082	0.5171	0.5054	0.5160	0.5064	0.6383	0.4893	0.5029	0.5136
0.3634	0.5082	0.5171	0.5054	0.5160	0.5064	0.6383	0.4893	0.5029	0.5041
0.3634	0.3647	0.5171	0.5054	0.5160	0.5064	0.6383	0.4893	0.5029	0.5041
0.3634	0.3647	0.5171	0.5054	0.5160	0.5064	0.6383	0.4893	0.5029	0.5041
0.3634	0.3647	0.5171	0.5054	0.5160	0.4952	0.6383	0.4893	0.5029	0.5041
0.3634	0.3647	0.5171	0.5054	0.5160	0.4952	0.6383	0.4893	0.5029	0.5041
0.3634	0.3647	0.5171	0.5054	0.5160	0.4952	0.6383	0.4893	0.5029	0.5041
0.3634	0.6511	0.5171	0.5054	0.5160	0.4952	0.6383	0.4893	0.5029	0.5041
0.3634	0.6511	0.5171	0.5054	0.5160	0.4952	0.6383	0.4893	0.5029	0.5041
0.3634	0.6511	0.5171	0.5054	0.5160	0.4952	0.5097	0.4893	0.5029	0.5041
0.3634	0.6511	0.5171	0.5054	0.5160	0.4952	0.5097	0.4893	0.5029	0.5041
0.3634	0.6511	0.5171	0.5054	0.5160	0.4952	0.5097	0.4959	0.5029	0.5041
0.3634	0.6511	0.5171	0.5054	0.5160	0.4952	0.5097	0.4959	0.5029	0.5041
0.3634	0.6511	0.5171	0.5054	0.5160	0.4952	0.5097	0.4959	0.5029	0.5041
0.3634	0.3605	0.4876	0.5054	0.5160	0.4952	0.5097	0.4959	0.5029	0.5041
0.5053	0.3605	0.4876	0.5054	0.5160	0.4952	0.5097	0.4959	0.5029	0.5041
0.5053	0.3605	0.4876	0.5054	0.5160	0.4952	0.5097	0.4959	0.5029	0.5041
0.5053	0.3605	0.4876	0.5054	0.5160	0.4952	0.5097	0.4959	0.5029	0.5041
0.5053	0.3605	0.4876	0.5054	0.5160	0.5053	0.5097	0.4959	0.5029	0.5041
0.5053	0.5064	0.4876	0.5054	0.5160	0.5053	0.5097	0.4959	0.5029	0.3622
0.5053	0.5064	0.4876	0.5054	0.5160	0.5053	0.5097	0.4959	0.5029	0.3622
0.5053	0.5064	0.4876	0.5054	0.5160	0.5053	0.5097	0.4959	0.5029	0.4843
0.5053	0.5064	0.4876	0.5054	0.5160	0.5053	0.5097	0.4959	0.5029	0.4843
0.5053	0.5064	0.4876	0.5054	0.5160	0.5053	0.5097	0.4959	0.5029	0.4843
0.5053	0.5064	0.4876	0.5054	0.5160	0.5053	0.5097	0.4959	0.5029	0.4843
0.5053	0.5064	0.4876	0.5054	0.5160	0.5053	0.5097	0.4959	0.5029	0.4843
0.5053	0.5064	0.4876	0.5054	0.5160	0.5053	0.5097	0.4959	0.5029	0.4843
0.5053	0.5064	0.4876	0.5054	0.5160	0.5053	0.4990	0.4959	0.5029	0.4843
0.5053	0.5064	0.4876	0.5054	0.5160	0.5053	0.4990	0.4959	0.5029	0.4843
0.5053	0.5064	0.4876	0.5054	0.5160	0.5053	0.4990	0.4959	0.5029	0.4843
0.5053	0.5064	0.4876	0.5054	0.5160	0.5053	0.4990	0.4959	0.5029	0.4843
0.5053	0.5064	0.4876	0.5054	0.5160	0.5053	0.4990	0.4959	0.5029	0.4843
0.5053	0.5064	0.4876	0.5054	0.5160	0.5053	0.4990	0.4959	0.5029	0.4843
0.5053	0.5064	0.4876	0.5054	0.5160	0.5053	0.4990	0.4959	0.5029	0.4843
0.5053	0.5064	0.4876	0.5054	0.5160	0.5053	0.4990	0.4959	0.5029	0.4843
