0.4814	0.8747	0.4972	0.9981	0.1512	0.4697	0.7243	0.0212	0.4499	0.8402	0.8168	0.1072	0.2944	0.4648	0.0385	0.7416	0.5832	0.3947	0.9036	0.8030
0.7406	0.3401	0.6199	0.0000	0.2991	0.3810	0.0000	0.0866	0.0000	1.0000	0.4930	0.3916	0.5080	0.4077	0.3995	0.3952	0.3667	0.9986	0.8006	0.4849
0.2646	0.3126	0.6250	0.1038	0.6135	0.5124	0.2887	0.8420	0.4116	0.4102	0.5715	0.3916	0.6140	0.6110	0.3995	0.9768	0.6715	0.6409	0.6541	1.0000
0.1639	0.0000	0.6250	0.0000	0.8208	0.6016	0.2759	0.2787	0.4115	0.5363	1.0000	0.3916	0.1117	0.4049	0.3878	1.0000	0.0000	0.2733	0.4062	1.0000
0.4105	0.7296	0.4938	0.3627	0.6690	0.2198	0.1510	0.2787	0.0306	0.6168	0.6436	0.0223	1.0000	0.2732	0.3988	0.3813	0.5021	0.5940	0.5980	0.0000
0.4343	0.4876	0.4938	0.0000	0.5581	0.2775	0.4924	0.3820	0.3805	0.6168	0.5916	0.6144	0.6171	0.8776	0.6245	0.0000	0.6179	1.0000	0.1009	0.3861
0.7616	0.4876	0.4938	0.3949	0.4015	0.6964	0.4924	0.3820	0.6315	0.6168	1.0000	0.3147	0.5941	0.5694	1.0000	0.3138	0.0000	0.4683	0.4143	0.3709
0.0000	0.3957	0.4938	0.3949	0.4015	0.5848	0.4924	0.3820	0.0000	0.6168	0.5028	0.6107	0.5941	0.5895	1.0000	0.3131	0.6869	0.2903	1.0000	0.4876
0.2760	0.3957	0.4938	0.3949	0.6043	0.4827	0.2699	0.3820	0.0000	0.6168	0.5028	0.3713	0.3564	0.3674	0.0000	0.4130	0.1643	0.2903	0.0000	0.6082
0.2613	0.5075	0.4938	0.3949	0.6043	0.4827	0.0000	0.3807	0.1641	0.2805	0.5028	0.0000	0.0000	0.3694	0.0305	0.7823	0.5046	0.7076	0.0000	0.5986
0.4971	0.5075	0.4938	0.3949	0.5079	0.7346	0.5069	0.3807	0.7098	0.2805	0.5050	0.5086	0.4838	0.3048	0.8074	0.3738	1.0000	0.6212	0.5074	0.5986
0.4987	0.5075	0.4938	0.3949	0.5079	0.7969	0.5069	0.3807	0.7642	0.2805	0.9016	0.4999	0.4838	0.3809	0.5987	0.0000	0.7341	0.5273	0.0718	0.5986
0.4987	0.5075	0.4938	0.3949	0.5079	0.4999	0.3927	0.3807	0.4888	0.2805	0.5810	1.0000	0.1329	0.7170	0.5987	0.2002	0.4995	0.6946	1.0000	0.6098
0.4987	0.5987	0.4938	0.3949	0.3865	0.4999	0.3927	0.3807	0.6090	0.2805	0.0000	0.2739	0.3893	0.5286	0.4889	0.0000	0.4995	0.4105	0.6007	0.0000
0.4987	0.7518	0.4938	0.3949	0.3865	0.4999	0.3927	0.3807	0.9135	0.5850	0.9734	0.5170	0.4982	0.5286	0.4993	0.6140	0.4995	0.4992	0.6007	0.7105
0.4987	0.4926	0.4938	0.3949	0.3865	0.4999	0.3927	0.3807	0.2851	0.5850	0.0000	0.3529	0.4982	0.0245	0.4993	0.6140	0.4995	0.4992	0.6007	0.5028
0.6108	0.3707	0.4938	0.5569	0.3865	0.3033	0.3927	0.3807	0.2851	0.2701	0.3916	0.4759	0.4982	0.7114	0.4993	0.7290	0.4995	0.7123	0.6007	0.5028
0.0000	0.3707	0.4938	0.5966	0.3865	0.6057	0.3927	0.3807	0.4062	0.2738	0.9749	0.2366	0.4982	0.3984	0.4852	0.7592	0.4995	0.7123	0.6007	0.5028
1.0000	0.3707	0.4938	0.3675	0.6162	0.6057	0.3927	0.3807	0.5956	0.2738	0.6089	0.4059	0.4982	1.0000	0.4852	0.1352	0.4995	0.4003	0.3932	0.5028
0.6817	0.3707	0.4938	0.0000	0.4907	0.8204	0.3927	0.3807	0.5956	0.2738	0.6089	0.2735	0.4982	0.0170	0.5087	0.8404	0.5555	0.3709	0.5074	0.5028
0.8433	0.3707	0.4938	0.4056	0.4907	1.0000	0.3927	0.3807	0.4903	0.3814	0.8538	0.3999	0.4982	0.4757	0.4932	0.0000	0.2196	0.7075	0.5074	0.6250
0.2352	0.3707	0.4938	0.4795	0.4907	1.0000	0.3927	0.3807	0.4903	0.3814	0.3815	0.3999	0.3970	1.0000	0.4932	0.3963	0.5885	0.5890	0.5074	0.6250
0.3776	0.4872	0.4938	0.4795	0.4907	0.2983	0.3927	0.3807	0.4903	0.3814	0.4908	0.4897	0.3970	0.5798	0.4932	0.6743	0.4841	0.3586	0.5074	0.7193
0.3776	0.6261	0.4938	0.4795	0.4907	0.7026	0.3927	0.3807	0.3857	0.3814	0.5143	0.4897	0.3970	0.5798	0.4932	0.0000	0.4035	0.6033	0.5074	0.2835
0.4814	0.2196	0.4938	0.4795	0.4907	0.6173	0.4991	0.3807	0.3857	0.4852	0.5143	0.4041	0.3970	0.4158	0.4932	0.3983	0.4035	0.6033	0.5074	0.5922
0.4814	0.6094	0.4938	0.4795	0.4907	0.4072	0.4991	0.3807	0.3857	0.4852	0.5143	0.4041	0.3970	0.2886	0.4932	0.4051	0.4035	0.6033	0.5058	0.7098
0.4814	0.6094	0.4938	0.2721	0.4907	0.4072	0.4991	0.3807	0.3857	0.4852	0.5143	0.4041	0.3970	0.6983	0.4932	0.4939	0.5251	0.3070	0.5058	0.9178
0.6223	0.6094	0.3925	0.4748	0.4907	0.4072	0.4991	0.3807	0.4966	0.4852	0.5143	0.3631	0.3970	1.0000	0.4932	0.4939	0.5251	0.6213	0.5058	0.2809
0.6251	0.6094	0.3925	0.5170	0.4907	0.2696	0.4991	0.3807	0.3941	0.4852	0.5143	0.7161	0.3970	1.0000	0.4932	0.4939	0.5251	0.3708	0.5058	0.2809
0.4015	0.6176	0.3925	0.5301	0.4907	0.3862	0.4991	0.3807	0.3941	0.4852	0.5143	0.6122	0.3970	0.2934	0.4932	0.4939	0.3725	0.4930	0.4905	0.5003
0.4015	0.6176	0.3925	0.3575	0.4907	0.3855	0.4009	0.3807	0.3771	0.4852	0.5143	0.6122	0.3970	0.5938	0.4932	0.4939	0.3849	0.5085	0.4905	0.6119
0.4015	0.6176	0.3925	0.4058	0.4907	0.3855	0.6053	0.3807	0.6038	0.4852	0.5143	0.6122	0.6036	0.4763	0.4932	0.4939	0.7674	0.9807	0.6100	0.3793
0.4015	0.3954	0.3925	0.4058	0.4907	0.3855	0.6068	0.3807	0.6038	0.4852	0.5143	0.6122	0.6036	0.3666	0.4932	0.4939	0.5001	0.5041	0.6100	0.3793
0.4015	0.3954	0.3925	0.5718	0.4907	0.3855	0.4774	0.3807	0.6038	0.4852	0.5143	0.6122	0.6036	0.3666	0.4932	0.4939	0.5058	0.5041	0.6100	0.3793
0.4015	0.3954	0.3925	0.4037	0.4907	0.3855	0.4881	0.3807	0.6038	0.4852	0.5143	0.6122	0.6036	0.3666	0.4932	0.4939	0.6174	0.3865	0.6100	0.3793
0.4015	0.3954	0.3925	0.4037	0.4907	0.3855	0.4881	0.3807	0.6038	0.4852	0.5143	0.6122	0.6036	0.3666	0.4932	0.4939	0.3896	0.3875	0.6100	0.3793
0.4015	0.3954	0.3925	0.4037	0.4907	0.3855	0.6334	0.3807	0.3766	0.4852	0.5143	0.6122	0.6036	0.3666	0.4932	0.4939	0.3896	0.3875	0.6100	0.3793
0.4015	0.3954	0.3908	0.5104	0.4907	0.3855	0.4940	0.3807	0.4879	0.4852	0.5143	0.6122	0.6036	0.3666	0.4932	0.4939	0.3896	0.3875	0.6100	0.3793
0.4015	0.6167	0.3908	0.5104	0.4907	0.4947	0.4940	0.3807	0.4879	0.4852	0.5143	0.6122	0.6036	0.3666	0.4932	0.4939	0.3896	0.3875	0.6100	0.3793
0.5049	0.6167	0.3908	0.4933	0.4907	0.4947	0.4940	0.3807	0.4879	0.4852	0.5143	0.6122	0.6036	0.3666	0.4932	0.4939	0.3896	0.3875	0.6100	0.5935
0.5049	0.6167	0.3908	0.4933	0.4907	0.4947	0.5194	0.3807	0.4879	0.4852	0.5133	0.6122	0.6036	0.3666	0.4932	0.4939	0.3896	0.3875	0.6100	0.5935
0.5049	0.6167	0.3908	0.4933	0.4907	0.4947	0.5960	0.3807	0.4879	0.4852	0.5133	0.6122	0.3854	0.5191	0.4932	0.4939	0.3896	0.3875	0.6100	0.5935
0.5049	0.6167	0.3908	0.4933	0.4907	0.4947	0.3984	0.3807	0.4879	0.4852	0.5133	0.5080	0.3854	0.5191	0.4932	0.4939	0.3896	0.4916	0.6100	0.5935
0.5049	0.6167	0.3908	0.4933	0.4907	0.4947	0.3984	0.3807	0.6066	0.4852	0.5133	0.5080	0.3854	0.5191	0.4932	0.4939	0.3896	0.4916	0.6100	0.5167
0.5049	0.6167	0.3908	0.4933	0.4907	0.4947	0.3984	0.3807	0.6066	0.4852	0.5133	0.5080	0.3854	0.4670	0.4932	0.4939	0.3896	0.4916	0.6099	0.5167
0.5049	0.6167	0.3908	0.4933	0.5004	0.4947	0.3984	0.3807	0.6066	0.4852	0.6128	0.5080	0.3854	0.3804	0.4932	0.4939	0.3896	0.4916	0.6099	0.5167
0.5049	0.6167	0.3908	0.4933	0.5004	0.4947	0.5059	0.3807	0.6066	0.5102	0.6128	0.5080	0.3854	0.3804	0.4932	0.4939	0.3896	0.6087	0.6099	0.5167
0.5049	0.6167	0.3908	0.4933	0.5004	0.4947	0.5059	0.3807	0.6066	0.5102	0.6128	0.5080	0.3854	0.6209	0.4932	0.4939	0.3896	0.6087	0.6099	0.5167
0.6121	0.6167	0.3908	0.4933	0.5004	0.4947	0.5059	0.3807	0.6066	0.5102	0.6128	0.5080	0.6069	0.6209	0.4932	0.4939	0.3896	0.6112	0.4941	0.5167
0.6121	0.6167	0.3908	0.4933	0.5004	0.4947	0.5059	0.3807	0.6066	0.5102	0.4961	0.5080	0.6069	0.6209	0.4932	0.4939	0.3896	0.6112	0.4941	0.5167
0.6121	0.6167	0.3908	0.4933	0.5004	0.4947	0.5059	0.3807	0.6066	0.5102	0.4961	0.5080	0.6069	0.6209	0.4932	0.4939	0.3896	0.6112	0.4941	0.5167
0.6121	0.6123	0.3908	0.4933	0.5004	0.4947	0.5059	0.3807	0.6066	0.5102	0.4961	0.5080	0.6069	0.6209	0.4932	0.4936	0.3896	0.6112	0.4941	0.5167
0.6121	0.6123	0.3908	0.4933	0.5004	0.4947	0.5059	0.3807	0.5027	0.5102	0.4961	0.5080	0.6069	0.6209	0.4932	0.4936	0.6174	0.6112	0.4941	0.5167
0.6121	0.6123	0.3908	0.4933	0.5004	0.4947	0.5059	0.3807	0.5068	0.5102	0.4961	0.5080	0.6069	0.6209	0.4932	0.4932	0.6174	0.6112	0.4941	0.5167
0.6121	0.6123	0.3908	0.4933	0.5004	0.4947	0.5059	0.3807	0.5068	0.5102	0.4961	0.5080	0.6069	0.6209	0.4932	0.4932	0.6174	0.6112	0.4941	0.5167
0.6121	0.6123	0.3908	0.4933	0.5004	0.4947	0.5059	0.3807	0.5068	0.5102	0.4961	0.5080	0.6069	0.6209	0.4932	0.4932	0.6174	0.3828	0.4941	0.5167
0.6121	0.6123	0.3908	0.4933	0.5004	0.4947	0.5059	0.3807	0.5068	0.4978	0.4961	0.5080	0.6069	0.6053	0.5036	0.4932	0.6174	0.3828	0.4941	0.5167
0.6121	0.6123	0.3908	0.4933	0.5004	0.4947	0.5059	0.3807	0.5068	0.4978	0.4961	0.5080	0.6069	0.6053	0.5036	0.4932	0.6174	0.3828	0.4941	0.5167
0.6121	0.6123	0.3908	0.4933	0.5004	0.4921	0.5059	0.3807	0.5068	0.4978	0.4961	0.5080	0.6069	0.6053	0.5036	0.4932	0.6174	0.3828	0.4941	0.5167
0.6121	0.6123	0.3908	0.4933	0.5004	0.4921	0.5059	0.3807	0.5068	0.4978	0.4938	0.5080	0.6069	0.6053	0.5036	0.6183	0.6174	0.6150	0.4941	0.5167
0.6121	0.6123	0.3908	0.4933	0.5086	0.4921	0.5059	0.3807	0.5068	0.4978	0.4938	0.5080	0.6069	0.5128	0.5036	0.6183	0.6174	0.6150	0.5057	0.5167
0.6121	0.6123	0.3908	0.4933	0.5086	0.4921	0.5059	0.3807	0.5068	0.4978	0.4938	0.5080	0.6069	0.5128	0.5036	0.6183	0.6174	0.6150	0.5057	0.5167
0.6121	0.6123	0.3908	0.4933	0.5086	0.4921	0.5059	0.3807	0.5068	0.4978	0.4938	0.5080	0.6069	0.5128	0.5036	0.6183	0.6174	0.6150	0.5057	0.5167
0.6121	0.6123	0.3908	0.4933	0.5086	0.4921	0.5059	0.3807	0.5068	0.4978	0.4938	0.5080	0.6069	0.5128	0.5036	0.6183	0.6174	0.6150	0.5057	0.5167
0.6121	0.6123	0.3908	0.4933	0.5086	0.4921	0.3857	0.3807	0.5068	0.4978	0.4938	0.5080	0.6069	0.5128	0.5036	0.6183	0.6174	0.3815	0.5057	0.5167
0.6121	0.6123	0.3908	0.4933	0.5086	0.4921	0.3857	0.3807	0.5068	0.4978	0.4938	0.5080	0.6003	0.5128	0.5036	0.6183	0.6174	0.3815	0.5057	0.5167
0.6121	0.6123	0.3908	0.4933	0.5086	0.4921	0.3857	0.3807	0.6071	0.4978	0.4938	0.5080	0.6003	0.5128	0.5036	0.6183	0.6174	0.3815	0.5057	0.5167
0.6121	0.6123	0.3908	0.4933	0.5086	0.4921	0.3857	0.3807	0.6071	0.4978	0.4938	0.5080	0.6003	0.5128	0.5036	0.6183	0.6174	0.3815	0.5057	0.5167
0.6121	0.6123	0.3908	0.4933	0.5086	0.4921	0.6073	0.3807	0.6071	0.4978	0.4938	0.5080	0.6003	0.5128	0.5036	0.6183	0.6174	0.3815	0.5057	0.6247
0.5051	0.3991	0.3908	0.4933	0.5086	0.4921	0.6073	0.3807	0.6071	0.4978	0.4938	0.5080	0.6003	0.5128	0.5036	0.6183	0.6174	0.3815	0.5057	0.6035
0.5051	0.3991	0.3908	0.4933	0.5086	0.4921	0.6073	0.3807	0.3934	0.4978	0.4938	0.5080	0.4981	0.5128	0.5036	0.6183	0.6174	0.3815	0.5057	0.6035
0.5051	0.3991	0.3908	0.4933	0.5086	0.4921	0.6073	0.3807	0.4922	0.4978	0.5104	0.5080	0.4981	0.5128	0.5036	0.6183	0.6174	0.3815	0.5057	0.6035
0.5051	0.3991	0.3908	0.4933	0.5086	0.4921	0.6073	0.5111	0.4922	0.4978	0.5104	0.5080	0.4981	0.5128	0.5036	0.6183	0.6174	0.3815	0.5057	0.6035
0.5051	0.3991	0.3908	0.4933	0.5086	0.4921	0.6073	0.5111	0.4922	0.4978	0.5104	0.5080	0.3993	0.5079	0.5036	0.6183	0.6174	0.5009	0.5057	0.6035
0.5051	0.3991	0.3908	0.4933	0.5086	0.4921	0.6073	0.5111	0.4922	0.4978	0.3864	0.5080	0.3993	0.5079	0.5036	0.6183	0.6174	0.5009	0.5057	0.6035
0.5051	0.3991	0.3908	0.4933	0.5086	0.4921	0.6073	0.5111	0.4922	0.4978	0.3864	0.5080	0.3993	0.5079	0.5036	0.4969	0.6174	0.5009	0.5057	0.6035
0.5051	0.3991	0.3908	0.4933	0.5086	0.4921	0.6073	0.5111	0.4922	0.4978	0.3864	0.5080	0.3993	0.5079	0.5036	0.4969	0.6174	0.5009	0.5057	0.6035
0.5051	0.3991	0.3908	0.4933	0.5086	0.4921	0.6073	0.5111	0.4922	0.4978	0.3864	0.5080	0.3993	0.5079	0.5036	0.4969	0.6174	0.5009	0.5020	0.6035
0.5051	0.3991	0.3908	0.4933	0.5086	0.4921	0.5074	0.5111	0.4922	0.4978	0.3864	0.5080	0.3993	0.5079	0.5036	0.4969	0.6174	0.5009	0.5020	0.6035
0.5051	0.3991	0.3908	0.4933	0.5086	0.4921	0.5074	0.5111	0.4922	0.4978	0.3864	0.5080	0.3993	0.5079	0.5036	0.3921	0.5097	0.5009	0.5020	0.6035
0.5051	0.3991	0.3908	0.4933	0.5086	0.4921	0.5074	0.5111	0.4922	0.4978	0.3864	0.5080	0.3993	0.5079	0.5036	0.5006	0.5097	0.5009	0.5020	0.4977
0.5051	0.3991	0.3908	0.4933	0.5086	0.4921	0.5074	0.5111	0.4922	0.4978	0.3864	0.5080	0.3993	0.5079	0.5036	0.5006	0.5097	0.5009	0.5020	0.4977
0.5051	0.3991	0.3908	0.4933	0.5086	0.4921	0.5074	0.5111	0.4922	0.4978	0.3864	0.5080	0.3993	0.5079	0.5036	0.5006	0.5097	0.5009	0.5020	0.4977
0.5051	0.3991	0.3908	0.4933	0.5086	0.4921	0.5074	0.5111	0.4922	0.4978	0.3864	0.5080	0.3993	0.5079	0.5036	0.5006	0.5097	0.5009	0.5020	0.4977
0.5051	0.3991	0.3908	0.4933	0.5086	0.4921	0.5074	0.5111	0.4922	0.4978	0.3864	0.5080	0.3993	0.5079	0.5036	0.5006	0.5097	0.5009	0.5020	0.4977
0.5051	0.3991	0.3908	0.4933	0.5086	0.4921	0.5074	0.5111	0.4922	0.3846	0.3864	0.5080	0.3993	0.5079	0.5036	0.5006	0.5097	0.5009	0.5020	0.4977
0.5051	0.3991	0.3908	0.4933	0.5086	0.4921	0.5092	0.5111	0.4922	0.3846	0.3864	0.5080	0.3993	0.5079	0.5036	0.5006	0.5097	0.5009	0.5020	0.4977
0.5051	0.3991	0.3908	0.4933	0.5086	0.4921	0.5092	0.5111	0.4922	0.3846	0.3864	0.5080	0.3993	0.5013	0.5036	0.5006	0.5097	0.5009	0.5020	0.4977
0.5051	0.3991	0.3908	0.4933	0.5086	0.4921	0.5092	0.5111	0.4922	0.3846	0.3864	0.5080	0.3993	0.5013	0.5036	0.5006	0.5097	0.5009	0.5020	0.4977
0.5051	0.3991	0.3908	0.4933	0.5086	0.4921	0.5092	0.5111	0.4922	0.3846	0.3864	0.5080	0.3993	0.5013	0.5036	0.5006	0.5097	0.5009	0.5020	0.4977
0.5051	0.5146	0.3908	0.4933	0.5086	0.4921	0.5092	0.5111	0.4922	0.3846	0.3864	0.5080	0.3993	0.5013	0.5036	0.5006	0.5097	0.5009	0.5020	0.4977
0.5051	0.5146	0.3908	0.4933	0.5086	0.4921	0.5092	0.3835	0.4922	0.3846	0.3864	0.5080	0.3993	0.5013	0.5036	0.5006	0.5097	0.5009	0.5020	0.4977
0.5051	0.5146	0.3908	0.4933	0.5086	0.4921	0.5092	0.3835	0.4922	0.3846	0.3864	0.5080	0.3993	0.5013	0.5036	0.5006	0.5097	0.5009	0.5020	0.4977
0.5051	0.3915	0.3908	0.4933	0.5086	0.4921	0.4987	0.3835	0.4922	0.3846	0.3864	0.5080	0.3993	0.5013	0.5036	0.5006	0.5097	0.5009	0.5020	0.4977
0.5051	0.3915	0.3908	0.4933	0.5086	0.4921	0.4987	0.3835	0.4922	0.3846	0.3864	0.5080	0.3993	0.5013	0.5036	0.5006	0.5097	0.5009	0.5020	0.4977
0.5051	0.3915	0.3908	0.4933	0.5086	0.4921	0.4987	0.3835	0.4922	0.3846	0.3864	0.5080	0.3993	0.5013	0.5036	0.5006	0.5097	0.5009	0.5020	0.4977
0.5051	0.3915	0.3908	0.4933	0.5086	0.4921	0.4987	0.3835	0.4922	0.3846	0.3864	0.5080	0.3993	0.5013	0.5036	0.5006	0.5097	0.5009	0.5020	0.4977
0.5051	0.3915	0.3908	0.4933	0.5086	0.4921	0.4987	0.3835	0.4922	0.3846	0.3864	0.5080	0.3993	0.5013	0.5036	0.5006	0.5097	0.5009	0.5020	0.4977
0.5051	0.3915	0.3908	0.4933	0.5086	0.4921	0.4987	0.3835	0.4922	0.3846	0.3864	0.5080	0.3993	0.5013	0.5036	0.5006	0.5097	0.5009	0.5020	0.4977
0.5051	0.3915	0.3908	0.4933	0.5086	0.4921	0.4987	0.3835	0.4922	0.3846	0.3864	0.5080	0.3993	0.5013	0.5036	0.5006	0.5097	0.5009	0.5020	0.4977
0.5051	0.3915	0.3908	0.4933	0.5086	0.4921	0.4987	0.3835	0.4922	0.3846	0.3864	0.5080	0.3993	0.5013	0.5036	0.5006	0.5097	0.5009	0.5020	0.4977
