0.9866	0.3415	0.8794	0.0113	0.1055	0.5458	0.7176	0.9654	0.3585	0.7235	0.1987	0.8906	0.9913	0.8789	0.0983	0.0650	0.3486	0.3990	0.1018	0.2208
0.5932	0.8300	0.3634	0.2410	0.4519	0.5026	0.6508	0.5071	1.0000	0.4790	1.0000	0.3926	0.5519	0.6449	0.0000	0.3586	0.7348	0.5919	0.0000	0.0000
0.6987	1.0000	0.7650	0.9142	0.0000	1.0000	0.2373	0.8167	0.4066	0.3486	0.3532	0.8661	1.0000	0.4618	1.0000	0.5485	0.0927	0.6152	0.4980	0.7138
0.3870	0.7172	0.3978	0.6609	0.4262	0.5231	0.1520	1.0000	0.2365	0.4508	0.2033	0.1869	0.0000	0.8988	0.3410	0.2886	0.4434	0.9401	0.6471	0.4015
0.5090	0.1851	0.0000	0.2321	0.2023	0.7740	0.4267	0.8589	0.6557	1.0000	0.4417	0.5455	0.1057	0.3138	0.3410	0.3280	0.4434	0.3563	0.5537	0.4015
0.5594	0.5584	0.5516	0.4567	0.9174	0.5047	0.6821	0.4895	0.3865	0.0000	0.3514	1.0000	0.2531	0.0000	0.3410	1.0000	0.4434	0.4676	0.0925	0.5083
0.6985	0.5401	0.3480	0.4567	0.8618	0.2999	0.8326	0.0000	0.8183	0.4425	0.6060	0.3846	0.2895	1.0000	0.3410	1.0000	0.4434	1.0000	0.5585	0.1835
0.8141	0.4723	0.3984	0.4567	0.6580	0.3899	0.6047	0.6974	0.0000	0.0000	0.6060	0.4967	0.2455	0.1567	0.4133	0.6617	0.4434	0.4309	0.5618	0.9286
0.4590	0.0000	0.3827	0.4453	0.4436	0.8460	0.5578	0.9152	0.0000	0.5651	0.4562	0.4967	0.0000	0.5025	0.3549	0.4860	0.4434	0.6600	0.5862	0.5629
0.6046	0.4099	0.4921	0.4453	0.0000	0.5895	0.5578	0.4909	0.1831	0.5019	0.3499	0.4967	0.6038	0.5530	0.5844	0.3480	0.4434	0.5067	0.3765	0.7692
0.6046	0.7139	1.0000	0.5595	1.0000	0.4930	0.5574	0.4061	0.3940	0.5019	0.0000	0.4967	0.8220	0.5530	1.0000	0.3480	0.4434	0.7697	0.6457	0.4995
0.4976	0.3614	0.3893	0.5053	0.3941	0.4930	0.5016	0.4061	1.0000	0.5019	0.1619	0.4967	0.2606	0.5530	0.4976	0.3480	0.4434	0.1479	0.5598	0.4995
1.0000	1.0000	0.0000	0.5053	0.2952	0.1355	0.3104	0.5454	0.7546	0.5476	0.0000	0.4967	0.5061	0.5530	0.1085	0.3480	0.4434	0.4947	0.5529	0.4995
0.5059	0.6818	0.2159	0.4499	0.6623	0.9891	0.4348	0.0000	0.2929	0.1810	0.5863	0.4967	0.3922	0.5530	0.0959	0.3480	0.4457	0.0286	0.5529	0.6959
0.4483	0.8017	0.1837	0.4499	0.6623	0.4172	0.6634	0.3275	0.5429	0.2430	0.0000	0.4967	0.3922	0.5530	0.4432	0.3480	0.4457	0.3995	1.0000	0.4986
0.4483	0.6408	0.0000	0.4499	0.6623	0.7684	0.8493	0.5467	0.4398	0.0000	0.5706	0.4967	0.3922	0.7011	0.4432	0.3480	0.4457	0.5396	0.3496	0.8008
0.4483	0.4510	0.4429	0.4499	0.6016	0.5570	0.3501	0.7776	0.0000	0.4470	0.3479	0.4967	0.4507	0.3995	0.4432	0.3480	0.4457	0.2475	0.4883	0.5604
0.7087	0.2932	0.3507	0.4499	0.6016	0.3865	0.3532	0.7621	0.2540	0.4470	0.5063	0.5076	0.4507	0.3995	0.4432	0.5056	0.4457	0.8360	1.0000	0.5604
0.7087	0.3051	0.3507	0.4499	0.6016	0.3865	0.6621	0.3976	0.0000	0.3911	0.5063	0.4520	0.4974	0.3995	0.4432	0.4524	0.4457	0.5961	0.5651	0.5604
0.8963	0.5415	0.3507	0.4499	0.6603	0.8509	0.7041	0.3382	0.4945	0.3911	0.5586	0.6598	0.4974	0.3995	0.4432	0.4524	0.4457	0.3908	0.9029	0.5604
0.3356	0.4636	0.0000	0.4499	0.5486	0.5694	0.0000	0.3382	0.3442	0.3911	0.3956	0.6598	0.4974	0.3995	0.4432	0.4524	0.4457	0.3908	0.6138	0.4502
0.2363	0.2152	0.0099	0.4499	0.6027	0.3007	0.0000	0.4539	0.4520	0.3911	0.3956	0.6598	0.6112	0.3995	0.4432	0.4524	0.5032	0.3908	1.0000	0.4502
0.3887	0.9583	0.6089	0.4499	0.4479	0.3007	0.4007	0.4539	0.4649	0.3911	0.6700	0.6598	0.6571	0.4465	0.4432	0.5052	0.5032	0.7426	0.6419	0.4502
0.5022	0.6472	0.6089	0.4499	0.2900	0.4926	0.3988	0.5056	0.5302	0.3911	0.4434	0.6598	0.6571	0.4465	0.4432	0.5052	0.5032	0.4059	0.3385	0.4502
0.5996	0.5423	0.6089	0.4499	0.6032	0.4926	0.3978	0.5056	0.3381	0.3911	0.5507	0.2432	0.7788	0.4465	0.4432	0.5052	0.5032	0.4059	0.3385	0.4502
0.5996	0.5577	0.6089	0.4499	0.4730	0.2879	0.5795	0.5056	0.4531	0.3911	0.4049	0.4925	0.7558	0.4465	0.3956	0.3439	0.5032	0.8444	0.3385	0.5521
0.5996	0.5577	0.6089	0.4499	0.4911	0.4379	1.0000	0.5056	0.4531	0.3911	0.6472	0.4925	0.4906	0.4465	0.3956	0.3439	0.5032	0.6056	0.6051	0.5521
0.5996	0.5577	0.6089	0.4499	0.0000	0.3946	0.5089	0.5056	0.3479	0.5488	0.5075	0.4925	0.6638	0.4465	0.3956	0.3439	0.5032	0.8054	0.6051	0.5521
0.3509	0.5577	0.6089	0.4499	0.1432	0.3946	0.4980	0.6110	0.6125	0.5485	0.1832	0.4925	0.3867	0.4465	0.4934	0.3439	0.5032	0.1794	0.5023	0.4451
0.3509	0.5577	0.6089	0.4499	1.0000	0.3946	0.4980	0.6110	0.6125	0.5485	0.4950	0.4925	0.3867	0.4465	0.6072	0.3439	0.5032	0.3981	0.3457	0.4451
0.4488	0.5577	0.6089	0.4499	0.3268	0.3946	0.4980	0.6110	0.4012	0.5485	0.3934	0.6013	0.3867	0.4465	0.6062	0.3439	0.5032	0.3892	0.3457	0.4451
0.4429	0.5577	0.3931	0.4499	0.2835	0.3946	0.4980	0.6110	0.4019	0.5485	0.7013	0.6013	0.6962	0.4465	0.6062	0.3439	0.5032	0.3932	0.4946	0.4451
0.4429	0.5577	0.3931	0.4499	0.4382	0.3946	0.2442	0.6110	0.4019	0.7042	0.6444	0.6013	0.8236	0.4465	0.6062	0.3439	0.5032	0.4419	0.4946	0.4451
0.4429	0.5577	0.3931	0.4499	0.5523	0.3946	0.0000	0.6110	0.4019	0.7042	0.6444	0.5042	0.0796	0.4465	0.6062	0.5487	0.5032	0.6638	0.4946	0.4451
0.4429	0.5577	0.3931	0.4499	0.5523	0.3946	0.3962	0.6110	0.4019	0.2963	0.6064	0.5042	0.4459	0.4465	0.6062	0.5487	0.5032	0.2925	0.4946	0.4451
0.4429	0.5577	0.3931	0.4499	0.5523	0.4984	0.3962	0.6110	0.4019	0.6608	0.6064	0.5042	0.4459	0.4465	0.6062	0.4477	0.5032	0.2925	0.4946	0.4451
0.4429	0.5577	0.3931	0.4499	0.4485	0.4984	0.3962	0.5531	0.4019	0.3950	0.6064	0.5042	0.4459	0.4465	0.6062	0.4477	0.5032	0.2925	0.2893	0.4451
0.4429	0.5577	0.3931	0.4499	0.4485	0.4984	0.3962	0.5531	0.5561	0.3950	0.6064	0.4997	0.4459	0.4465	0.4978	0.4477	0.5032	0.2925	0.2893	0.4451
0.4429	0.5577	0.3931	0.4499	0.4485	0.4984	0.3962	0.4999	0.5561	0.3950	0.6064	0.4997	0.4459	0.4465	0.4978	0.4477	0.5032	0.6006	0.2893	0.4451
0.4429	0.5562	0.3931	0.5056	0.4485	0.4984	0.4486	0.4999	0.5561	0.5548	0.6064	0.4997	0.4459	0.4465	0.5050	0.4477	0.5032	0.6006	0.2893	0.4451
0.4429	0.5507	0.3931	0.5056	0.4485	0.4984	0.4486	0.4999	0.5561	0.5548	0.4533	0.4997	0.4459	0.4465	0.5050	0.4477	0.5032	0.4036	0.2893	0.4451
0.4961	0.5507	0.3931	0.5056	0.4485	0.4984	0.4486	0.4999	0.6054	0.5548	0.4533	0.4997	0.4459	0.4465	0.5543	0.4477	0.5032	0.7689	0.7202	0.4451
0.4961	0.5507	0.3931	0.5056	0.4485	0.4984	0.4983	0.4999	0.6054	0.5548	0.4533	0.4997	0.4459	0.4465	0.5543	0.4477	0.5032	0.6500	0.6039	0.4451
0.4961	0.5507	0.3931	0.5056	0.4485	0.4984	0.4983	0.4999	0.6054	0.5548	0.4533	0.4997	0.4459	0.4465	0.5543	0.4477	0.5032	0.4440	0.6604	0.4451
0.4961	0.4488	0.3931	0.5056	0.4485	0.4984	0.4983	0.4999	0.6054	0.5548	0.4533	0.4997	0.4459	0.4465	0.4524	0.4477	0.5032	0.5514	0.6604	0.4451
0.4961	0.4488	0.5578	0.5056	0.4485	0.4984	0.4983	0.4999	0.6054	0.5548	0.4533	0.4997	0.5008	0.4465	0.4524	0.4477	0.5032	0.5514	0.6604	0.4451
0.4961	0.4488	0.5578	0.5056	0.4485	0.4984	0.4983	0.4999	0.6054	0.5548	0.4533	0.4997	0.5008	0.4465	0.4524	0.4477	0.5032	0.5514	0.6604	0.4451
0.4961	0.4488	0.4453	0.5056	0.4485	0.4984	0.4983	0.4999	0.6054	0.5548	0.5011	0.4997	0.5008	0.4465	0.4524	0.4477	0.5032	0.5514	0.6604	0.4451
0.4961	0.4488	0.4453	0.5056	0.4485	0.4984	0.5528	0.4999	0.5460	0.5566	0.5011	0.4997	0.5008	0.4465	0.4524	0.4477	0.5032	0.5514	0.4511	0.4451
0.4961	0.4488	0.4453	0.5056	0.4485	0.4984	0.5528	0.4999	0.6552	0.5566	0.5011	0.4997	0.5008	0.4465	0.4524	0.4477	0.5032	0.5514	0.4511	0.4451
0.4961	0.4488	0.4453	0.5056	0.4485	0.4984	0.5528	0.4999	0.5026	0.5566	0.5011	0.4997	0.5008	0.4465	0.4524	0.4477	0.5032	0.5514	0.4511	0.4451
0.4961	0.4488	0.4453	0.5056	0.4485	0.4984	0.5528	0.4999	0.5026	0.5566	0.5011	0.4997	0.5008	0.4465	0.4524	0.4477	0.5032	0.5514	0.4511	0.4451
0.4961	0.4488	0.4453	0.5056	0.4485	0.4984	0.5528	0.4999	0.5026	0.5076	0.5011	0.4997	0.5008	0.4465	0.5550	0.4477	0.5032	0.4968	0.4511	0.4451
0.4961	0.4488	0.4453	0.5056	0.4485	0.4984	0.5528	0.4999	0.5026	0.5076	0.5011	0.4997	0.5008	0.4465	0.5550	0.4477	0.5032	0.4968	0.4511	0.4451
0.4961	0.4488	0.4453	0.5056	0.4485	0.4984	0.5528	0.4999	0.5026	0.5076	0.5011	0.4997	0.5008	0.4465	0.5550	0.4477	0.5032	0.4968	0.4511	0.5564
0.4961	0.4488	0.4453	0.5056	0.4485	0.4984	0.5528	0.4999	0.5026	0.5076	0.5011	0.4997	0.3419	0.4465	0.5550	0.4477	0.5032	0.4497	0.4511	0.5564
0.4961	0.4488	0.4453	0.5461	0.4485	0.4984	0.5528	0.4999	0.5026	0.5076	0.5011	0.4997	0.3419	0.4465	0.5550	0.4477	0.5032	0.4497	0.4511	0.5564
0.4961	0.4488	0.4453	0.5461	0.4485	0.4984	0.5528	0.4999	0.5026	0.5076	0.5011	0.4997	0.3419	0.4465	0.5550	0.4477	0.5032	0.4497	0.4511	0.5564
0.4961	0.4488	0.4453	0.5461	0.4485	0.4984	0.5528	0.4999	0.5026	0.5076	0.5011	0.4997	0.3419	0.4465	0.5550	0.4477	0.5032	0.4497	0.4511	0.5564
0.4961	0.4488	0.4453	0.5461	0.5019	0.4984	0.5503	0.4999	0.5026	0.5076	0.5011	0.4997	0.3419	0.4465	0.5550	0.4477	0.5032	0.4497	0.4511	0.5564
0.4961	0.4488	0.4453	0.5461	0.5019	0.4984	0.5503	0.4999	0.5026	0.5076	0.5011	0.4997	0.3419	0.4465	0.5550	0.4477	0.5032	0.4497	0.4511	0.5564
0.5008	0.4488	0.4453	0.5461	0.5019	0.4984	0.5503	0.4999	0.5026	0.5076	0.5011	0.4997	0.3419	0.4465	0.5550	0.4477	0.5032	0.4497	0.4511	0.5564
0.5008	0.4488	0.4453	0.5461	0.5019	0.4984	0.5503	0.4999	0.5026	0.5076	0.5011	0.4997	0.3419	0.4465	0.5550	0.4477	0.5032	0.4497	0.4511	0.4944
0.5008	0.4488	0.4453	0.5579	0.5019	0.4984	0.5503	0.4999	0.5026	0.5076	0.5011	0.4997	0.3419	0.4465	0.5550	0.4477	0.5032	0.4497	0.4511	0.4944
0.5008	0.4488	0.4453	0.5579	0.5019	0.4984	0.5503	0.4999	0.5026	0.5076	0.5011	0.4997	0.3419	0.4465	0.5550	0.4477	0.5032	0.4497	0.4511	0.4944
0.5008	0.4488	0.4453	0.5579	0.5019	0.4984	0.5503	0.4999	0.5026	0.5076	0.5011	0.4997	0.3419	0.4465	0.5550	0.4477	0.5032	0.4497	0.4511	0.4944
0.5008	0.4488	0.4453	0.5579	0.5019	0.4984	0.5543	0.4999	0.5026	0.5076	0.5011	0.4997	0.3419	0.4465	0.5550	0.4477	0.5032	0.4497	0.4511	0.4944
0.5008	0.4488	0.4453	0.5579	0.5019	0.4984	0.5543	0.6056	0.5026	0.5076	0.5011	0.4997	0.3419	0.4465	0.5550	0.4477	0.5032	0.4497	0.4511	0.4944
0.5008	0.4488	0.4453	0.5579	0.5019	0.4984	0.5543	0.6056	0.5026	0.5076	0.5011	0.4997	0.3419	0.4465	0.5550	0.4477	0.5032	0.4497	0.4511	0.4944
0.5008	0.4488	0.4453	0.5579	0.5019	0.4984	0.5543	0.6056	0.5026	0.5076	0.5011	0.4997	0.3419	0.4465	0.5550	0.4477	0.5032	0.4497	0.4511	0.4944
0.5008	0.4488	0.4453	0.5579	0.5019	0.4984	0.5543	0.6056	0.5026	0.5076	0.5011	0.4997	0.3419	0.4465	0.5550	0.4477	0.5032	0.4497	0.4511	0.4944
0.5008	0.4488	0.4453	0.5579	0.5019	0.4984	0.5543	0.4985	0.5026	0.5076	0.5011	0.4997	0.3419	0.4465	0.5550	0.4477	0.5032	0.4497	0.4511	0.4944
0.5008	0.4488	0.4453	0.5579	0.5019	0.4984	0.5543	0.4985	0.5026	0.5076	0.5011	0.4997	0.4448	0.4465	0.5550	0.4477	0.5032	0.4497	0.4511	0.4944
0.5008	0.4488	0.4453	0.5579	0.5019	0.4984	0.5543	0.4985	0.5026	0.5076	0.5011	0.4997	0.4448	0.4465	0.5550	0.4477	0.5032	0.4497	0.4511	0.4944
0.5008	0.4488	0.4453	0.5579	0.5019	0.4984	0.5543	0.4985	0.5026	0.5076	0.5011	0.4997	0.4448	0.4465	0.5550	0.4477	0.5032	0.4497	0.4511	0.4944
0.5008	0.4488	0.4453	0.5579	0.5019	0.4984	0.5543	0.4985	0.5026	0.5076	0.5011	0.4997	0.4448	0.4465	0.5550	0.4477	0.5032	0.4497	0.4511	0.4944
0.5008	0.4488	0.4453	0.5579	0.5019	0.4984	0.5543	0.4985	0.5026	0.5076	0.5011	0.4997	0.4448	0.4465	0.5550	0.4477	0.5032	0.4497	0.4511	0.4944
0.5008	0.4488	0.4453	0.5579	0.5019	0.4984	0.5543	0.4985	0.5026	0.5076	0.5011	0.4997	0.4448	0.4465	0.5550	0.4477	0.5032	0.4497	0.5502	0.4944
0.5008	0.4488	0.4453	0.5579	0.5019	0.4984	0.5543	0.4985	0.5026	0.5076	0.5011	0.4997	0.4448	0.4465	0.5550	0.4477	0.5032	0.4497	0.5502	0.4944
0.5008	0.4488	0.5501	0.5579	0.5019	0.4984	0.5543	0.4985	0.5026	0.5076	0.5011	0.4997	0.4448	0.4465	0.5550	0.4477	0.5032	0.4497	0.5502	0.4944
0.5008	0.4466	0.5501	0.5579	0.5019	0.4984	0.5543	0.4985	0.5026	0.5076	0.5011	0.4997	0.4448	0.4465	0.5550	0.4477	0.5032	0.4497	0.5502	0.4944
0.5008	0.4466	0.5501	0.5579	0.5019	0.4984	0.5543	0.4985	0.5026	0.5076	0.5011	0.4997	0.4448	0.4465	0.5550	0.4477	0.5032	0.4497	0.5502	0.4944
0.5008	0.4466	0.5501	0.5579	0.5019	0.4984	0.5543	0.4985	0.5026	0.5519	0.5011	0.4997	0.4448	0.4465	0.5550	0.4997	0.5032	0.4497	0.5502	0.4944
0.5008	0.4466	0.5501	0.5579	0.5019	0.4984	0.5543	0.4985	0.5507	0.5519	0.5011	0.4997	0.4448	0.4465	0.5550	0.4997	0.5032	0.4497	0.5502	0.4944
0.5008	0.4466	0.5501	0.5579	0.5019	0.4984	0.5543	0.4985	0.5507	0.5519	0.5011	0.4997	0.4448	0.4465	0.5550	0.4997	0.5032	0.4497	0.5502	0.4944
0.5008	0.4466	0.5501	0.5579	0.5019	0.4984	0.5543	0.4985	0.5507	0.5519	0.5011	0.4997	0.4448	0.4465	0.5550	0.4997	0.5032	0.4497	0.5502	0.4944
0.5008	0.5495	0.5501	0.5579	0.5019	0.4984	0.5543	0.4985	0.5507	0.5519	0.5011	0.4997	0.4448	0.4465	0.5550	0.4997	0.5032	0.4497	0.5502	0.4944
0.5008	0.5495	0.5501	0.5579	0.5019	0.4984	0.5543	0.4985	0.5507	0.5519	0.5011	0.4997	0.4448	0.4465	0.5550	0.4997	0.5032	0.4497	0.5502	0.4944
0.5008	0.5495	0.5501	0.5579	0.5019	0.4984	0.5543	0.4985	0.5507	0.5519	0.5011	0.4997	0.4448	0.4465	0.5550	0.4997	0.5032	0.4497	0.5502	0.4944
0.5008	0.5495	0.5501	0.5579	0.5019	0.4984	0.5543	0.5009	0.5507	0.5519	0.5011	0.4997	0.4448	0.4465	0.5550	0.4997	0.5032	0.4497	0.5502	0.4944
0.5008	0.5495	0.5501	0.5579	0.5019	0.4984	0.5543	0.5009	0.5507	0.5519	0.5011	0.4997	0.4448	0.4465	0.5550	0.4997	0.5032	0.4497	0.5502	0.4944
0.5008	0.5495	0.5501	0.5579	0.4977	0.4984	0.5543	0.5009	0.5507	0.5519	0.5011	0.4997	0.5521	0.4465	0.5550	0.4997	0.5032	0.4497	0.5502	0.4944
0.5008	0.5495	0.5501	0.5579	0.4977	0.4984	0.5543	0.5009	0.5507	0.5519	0.5011	0.4997	0.5521	0.4465	0.5550	0.4997	0.5032	0.4497	0.5502	0.4944
0.5008	0.5495	0.5501	0.5567	0.4977	0.4984	0.5543	0.5009	0.5507	0.5519	0.5011	0.4997	0.5521	0.4507	0.5550	0.4997	0.5032	0.4497	0.5502	0.4944
0.5008	0.5495	0.5501	0.5567	0.4977	0.4984	0.5543	0.5009	0.5507	0.5519	0.5011	0.4997	0.5521	0.4507	0.5550	0.4997	0.5032	0.4497	0.5502	0.4944
0.5008	0.5495	0.5501	0.5567	0.4977	0.4984	0.5543	0.5009	0.5507	0.5519	0.5011	0.4997	0.5521	0.4507	0.5550	0.4997	0.5032	0.4497	0.5502	0.4944
0.5008	0.5495	0.5501	0.5567	0.4977	0.4984	0.5543	0.5009	0.5507	0.5519	0.5011	0.4997	0.5521	0.4507	0.5550	0.4997	0.5032	0.4497	0.5502	0.4944
0.5008	0.5495	0.5501	0.5567	0.4977	0.4984	0.5543	0.5009	0.5507	0.5519	0.5011	0.4997	0.5521	0.4507	0.5550	0.4997	0.5032	0.4497	0.5502	0.4944
0.5008	0.5495	0.5501	0.5567	0.4977	0.4984	0.5543	0.5009	0.5507	0.5519	0.5011	0.4997	0.5521	0.4507	0.5550	0.4997	0.5032	0.4497	0.5502	0.4944
0.5008	0.5495	0.5501	0.5567	0.4977	0.4984	0.5543	0.5009	0.5507	0.5519	0.5011	0.4997	0.5521	0.4507	0.5550	0.4997	0.5032	0.4497	0.5502	0.4944
0.5008	0.5495	0.5501	0.5567	0.4977	0.4984	0.5543	0.5009	0.5507	0.5519	0.5011	0.4997	0.5521	0.4507	0.5550	0.4997	0.5032	0.4497	0.5502	0.4944
