0.5207	0.0282	0.4602	0.2409	0.3381	0.7364	0.2171	0.9425	0.8298	0.4362
0.5025	0.1125	0.0000	1.0000	0.4458	0.4083	0.6468	0.3826	0.2332	0.0000
0.2217	0.3804	0.3637	0.5515	0.2778	0.6639	0.0000	0.6849	0.4860	0.4588
0.5017	0.7654	0.0000	1.0000	0.0000	0.0000	0.1857	0.4315	0.4860	0.5701
0.5134	0.0000	0.6315	0.5846	1.0000	0.0000	0.4391	0.5664	0.4860	0.6474
0.4271	0.5606	0.4260	0.2918	1.0000	0.2858	0.6390	0.4521	0.4398	0.6184
0.5038	0.5901	0.5700	0.2918	0.3129	0.3083	0.3657	0.6308	0.6215	0.5665
0.3630	0.4916	0.5700	0.2918	0.4407	0.5115	0.3657	0.6074	0.6215	0.5665
0.4127	0.0000	0.5700	0.4275	0.4407	0.4270	0.3657	0.1667	0.0639	0.5665
1.0000	0.0000	0.5700	0.4275	0.4407	0.3556	0.3657	0.2871	0.4793	0.5665
0.1071	0.8949	0.4987	0.4275	0.5613	1.0000	0.3657	1.0000	0.7587	0.5665
0.4244	0.3013	0.4987	0.4334	0.4281	0.4119	0.3657	0.4471	0.5699	0.5665
0.9143	0.0000	0.4987	0.4334	0.4281	0.0000	0.3657	0.0000	0.5684	0.4978
0.6228	0.6740	0.4987	0.4334	0.4281	0.6762	0.4877	0.2379	0.5021	0.4978
0.7879	0.4359	0.4987	0.4334	0.4281	0.5452	0.5568	0.0000	0.5021	0.4978
0.0000	0.4359	0.4987	0.4334	0.4281	1.0000	0.2345	0.4995	0.5021	0.4978
0.7018	0.4359	0.4987	0.4334	0.4281	0.4477	0.2206	0.4995	0.5021	0.4978
0.4875	0.4359	0.4987	0.4334	0.4281	0.0000	1.0000	0.4995	0.5021	0.4978
0.4875	0.3581	0.4987	0.4334	0.4281	0.6209	0.6927	0.2330	0.5021	0.4978
0.4875	0.7536	0.4987	0.4334	0.4281	0.3526	0.5660	0.2386	0.4341	0.4978
0.1070	0.5073	0.4354	0.4334	0.4281	0.6424	0.5660	0.5790	0.6179	0.4978
0.2332	0.7094	0.4354	0.4334	0.4281	0.3670	0.5660	0.5652	0.6179	0.4341
0.5808	0.5604	0.4354	0.4334	0.4281	0.3670	0.5670	0.5567	0.3749	0.4341
0.4324	0.5604	0.4354	0.4334	0.4281	0.6303	0.6435	0.5567	0.3749	0.4341
0.4324	0.5768	0.4354	0.4334	0.4281	0.3544	0.5714	0.5567	0.3749	0.4341
0.4324	1.0000	0.4354	0.4334	0.4281	0.3544	0.5714	0.5081	0.3749	0.5229
0.5655	0.7023	0.4267	0.4334	0.4281	0.4223	0.5714	0.7742	0.4129	0.5579
0.5655	0.6217	0.4267	0.4334	0.4281	0.3010	0.5714	0.0000	1.0000	0.6405
0.5655	0.1581	0.4267	0.4334	0.4281	0.3090	0.5714	0.5178	0.6795	0.0000
0.6404	0.9781	0.4267	0.4334	0.4281	0.3090	0.5714	0.5150	0.6493	0.5759
0.4969	0.2015	0.4267	0.4334	0.4281	0.5146	0.5077	0.3046	0.9510	0.5136
0.4969	0.5857	0.4267	0.4334	0.4281	0.4520	0.5077	0.3046	0.7404	0.5136
0.4969	0.4352	0.4267	0.5055	0.4281	0.4405	0.5077	0.2924	0.2210	0.3003
0.5750	0.4352	0.4267	0.5055	0.4281	0.4405	0.4395	0.1697	0.7417	0.3003
0.4332	0.4352	0.4267	0.5055	0.4281	0.4405	0.4395	0.0000	0.6903	0.4928
0.5640	0.4352	0.4267	0.5055	0.4991	0.6305	0.2922	0.6528	0.6903	0.5764
0.5640	0.4352	0.6228	0.5055	0.4991	0.5710	0.2922	0.7108	0.5768	0.5764
0.5640	0.4352	0.6228	0.5055	0.4991	0.5710	0.4916	0.3734	0.0000	0.5764
0.5640	0.4352	0.6228	0.5055	0.4991	0.5073	0.4916	0.6273	0.7014	0.5764
0.5640	0.4352	0.6228	0.5055	0.4991	0.5073	0.4916	0.1695	0.6280	0.5764
0.5640	0.5682	0.6228	0.5055	0.4991	0.5073	0.4916	0.5613	0.4335	0.3714
0.5640	0.5682	0.6228	0.5055	0.4991	0.4986	0.4916	0.5613	0.4335	0.4374
0.5640	0.5682	0.6431	0.5055	0.4971	0.4986	0.4916	0.6346	0.4335	0.4374
0.5640	0.5682	0.6431	0.5055	0.4971	0.4986	0.5686	0.6346	0.4335	0.6187
0.4892	0.5682	0.6431	0.5055	0.4971	0.4986	0.5686	0.5013	0.4922	0.6895
0.4892	0.5682	0.6431	0.5055	0.4971	0.4986	0.5686	0.7398	0.4922	0.5744
0.4990	0.5682	0.6431	0.5055	0.4971	0.4986	0.5686	0.2235	0.4922	0.5744
0.4963	0.5682	0.6431	0.5055	0.4971	0.4986	0.5632	0.6241	0.4922	0.5744
0.4963	0.5682	0.6431	0.5055	0.4971	0.4986	0.5632	0.4267	0.4922	0.5744
0.4963	0.5682	0.6431	0.5055	0.4971	0.4986	0.5632	0.4267	0.4922	0.5744
0.4963	0.5682	0.6431	0.5055	0.4971	0.4986	0.5632	0.4267	0.4922	0.5744
0.4963	0.5682	0.6431	0.5055	0.4971	0.4986	0.5632	0.4267	0.4922	0.5744
0.4963	0.5027	0.6431	0.5055	0.4971	0.6387	0.5632	0.4406	0.4922	0.5744
0.4963	0.5027	0.6431	0.5055	0.4971	0.6387	0.5036	0.4406	0.4922	0.5744
0.4963	0.5027	0.6431	0.5055	0.4971	0.6387	0.5036	0.4406	0.4922	0.5744
0.4963	0.5027	0.6431	0.5055	0.4971	0.6387	0.5036	0.4406	0.4922	0.5744
0.4963	0.5027	0.6431	0.5055	0.4971	0.6387	0.5036	0.5051	0.5654	0.5744
0.4963	0.5027	0.5608	0.5055	0.4971	0.5743	0.5036	0.5051	0.5654	0.5744
0.4963	0.5027	0.5608	0.5055	0.4971	0.5743	0.5036	0.5051	0.5654	0.5744
0.4963	0.5027	0.5608	0.5055	0.4951	0.5743	0.5036	0.4266	0.5654	0.5744
0.4963	0.5027	0.5608	0.5055	0.4951	0.5743	0.5036	0.4266	0.5654	0.5744
0.4963	0.5027	0.5608	0.5055	0.4951	0.5743	0.5036	0.4266	0.5654	0.5744
0.4963	0.5027	0.5608	0.5055	0.4951	0.5743	0.5036	0.4266	0.5654	0.5744
0.4963	0.5027	0.5608	0.5055	0.4951	0.5743	0.5036	0.4266	0.5654	0.5744
0.4963	0.5027	0.5608	0.5055	0.4951	0.5743	0.5036	0.4266	0.5654	0.5744
0.4963	0.5027	0.5608	0.5055	0.4951	0.5743	0.5036	0.4266	0.5654	0.5744
0.4963	0.5027	0.5608	0.5055	0.4951	0.5743	0.5036	0.4266	0.5654	0.5744
0.4963	0.5027	0.5608	0.5055	0.4951	0.5743	0.5036	0.4266	0.5654	0.5744
0.4963	0.5027	0.5608	0.5055	0.4951	0.5743	0.5036	0.4266	0.5654	0.5744
0.4963	0.5027	0.5608	0.5055	0.4951	0.5743	0.5036	0.4266	0.5654	0.6340
0.4963	0.5027	0.5608	0.5055	0.4951	0.4301	0.5036	0.4266	0.5654	0.6340
0.4963	0.5027	0.5608	0.5055	0.4951	0.4301	0.5036	0.4266	0.5654	0.6340
0.4963	0.5027	0.5608	0.5055	0.4951	0.4301	0.5036	0.4266	0.5654	0.6340
0.4963	0.5027	0.5608	0.5055	0.4951	0.4301	0.5036	0.4266	0.5654	0.6340
0.4963	0.5027	0.5608	0.5055	0.4951	0.4301	0.5036	0.4266	0.5654	0.6340
0.4963	0.5027	0.5608	0.5055	0.4951	0.4301	0.5036	0.4266	0.5654	0.5588
0.4963	0.5027	0.5608	0.5055	0.4951	0.4301	0.5036	0.4266	0.5654	0.5588
0.4963	0.5027	0.5608	0.5055	0.4951	0.4301	0.5036	0.4266	0.5042	0.5588
0.4963	0.5027	0.5608	0.5055	0.4951	0.4301	0.5036	0.4266	0.5042	0.5588
0.4963	0.5027	0.5608	0.5055	0.4951	0.4301	0.5036	0.4266	0.5042	0.5588
0.4963	0.5027	0.5608	0.5055	0.4951	0.4301	0.5036	0.4266	0.5042	0.5657
0.4963	0.5027	0.5608	0.5055	0.4951	0.4301	0.5036	0.4266	0.5042	0.5657
0.4963	0.5027	0.5608	0.5055	0.4951	0.4301	0.5036	0.4266	0.5042	0.5657
0.4963	0.5027	0.5608	0.5055	0.4951	0.4301	0.5036	0.4266	0.5042	0.5657
0.4963	0.5027	0.5608	0.5055	0.4951	0.4301	0.5036	0.4266	0.5042	0.5657
0.4963	0.5027	0.5608	0.5055	0.4951	0.4301	0.5036	0.4266	0.5042	0.5657
0.4963	0.5027	0.5608	0.5055	0.4951	0.4301	0.5036	0.4266	0.5042	0.5657
0.4963	0.5027	0.5608	0.5055	0.4951	0.4301	0.5036	0.4266	0.5042	0.5657
0.4963	0.5027	0.4976	0.5055	0.4951	0.4301	0.5036	0.4266	0.5042	0.5657
0.4963	0.5027	0.4976	0.5055	0.4951	0.4301	0.5036	0.4266	0.5042	0.5657
0.4963	0.5027	0.4976	0.5055	0.4951	0.4301	0.5036	0.4266	0.5042	0.5657
0.4963	0.5027	0.4976	0.5055	0.4951	0.4301	0.5036	0.4266	0.5042	0.5657
0.4963	0.5027	0.4976	0.5055	0.4951	0.4301	0.5036	0.4266	0.5042	0.5657
0.4963	0.5027	0.4976	0.5055	0.4951	0.4301	0.5036	0.4266	0.5042	0.5657
0.4963	0.5027	0.4976	0.5055	0.4951	0.4301	0.5036	0.4266	0.5042	0.5657
0.4963	0.5027	0.4976	0.5055	0.4951	0.4301	0.5036	0.4266	0.5042	0.5657
0.4963	0.5027	0.4976	0.5055	0.4951	0.4342	0.5036	0.4266	0.5042	0.5657
0.4963	0.5027	0.4976	0.5055	0.4951	0.4342	0.5036	0.4266	0.5042	0.5657
0.4963	0.5027	0.4976	0.5055	0.4951	0.4342	0.5036	0.4266	0.5042	0.5657
0.4963	0.5027	0.4976	0.5055	0.4951	0.4342	0.5036	0.4266	0.5042	0.5657
0.4963	0.5027	0.4976	0.5055	0.4951	0.4342	0.5036	0.4266	0.5042	0.5657
