0.0850	0.4596	0.1519	0.3115	0.4047	0.3499	0.5459	0.8703	0.3233	0.3571	0.0825	0.6494	0.9373	0.6100	0.5906	0.4908	0.5879	0.0978	0.6307	0.0437
1.0000	0.7029	0.0000	0.7193	0.6579	0.7041	0.4063	0.3226	0.8407	0.6990	0.4002	0.0702	0.4853	0.4399	0.8483	0.3114	0.2152	0.2614	0.5800	1.0000
0.9376	1.0000	0.4700	0.3206	0.4751	0.4055	0.6981	0.3317	0.6016	0.6890	0.9042	0.6311	0.1440	0.7229	0.7556	0.0784	0.6850	0.3287	0.2163	0.7670
1.0000	0.6318	0.7007	0.5850	0.2423	0.6237	0.7913	0.5768	0.3110	0.6890	0.0453	0.5037	0.0372	0.6782	0.3759	0.9478	0.8159	0.4048	0.4174	0.6106
0.6077	0.1033	0.5330	0.5850	0.9616	0.4969	0.6167	0.3910	1.0000	0.4923	0.3258	0.7818	0.4954	0.6782	0.2634	0.8105	0.5482	0.0000	1.0000	0.7238
0.6077	0.0000	0.3677	0.5850	0.0000	0.4969	0.1041	0.5091	0.0000	0.4923	0.3258	0.2228	0.4132	0.6782	0.6648	0.1521	1.0000	0.1680	0.0226	0.3317
0.6077	0.5646	0.1273	0.5850	0.5100	0.8355	0.6715	0.4010	0.4203	0.4923	0.8730	0.4740	0.3173	0.6782	0.6686	0.6014	0.0807	0.8495	0.3080	0.3572
0.6077	0.0000	0.5417	0.5850	0.5100	0.6110	0.4176	0.3206	0.4213	0.4923	0.6585	0.4867	0.4139	0.3860	0.6651	0.6014	0.6544	0.4796	0.3113	0.8760
0.9341	0.4889	0.3576	0.5850	0.5100	0.5697	0.0000	0.5929	0.6825	0.4923	0.6711	0.1947	0.4139	0.5800	0.5940	0.6014	0.6016	0.2461	0.3113	0.2777
1.0000	0.4174	0.4918	0.5850	0.6078	0.5204	0.8366	0.5929	0.6825	0.4923	0.6116	0.0392	1.0000	0.5800	0.5940	0.4156	0.8095	0.4045	0.1989	0.6044
0.7423	0.5672	0.4918	0.5850	0.7636	0.3278	0.0809	0.5929	0.6825	0.4923	0.6638	0.6419	0.5395	0.5725	0.5940	0.4156	0.5229	0.4045	0.7604	0.5986
0.7024	0.9955	0.0874	0.5850	1.0000	0.3278	0.4231	0.5929	0.4198	0.4923	0.6638	0.2577	0.4184	0.6068	0.6894	0.4156	0.4398	0.4965	0.4309	0.8841
0.5643	0.3804	0.3136	0.3077	0.4630	0.3278	0.4231	0.5929	0.4198	0.4923	0.2383	0.7299	0.2866	0.4329	1.0000	0.4156	0.3720	0.4965	0.1524	0.3939
0.4801	0.9431	0.3136	0.3077	0.5146	0.3278	0.8974	0.5929	0.4198	0.4923	0.4138	0.5834	0.3084	0.5040	0.7624	0.4156	0.2964	0.4965	0.4916	0.4980
0.4801	0.0000	0.7651	0.5153	0.3419	0.3278	0.5709	0.5929	0.4198	0.4923	0.4138	0.5834	0.0000	0.4973	0.5938	0.4156	0.0000	0.4965	0.4916	0.4980
0.4031	0.7029	0.7594	0.4995	0.0000	0.3278	0.4913	0.5929	0.4198	0.4923	0.4138	0.5883	0.4212	0.3032	0.8045	0.4156	0.5925	0.4965	0.4916	0.4980
0.4031	0.6066	0.2487	0.4995	0.5164	0.3278	0.4913	0.5929	0.4198	0.4923	0.4138	0.5883	0.5339	0.4814	0.3989	0.4156	0.5925	0.4965	0.4916	0.4980
0.4031	0.6066	0.4965	0.4995	0.6716	0.3278	0.6752	0.5929	0.4198	0.4923	0.4138	0.5883	0.1964	0.5066	0.5058	0.4156	0.5925	0.4965	0.4916	0.4980
0.4031	0.6066	0.0384	0.5871	1.0000	0.4042	0.3980	0.5068	0.4198	0.4923	0.4138	0.5883	0.2715	0.6011	0.5688	0.4156	0.2265	0.4965	0.4916	0.4980
0.4031	0.5510	0.3248	0.5871	0.7737	0.4042	0.3980	1.0000	0.4198	0.5016	0.4138	0.5883	0.4081	0.4032	0.0000	0.4156	0.8625	0.4965	0.4907	0.4980
0.4031	0.3901	0.3258	0.5871	0.5775	0.4042	0.0730	0.7435	0.4198	0.5016	0.5872	0.5883	0.4069	0.5034	0.5790	0.4156	0.6799	0.4965	0.4907	0.4980
0.4031	0.3901	0.3155	0.5871	0.1366	0.5048	1.0000	0.4823	0.4198	0.5016	0.5872	0.4180	0.4069	0.4160	0.5790	0.4156	0.6123	0.4965	0.4907	0.4980
0.4031	0.3901	0.4873	0.5871	0.5137	0.6785	0.4325	0.3970	0.4198	0.5016	0.5872	0.5901	0.4981	0.4160	0.5790	0.4156	0.1510	0.4965	0.4907	0.4980
0.4031	0.4962	0.4873	0.5871	0.4049	0.5982	0.6783	0.3970	0.4198	0.5016	0.5872	0.5901	0.4981	0.4160	0.5790	0.4156	0.4035	0.4965	0.4907	0.4980
0.5041	0.4962	0.4873	0.5871	0.4049	0.5982	0.7690	0.3970	0.4198	0.5016	0.5872	0.5901	0.4981	0.4160	0.5790	0.4156	0.4035	0.4965	0.4907	0.4980
0.5041	0.4962	0.4873	0.5871	0.4049	0.5982	0.6741	0.3970	0.4198	0.5016	0.5872	0.5901	0.4981	0.4160	0.5790	0.5839	0.9808	0.4965	0.4907	0.4058
0.4863	0.4962	0.6770	0.5871	0.4049	0.5982	0.4324	0.3248	0.4198	0.5016	0.5872	0.5901	0.4981	0.4160	0.5790	0.5839	0.1877	0.4965	0.4907	0.4058
0.4863	0.4962	0.6770	0.5871	0.4049	0.5982	0.0000	0.0000	0.4198	0.5016	0.5872	0.5901	0.4980	0.4160	0.5790	0.5839	0.7647	0.4965	0.4907	0.4112
0.4863	0.4962	0.6770	0.5871	0.4049	0.5982	0.6989	0.7902	0.4198	0.5016	0.5872	0.5901	0.4980	0.4160	0.5790	0.5839	0.3024	0.4965	0.4907	0.4112
0.4863	0.4962	0.4918	0.5871	0.4049	0.5926	0.5815	0.5009	0.4198	0.5016	0.5872	0.5901	0.0000	0.4160	0.4127	0.5839	0.4143	0.4965	0.4907	0.4112
0.4863	0.4962	0.2153	0.5871	0.4049	0.3212	0.3134	0.5009	0.4198	0.5016	0.5872	0.5901	0.3317	0.4160	0.4127	0.5833	0.4045	0.4965	0.4907	0.4882
0.4863	0.4962	0.3132	0.5871	0.4049	0.3212	0.6707	0.5009	0.4198	0.5016	0.5872	0.5901	0.8443	0.4160	0.3328	0.5833	0.5086	0.4965	0.4907	0.4882
0.4863	0.4962	0.5990	0.5871	0.4049	0.3212	0.5109	0.5009	0.4198	0.5016	0.5872	0.5901	0.7039	0.4160	0.3216	0.5159	0.5086	0.4965	0.4907	0.4882
0.4997	0.4962	0.5990	0.5871	0.3979	0.3212	0.3086	0.5009	0.4198	0.5016	0.5872	0.5901	0.6493	0.4027	0.7724	0.5159	0.5086	0.4965	0.4907	0.6976
0.4997	0.5055	0.5990	0.5871	0.3979	0.3212	0.3043	0.5009	0.4198	0.5016	0.5872	0.5901	0.3874	0.4027	0.7724	0.5159	0.5086	0.4965	0.4907	0.6888
0.4997	0.5055	0.5990	0.5871	0.3979	0.3212	0.3043	0.5009	0.4198	0.5016	0.5872	0.5901	0.6837	0.4027	0.5873	0.5159	0.5165	0.4965	0.4907	0.4059
0.4997	0.5055	0.5990	0.5871	0.3979	0.3212	0.3043	0.5009	0.4198	0.5016	0.5872	0.5901	0.3135	0.4027	0.4253	0.5159	0.4073	0.4965	0.4907	0.4059
0.4997	0.5055	0.5990	0.5871	0.3979	0.3212	0.3043	0.5796	0.5877	0.5016	0.5872	0.5065	0.3135	0.4027	0.3080	0.5159	0.4073	0.4965	0.4907	0.4059
0.4997	0.5055	0.5990	0.5871	0.3979	0.3212	0.4837	0.5796	0.5058	0.5016	0.5872	0.5065	0.5873	0.4027	0.3080	0.5159	0.4073	0.4965	0.4907	0.4059
0.4997	0.5055	0.5990	0.5871	0.3979	0.3212	0.4837	0.5796	0.5058	0.5016	0.5872	0.5065	0.5873	0.4027	0.5027	0.5159	0.4073	0.4965	0.4907	0.5853
0.4997	0.5055	0.5990	0.5871	0.3979	0.4916	0.5963	0.5796	0.5058	0.5016	0.5872	0.4045	0.5873	0.4027	0.5027	0.5159	0.4073	0.4965	0.4907	0.6021
0.4997	0.5055	0.5990	0.5871	0.3979	0.4916	0.5963	0.5796	0.5058	0.5016	0.5872	0.4045	0.5873	0.4027	0.5027	0.5159	0.5854	0.4965	0.4907	0.6021
0.4997	0.5055	0.5990	0.5871	0.5810	0.4916	0.4024	0.5796	0.5003	0.5016	0.4948	0.4045	0.5873	0.4027	0.5027	0.5159	0.5854	0.4965	0.4907	0.6021
0.4997	0.5055	0.5990	0.5871	0.5810	0.4916	0.4024	0.5796	0.5003	0.5016	0.4948	0.4045	0.5873	0.4027	0.6077	0.5159	0.5854	0.4965	0.4907	0.6021
0.4997	0.5055	0.5990	0.5871	0.5810	0.4916	0.4024	0.3288	0.5003	0.5016	0.4948	0.4045	0.5873	0.4027	0.6077	0.5159	0.5854	0.4965	0.4907	0.6021
0.4997	0.5055	0.5990	0.5871	0.3977	0.4916	0.4024	0.3288	0.5003	0.5016	0.4948	0.4045	0.5873	0.4027	0.6077	0.5159	0.4874	0.4965	0.4907	0.6021
0.4997	0.5055	0.5990	0.5871	0.3977	0.4916	0.4024	0.3288	0.5003	0.5016	0.4948	0.4045	0.5873	0.4027	0.6077	0.5159	0.4874	0.4965	0.4907	0.6021
0.4997	0.5055	0.4058	0.5871	0.4123	0.4916	0.4024	0.3288	0.5003	0.5016	0.4948	0.4045	0.5873	0.4027	0.6077	0.5950	0.4874	0.4965	0.4907	0.6021
0.4997	0.5055	0.5918	0.5871	0.4123	0.5034	0.5856	0.3879	0.5003	0.5016	0.4948	0.4045	0.5873	0.4027	0.6914	0.5950	0.4874	0.4965	0.4907	0.6021
0.4997	0.5055	0.5918	0.5871	0.4123	0.5034	0.5856	0.3879	0.5003	0.5016	0.4948	0.4045	0.5873	0.4945	0.6914	0.5950	0.4874	0.4965	0.4152	0.6021
0.4997	0.5055	0.5918	0.5871	0.4123	0.5034	0.5856	0.3879	0.5003	0.5016	0.4948	0.4045	0.4991	0.4945	0.6705	0.5950	0.4874	0.4965	0.4152	0.6021
0.4997	0.5055	0.5918	0.5871	0.4097	0.5034	0.5051	0.3284	0.5003	0.5016	0.4948	0.4045	0.4991	0.4945	0.6705	0.5950	0.4874	0.4965	0.4152	0.6021
0.4997	0.5055	0.5918	0.5871	0.4097	0.5034	0.5000	0.3284	0.5003	0.5016	0.4948	0.4045	0.4991	0.4945	0.4993	0.5950	0.4874	0.4965	0.4152	0.6021
0.4997	0.5055	0.5918	0.5871	0.4097	0.5034	0.5000	0.3284	0.5003	0.5016	0.4948	0.4045	0.4991	0.4945	0.4993	0.5950	0.4874	0.4965	0.4152	0.6021
0.4997	0.5055	0.5918	0.5871	0.4097	0.5034	0.5000	0.3257	0.5003	0.5016	0.4948	0.4045	0.4991	0.4945	0.4993	0.5950	0.4874	0.4965	0.5891	0.6021
0.4997	0.5055	0.5918	0.5871	0.4097	0.5034	0.5000	0.3257	0.5003	0.5016	0.4948	0.4045	0.4991	0.4945	0.4993	0.5950	0.4874	0.4965	0.5891	0.6021
0.4997	0.5055	0.5918	0.5871	0.4097	0.5034	0.5000	0.3257	0.5003	0.5016	0.4948	0.4045	0.4991	0.4945	0.4993	0.5950	0.4138	0.4965	0.5891	0.6021
0.4997	0.5055	0.5918	0.5871	0.4097	0.5034	0.5000	0.3257	0.5003	0.5016	0.4948	0.4045	0.4991	0.4945	0.4993	0.5950	0.5780	0.4965	0.5891	0.5996
0.4997	0.5055	0.5918	0.5871	0.4097	0.5034	0.5000	0.3257	0.5003	0.5016	0.4989	0.4045	0.4991	0.4945	0.4993	0.5950	0.5780	0.4965	0.5891	0.5996
0.4997	0.4070	0.5918	0.5871	0.4097	0.5034	0.5000	0.3257	0.5003	0.5016	0.4989	0.4045	0.4991	0.4945	0.4086	0.5950	0.5780	0.4965	0.5891	0.5996
0.4997	0.4070	0.5918	0.5871	0.4097	0.5034	0.5000	0.5966	0.5003	0.5016	0.4989	0.4045	0.4991	0.4945	0.4086	0.5950	0.5780	0.4965	0.5891	0.5996
0.4997	0.4070	0.5918	0.5871	0.4097	0.5034	0.5000	0.5966	0.5003	0.5016	0.4989	0.4045	0.4991	0.4945	0.4991	0.5950	0.5780	0.4965	0.5891	0.5996
0.4997	0.4070	0.5918	0.5871	0.4097	0.5034	0.5000	0.5966	0.5003	0.5016	0.4989	0.4045	0.4991	0.4945	0.4991	0.5940	0.5780	0.4965	0.5891	0.5996
0.4997	0.4070	0.5918	0.5871	0.4097	0.5034	0.5000	0.5966	0.5003	0.5016	0.4989	0.4045	0.4991	0.4945	0.4991	0.5940	0.4096	0.4965	0.5891	0.5996
0.4997	0.4070	0.5918	0.5871	0.4097	0.5034	0.5000	0.5966	0.5003	0.5016	0.4989	0.4045	0.4991	0.4945	0.4991	0.5940	0.4020	0.4965	0.5891	0.5996
0.4997	0.4070	0.5918	0.5871	0.4097	0.5034	0.5000	0.5966	0.5003	0.5016	0.4989	0.4045	0.4950	0.4945	0.4991	0.5940	0.5939	0.4965	0.5891	0.5996
0.4997	0.4070	0.5918	0.5871	0.4097	0.5034	0.5000	0.5966	0.5003	0.5016	0.4989	0.4045	0.4950	0.4945	0.4991	0.5940	0.5939	0.4965	0.5891	0.5996
0.4997	0.4070	0.5918	0.5871	0.4097	0.5034	0.5000	0.5966	0.5003	0.5016	0.4989	0.4045	0.4950	0.4945	0.4991	0.5940	0.5939	0.4965	0.5891	0.5996
0.4997	0.4070	0.5918	0.5871	0.4097	0.5034	0.5000	0.5966	0.5003	0.5016	0.4989	0.4045	0.4950	0.4945	0.4991	0.5940	0.5939	0.4965	0.5891	0.5996
0.4997	0.4070	0.5918	0.5871	0.4097	0.5034	0.5000	0.5083	0.5003	0.5016	0.4989	0.4045	0.4950	0.4945	0.4991	0.5940	0.5939	0.4965	0.5891	0.5996
0.4997	0.4070	0.5918	0.5871	0.4097	0.5034	0.5000	0.5083	0.5003	0.5016	0.4989	0.4045	0.4950	0.4945	0.4991	0.5940	0.5939	0.4965	0.5891	0.5996
0.4997	0.4070	0.5918	0.5871	0.4097	0.5034	0.5000	0.5083	0.5003	0.5016	0.4989	0.4045	0.4950	0.4945	0.4991	0.5940	0.5068	0.4965	0.5891	0.5996
0.4997	0.4070	0.5918	0.5871	0.4097	0.5034	0.5000	0.4084	0.5003	0.5016	0.5949	0.4045	0.4950	0.4945	0.4991	0.5940	0.5068	0.4965	0.5891	0.5996
0.4997	0.4070	0.5918	0.5871	0.4097	0.5034	0.5000	0.4084	0.5003	0.5016	0.5949	0.4045	0.4950	0.4945	0.4991	0.5940	0.5068	0.4965	0.5891	0.5996
0.4997	0.4070	0.5918	0.5871	0.4097	0.5034	0.5000	0.4084	0.5003	0.5016	0.5949	0.4045	0.4950	0.4945	0.4991	0.5940	0.5068	0.4965	0.5891	0.5996
0.4056	0.4070	0.5918	0.5871	0.4097	0.5034	0.5000	0.4084	0.5003	0.5016	0.5949	0.4045	0.4950	0.4945	0.4991	0.5940	0.5068	0.4965	0.5891	0.5996
0.4056	0.4070	0.5918	0.5871	0.4097	0.5034	0.5000	0.4084	0.5003	0.5016	0.5949	0.4045	0.4950	0.4945	0.4991	0.5940	0.5885	0.4965	0.5891	0.5996
0.4056	0.4070	0.5918	0.5871	0.4097	0.5034	0.5000	0.4084	0.5003	0.5016	0.5949	0.4045	0.4950	0.4945	0.4991	0.5940	0.5885	0.4965	0.5891	0.5996
0.4056	0.4070	0.5918	0.5871	0.4097	0.5034	0.5000	0.4084	0.5003	0.5016	0.5949	0.4045	0.4950	0.4945	0.4991	0.5940	0.5885	0.4965	0.5891	0.5996
0.4056	0.4070	0.5918	0.5871	0.4097	0.5034	0.5000	0.4084	0.5003	0.5016	0.5949	0.4045	0.4950	0.4945	0.4991	0.5940	0.5885	0.4965	0.5891	0.5996
0.4056	0.4070	0.5918	0.5871	0.4097	0.5034	0.5000	0.4084	0.5003	0.5016	0.5949	0.4045	0.4950	0.4945	0.4991	0.5940	0.5885	0.4965	0.4083	0.5996
0.4056	0.4043	0.5918	0.5871	0.4097	0.5034	0.5000	0.4084	0.5003	0.5016	0.5949	0.4045	0.4950	0.4945	0.4991	0.5940	0.5885	0.4965	0.4083	0.5996
0.4056	0.4043	0.5918	0.5871	0.4097	0.5034	0.5000	0.4084	0.5003	0.5016	0.5949	0.4045	0.4950	0.4945	0.4991	0.5940	0.5885	0.4965	0.4083	0.5873
0.4056	0.4043	0.5918	0.5871	0.4097	0.5034	0.5000	0.4102	0.5003	0.5016	0.5949	0.5044	0.4950	0.4945	0.4991	0.5940	0.5885	0.4965	0.4083	0.5873
0.4056	0.4043	0.5918	0.5871	0.4097	0.5034	0.5000	0.4102	0.5003	0.5016	0.5949	0.5044	0.4950	0.4945	0.4991	0.5940	0.5885	0.4965	0.4083	0.5873
0.4056	0.4043	0.5918	0.5871	0.4097	0.5034	0.5000	0.4102	0.5003	0.5016	0.5949	0.5044	0.4950	0.4024	0.4991	0.5940	0.5885	0.4965	0.4083	0.5873
0.4056	0.4043	0.5918	0.5871	0.4097	0.5034	0.5000	0.4102	0.5003	0.5016	0.5949	0.5026	0.4950	0.4024	0.4991	0.5940	0.5885	0.4965	0.4083	0.5873
0.4056	0.4043	0.5918	0.5871	0.5905	0.5034	0.5000	0.4029	0.5003	0.5016	0.5949	0.5026	0.4950	0.4024	0.4991	0.5940	0.5885	0.4965	0.4083	0.5873
0.4056	0.4043	0.5918	0.5871	0.5905	0.5034	0.5000	0.4029	0.5003	0.5016	0.5949	0.5026	0.4950	0.4024	0.4991	0.5940	0.5885	0.4965	0.4083	0.5873
0.4056	0.4043	0.5918	0.5871	0.5905	0.5034	0.5000	0.4029	0.5003	0.5016	0.5949	0.5026	0.4950	0.4024	0.4991	0.5940	0.5885	0.4965	0.4083	0.5873
0.4056	0.4043	0.5918	0.5871	0.5905	0.5034	0.5000	0.4029	0.5003	0.5016	0.5949	0.5026	0.4950	0.4024	0.4991	0.5940	0.5885	0.4965	0.4083	0.5873
0.4056	0.4043	0.5918	0.5871	0.5905	0.5034	0.5000	0.4029	0.5003	0.5016	0.5949	0.5026	0.4950	0.4024	0.4991	0.5940	0.5885	0.4965	0.4083	0.5873
0.4056	0.4043	0.5918	0.5871	0.5905	0.5034	0.5000	0.4029	0.5003	0.5016	0.5949	0.5026	0.4950	0.4024	0.4991	0.5940	0.5885	0.4965	0.4083	0.5873
0.4056	0.4043	0.5918	0.5871	0.5905	0.5034	0.5000	0.4029	0.5003	0.5016	0.5949	0.5026	0.4950	0.4024	0.4991	0.5940	0.5885	0.4965	0.4083	0.5873
0.4056	0.4043	0.5918	0.5871	0.5905	0.5034	0.5000	0.4029	0.5003	0.5016	0.5949	0.5026	0.4950	0.4024	0.4991	0.5940	0.5885	0.4965	0.4083	0.4183
0.4056	0.4043	0.5918	0.5871	0.5905	0.5034	0.5000	0.4029	0.5003	0.5016	0.5949	0.5026	0.4950	0.4024	0.4991	0.5940	0.5044	0.4965	0.4083	0.4183
0.4056	0.4043	0.5918	0.5871	0.5905	0.5034	0.5000	0.4029	0.5003	0.5016	0.5949	0.5026	0.4950	0.4024	0.4991	0.5940	0.5044	0.4965	0.4083	0.4183
0.4056	0.4043	0.5918	0.5871	0.5905	0.5034	0.5000	0.4029	0.5003	0.5016	0.5949	0.5026	0.4950	0.4024	0.4991	0.5940	0.5044	0.4965	0.4083	0.4183
0.4056	0.4043	0.5918	0.5871	0.5905	0.5034	0.5000	0.4029	0.5003	0.5016	0.5949	0.5026	0.4950	0.4024	0.4991	0.5940	0.5044	0.4965	0.4083	0.4183
0.4056	0.4043	0.5918	0.5871	0.5905	0.5034	0.5000	0.4029	0.5003	0.5016	0.5949	0.5026	0.4950	0.4024	0.4991	0.5940	0.5044	0.4965	0.4083	0.4183
0.4056	0.4043	0.5918	0.4967	0.5905	0.5034	0.5000	0.4029	0.5003	0.5016	0.5949	0.5026	0.4950	0.4024	0.4991	0.5940	0.5044	0.4965	0.4083	0.4183
