0.3416	0.3932	0.2141	0.2352	0.1481	0.0090	0.3811	0.5886	0.5886	0.2808
0.9383	0.5354	1.0000	1.0000	0.4410	0.1149	0.0579	0.6115	1.0000	0.4262
1.0000	0.4812	1.0000	0.4744	0.5593	0.2625	0.5237	1.0000	1.0000	0.4996
0.5022	0.4812	0.3202	0.4744	0.4843	0.5419	0.5237	0.7590	0.5096	0.4759
0.5495	0.4812	0.4495	0.4744	0.5094	0.4102	0.5237	0.5316	0.5944	0.4759
0.2079	0.4812	0.4495	0.4457	0.5094	0.9726	0.3400	0.2944	0.5200	0.4759
0.5068	0.4812	1.0000	0.4823	0.5094	0.5412	1.0000	0.4463	0.2293	0.4759
0.5068	0.4812	1.0000	0.4823	0.5094	0.1204	1.0000	0.0000	0.4611	0.4759
0.5068	0.4600	0.1522	0.5109	0.5093	0.4818	0.2164	0.4822	0.4611	0.4759
0.5068	0.8108	0.4622	0.4626	0.5093	0.4818	0.7075	0.1893	0.4611	0.4759
0.5068	0.5443	0.1922	1.0000	0.5093	0.0843	0.4705	0.4695	0.5257	0.5013
0.4536	0.5120	1.0000	1.0000	1.0000	0.5171	0.4705	0.5584	0.5257	0.5013
0.4536	0.5120	0.6352	0.1488	0.5538	0.5540	0.4705	0.5034	0.5257	0.5013
0.4536	0.6158	0.0000	0.9553	0.7516	0.9839	0.4705	0.5245	0.5257	0.5013
0.4536	0.4598	0.5251	1.0000	0.6858	0.7355	0.4705	0.4430	0.5257	0.5013
0.4536	1.0000	0.5237	0.0447	0.8359	0.5082	0.4705	0.4430	0.5257	0.5013
0.4536	0.4692	0.5237	0.0000	0.6300	0.5082	0.4705	0.3291	0.5257	0.5013
0.5600	0.8489	0.5237	0.4709	0.7873	0.5082	0.4705	0.2280	0.5257	0.4793
0.5600	0.4475	0.3470	0.8552	0.0000	0.3985	0.4705	0.6110	0.4949	0.4793
0.5600	0.4475	0.5048	0.2542	0.0000	0.7871	0.4705	0.3668	0.4949	0.4793
0.5600	0.5016	0.0000	0.9270	0.0481	0.0000	0.4705	0.5154	0.4637	0.4793
0.5600	0.5574	0.6137	0.5485	0.0000	1.0000	0.4705	0.5093	0.4637	0.4793
0.5600	0.7762	0.5719	0.5485	0.5458	0.6808	0.4705	0.5093	0.5395	0.4793
0.4978	0.4785	0.5719	0.5485	0.5458	1.0000	0.4705	0.5093	0.5395	0.4793
0.4978	0.4785	0.9351	0.5485	0.5458	0.4640	0.4705	0.5093	0.4228	0.4765
0.4978	0.4785	0.8258	0.5101	0.5458	0.4640	0.4705	0.7817	0.4228	0.4765
0.4978	0.4785	0.5031	0.5101	0.5458	0.4640	0.4705	0.4394	0.4786	0.4765
0.4978	0.4785	0.5031	0.5101	0.5458	0.4640	0.4705	0.0882	0.4190	0.4765
0.4978	0.4785	0.5031	0.5101	0.5458	0.4640	0.4705	0.8201	0.6085	0.4765
0.4978	0.4785	0.5031	0.5101	0.5458	0.4640	0.4705	0.7414	0.5952	0.4765
0.4978	0.4785	0.4670	0.5101	0.5458	0.4640	0.4705	0.7730	0.5589	0.4765
0.4978	0.4785	0.4670	0.5101	0.5458	0.4640	0.4705	0.5176	0.5589	0.4765
0.4978	0.4785	0.4670	0.5101	0.5458	0.4640	0.4705	0.5176	0.5045	0.4765
0.4978	0.4785	0.4670	0.5101	0.5458	0.5276	0.4705	0.4594	0.5045	0.4765
0.4978	0.4785	0.4670	0.5101	0.5458	0.5276	0.4705	0.4594	0.5045	0.4765
0.4978	0.4785	0.4670	0.5101	0.5458	0.5276	0.4705	0.4594	0.5045	0.4765
0.4978	0.4785	0.4670	0.5101	0.5458	0.5276	0.5002	0.4594	0.5045	0.4765
0.4978	0.4785	0.4670	0.5101	0.5458	0.5276	0.5002	0.4594	0.5045	0.4765
0.4978	0.4785	0.4670	0.5101	0.5458	0.5276	0.5002	0.4851	0.5045	0.4765
0.4978	0.4785	0.4670	0.5101	0.5458	0.5276	0.5002	0.5199	0.5045	0.4765
0.4978	0.4785	0.4670	0.4977	0.5458	0.5276	0.5002	0.5238	0.5045	0.4910
0.4978	0.4785	0.4456	0.4977	0.5458	0.5276	0.5002	0.5238	0.4890	0.4910
0.4978	0.4743	0.4456	0.4977	0.5458	0.5276	0.5002	0.5238	0.5084	0.4910
0.4822	0.4743	0.5440	0.4977	0.5458	0.5276	0.5002	0.5238	0.4788	0.4910
0.4822	0.4743	0.5440	0.4977	0.5458	0.4933	0.5002	0.5238	0.4788	0.4910
0.4822	0.4743	0.5440	0.4977	0.5458	0.4933	0.5002	0.5088	0.4613	0.4910
0.4822	0.4743	0.5440	0.4977	0.5458	0.4933	0.5002	0.5088	0.4613	0.4910
0.4822	0.4743	0.5440	0.4977	0.5458	0.4933	0.5002	0.5088	0.4613	0.4910
0.5227	0.4743	0.5440	0.4977	0.5458	0.4933	0.5002	0.5088	0.4613	0.4910
0.5227	0.4743	0.5440	0.4977	0.5458	0.4933	0.5002	0.5088	0.4613	0.4910
0.5227	0.4743	0.5440	0.4977	0.5458	0.4933	0.5002	0.5088	0.4613	0.4910
0.5114	0.4997	0.5440	0.4977	0.5458	0.4994	0.5002	0.5088	0.4613	0.4910
0.5114	0.4997	0.5440	0.4977	0.5458	0.4994	0.5002	0.5088	0.4613	0.4910
0.5114	0.4997	0.5440	0.4977	0.5458	0.4994	0.5002	0.4897	0.4613	0.4910
0.5114	0.4997	0.5440	0.4962	0.5458	0.4994	0.5002	0.4897	0.4613	0.4910
0.5114	0.4997	0.5440	0.4962	0.5458	0.4994	0.5002	0.4897	0.4613	0.4910
0.5114	0.4997	0.5440	0.4962	0.5458	0.4779	0.5002	0.4897	0.4613	0.4910
0.5114	0.4997	0.5440	0.4962	0.4862	0.5160	0.5002	0.4897	0.4613	0.4910
0.5114	0.4997	0.5440	0.4962	0.4862	0.5160	0.5002	0.4897	0.4613	0.4910
0.5114	0.4997	0.5440	0.4962	0.4862	0.5160	0.5002	0.4897	0.4613	0.4910
0.5114	0.4997	0.5440	0.4962	0.4862	0.5160	0.5002	0.4897	0.4613	0.4910
0.5114	0.4997	0.5342	0.4962	0.4862	0.5160	0.4687	0.4897	0.4613	0.4910
0.5114	0.4997	0.5342	0.4962	0.5021	0.5160	0.4687	0.4897	0.4613	0.4910
0.5114	0.4997	0.5342	0.4962	0.5021	0.5160	0.4687	0.4897	0.4613	0.4910
0.5114	0.4997	0.5342	0.4962	0.5021	0.5160	0.4687	0.4897	0.4613	0.4910
0.5114	0.4997	0.4885	0.4962	0.5021	0.5160	0.4687	0.5228	0.4613	0.4910
0.5114	0.4997	0.4885	0.4962	0.5021	0.5160	0.4687	0.5228	0.4613	0.4910
0.5114	0.4643	0.4885	0.4962	0.5021	0.5160	0.4687	0.5228	0.4613	0.4910
0.4654	0.4893	0.4885	0.4962	0.5021	0.5160	0.4687	0.5228	0.4613	0.4910
0.4654	0.4893	0.4885	0.4962	0.5021	0.5160	0.4687	0.5228	0.4613	0.4910
0.4654	0.4893	0.4885	0.4962	0.5021	0.5160	0.4687	0.5228	0.4613	0.4910
0.4654	0.4893	0.4885	0.4962	0.5021	0.5160	0.5305	0.5228	0.4613	0.4910
0.4654	0.4893	0.4885	0.4962	0.5021	0.5160	0.5305	0.5228	0.4613	0.4910
0.4654	0.4893	0.4885	0.4962	0.5021	0.5160	0.5305	0.5228	0.4613	0.4910
0.4654	0.4893	0.4885	0.4962	0.5021	0.5160	0.5305	0.5228	0.4539	0.4910
0.4654	0.4893	0.4885	0.4962	0.5021	0.5160	0.5305	0.5228	0.4883	0.4910
0.4654	0.4893	0.4885	0.4962	0.5021	0.5160	0.5305	0.5228	0.4883	0.4910
0.4654	0.4893	0.4885	0.4962	0.5092	0.5160	0.5305	0.5228	0.4883	0.4910
0.4654	0.4893	0.4885	0.4962	0.5092	0.5160	0.5305	0.5228	0.4883	0.4910
0.4654	0.4893	0.4885	0.4962	0.5092	0.5160	0.5305	0.5228	0.5063	0.4910
0.4654	0.4893	0.4885	0.4962	0.5092	0.5160	0.5305	0.5228	0.5063	0.4910
0.4654	0.4893	0.4885	0.4962	0.5092	0.5160	0.5305	0.5228	0.5063	0.4910
0.4654	0.4893	0.4885	0.4962	0.5092	0.5160	0.5305	0.5228	0.5063	0.4910
0.4656	0.4893	0.4885	0.4962	0.5092	0.5160	0.5305	0.5228	0.5063	0.4910
0.4656	0.4893	0.4885	0.4962	0.5092	0.5160	0.5305	0.5228	0.5063	0.4910
0.4656	0.4893	0.4885	0.4962	0.5092	0.5160	0.5305	0.5228	0.5063	0.4910
0.4656	0.4893	0.4885	0.4962	0.5092	0.5160	0.5305	0.5228	0.5063	0.4910
0.4656	0.4893	0.4885	0.4962	0.5092	0.5160	0.5305	0.5228	0.5063	0.4910
0.4656	0.4893	0.4885	0.4962	0.5092	0.5160	0.4810	0.5228	0.5063	0.4910
0.4656	0.4893	0.4885	0.4962	0.5092	0.5160	0.4810	0.5228	0.5063	0.4910
0.5106	0.4893	0.4885	0.4962	0.5092	0.5160	0.4810	0.5228	0.5063	0.4910
0.5106	0.4893	0.4885	0.4962	0.5092	0.5160	0.4844	0.5228	0.5063	0.4910
0.4639	0.4893	0.4885	0.4962	0.5092	0.5160	0.4844	0.5228	0.5063	0.4910
0.4639	0.4893	0.4885	0.4962	0.5092	0.5160	0.4844	0.5228	0.5063	0.4910
0.4678	0.4893	0.4885	0.4962	0.5092	0.5160	0.4844	0.5228	0.5063	0.4910
0.4678	0.4893	0.4885	0.4962	0.5092	0.5160	0.4844	0.5228	0.5063	0.4910
0.4678	0.4893	0.4885	0.4962	0.5092	0.5160	0.4844	0.5228	0.5063	0.4910
0.4678	0.4893	0.4885	0.4962	0.5092	0.5160	0.4844	0.5228	0.5063	0.4910
0.4678	0.4893	0.4885	0.4962	0.5092	0.5160	0.4844	0.5228	0.5063	0.4910
0.4678	0.4893	0.4885	0.4962	0.5092	0.5160	0.4844	0.5228	0.5063	0.4910
0.4678	0.4893	0.4885	0.4962	0.5092	0.5160	0.4844	0.5228	0.5063	0.4910
