0.4137	0.1015	0.4399	0.0224	0.5927	0.1933	0.6456	0.5511	0.9971	0.4410	0.2124	0.2287	0.2729	0.8351	0.1261	0.1120	0.5175	0.6453	0.5120	0.0281
0.0000	0.2967	0.4771	0.4315	0.4120	0.0000	0.7788	0.4436	1.0000	1.0000	0.5109	0.4332	0.2986	0.0000	0.3717	0.2916	0.4923	0.5900	0.0000	0.6443
0.5533	0.1364	0.0000	0.8185	0.5327	0.6301	0.4798	0.0000	0.2669	0.4705	0.1059	0.3886	0.8291	0.2714	1.0000	0.6125	0.0038	0.4421	0.7070	0.3651
0.8506	0.1171	0.5012	0.7696	1.0000	0.1498	0.4911	0.5290	0.4151	0.2626	0.0000	0.3560	0.4208	0.2714	1.0000	0.4091	0.3906	0.8671	0.6050	0.3420
0.0000	0.6083	0.2441	0.8617	0.6955	0.4113	0.4911	0.7179	0.8520	0.0000	0.8395	0.0868	0.5048	0.2653	0.6242	0.5082	0.1742	0.0000	0.6050	0.2841
0.4252	0.6083	0.5719	0.0000	0.7189	0.0000	0.4842	0.2003	0.0000	0.3921	0.6166	0.9636	0.8329	0.7965	0.5071	0.3915	0.3910	0.3786	0.0000	0.5893
0.0000	0.6097	0.4067	1.0000	0.7189	0.4021	0.4991	0.3566	0.6239	0.3921	0.9195	0.9191	0.2764	0.7986	0.4899	0.0000	0.4197	0.5035	0.6494	0.1633
1.0000	0.3836	0.6205	0.5855	0.6076	0.0365	0.4991	0.0000	0.9096	0.6134	0.0000	0.0000	0.1692	0.7040	0.8342	0.5370	0.4923	0.5035	0.0000	1.0000
0.3870	0.7395	0.2569	0.4983	0.5075	0.6189	0.5174	0.5213	0.4796	0.6017	0.0809	0.0000	0.0000	0.2786	0.0000	0.5178	0.4923	0.5035	0.0000	0.3000
0.4880	0.3916	1.0000	0.4983	0.5075	0.4032	0.4817	0.5945	0.6356	0.6017	0.8304	1.0000	0.3778	0.6780	1.0000	0.5178	0.6122	0.5035	0.3949	0.0000
0.5001	0.3916	1.0000	0.4983	0.5075	0.4023	0.4817	0.0000	0.3925	0.6017	0.0000	0.2677	0.0000	0.2687	0.2890	0.5178	0.6425	0.5035	0.3949	0.0000
0.5001	0.3916	0.6352	0.4983	0.5075	0.5129	0.4974	0.4852	0.3925	0.6017	0.7363	0.7098	0.5005	0.3894	0.6164	0.4953	0.6166	0.5035	0.4967	1.0000
0.5001	0.4956	0.3916	0.4983	0.5075	0.2651	0.5077	1.0000	0.0173	0.6017	0.6223	0.6046	1.0000	0.3894	0.6164	0.4953	0.5271	0.5035	0.4967	0.1538
0.5001	0.7057	0.2820	0.4983	0.5075	0.0000	0.5077	0.2457	0.6505	0.5913	0.4822	0.3841	0.6054	0.5028	0.5926	0.4953	0.6341	0.5114	0.7183	0.4047
0.5001	0.7542	0.2061	0.4983	0.5075	0.4814	0.5077	0.6296	1.0000	0.5913	0.2907	0.0000	0.6054	0.5028	0.6024	0.4953	0.1803	0.4126	0.3066	1.0000
0.5001	0.8911	0.3678	0.4973	0.5075	0.2829	0.5077	0.6152	0.0000	0.6100	0.3009	0.3470	1.0000	0.5028	0.6371	0.4953	0.4758	0.3563	0.4895	0.3567
0.5001	0.7193	0.0036	0.4973	0.5075	0.3703	0.5077	0.4931	0.0000	0.6100	0.3224	0.5703	0.9974	0.5940	0.7063	0.4953	0.4015	0.4040	0.2020	0.0000
0.5001	0.6196	0.3286	0.4973	0.5075	0.6107	0.5077	0.4931	0.2846	0.6100	0.2756	0.0000	1.0000	0.1599	0.3756	0.4953	0.4015	0.5147	0.0671	0.5178
0.5001	0.1034	0.5325	0.4973	0.5075	0.6107	0.5077	0.4931	0.2846	0.6100	0.5920	0.3944	0.5098	0.3982	0.6244	0.4953	0.5970	0.2984	0.4848	0.5178
0.5001	1.0000	0.0000	0.4973	0.5075	0.5108	0.5077	0.4931	0.2846	0.6100	0.0000	0.1498	0.3898	0.3906	0.1871	0.4953	0.4818	0.0000	0.4848	0.5178
0.5001	0.6235	0.7141	0.4973	0.5075	0.5108	0.5077	0.4931	0.2846	0.6100	0.5038	0.2755	0.3898	0.3906	0.3225	0.4953	0.5032	0.5128	0.4848	0.5178
0.5001	0.4844	0.5877	0.5182	0.5075	0.5108	0.5077	0.4931	0.7205	0.6100	0.5038	0.9114	0.3898	0.3906	0.9287	0.4953	0.5032	0.5128	0.4848	0.5178
0.5001	0.3950	0.5877	0.5182	0.5075	0.5108	0.5077	0.4931	0.2660	0.6100	0.5038	0.5045	0.5984	0.3782	0.4827	0.4953	0.5196	0.3956	0.4848	0.2511
0.5001	0.6049	0.4846	0.5182	0.5075	0.5149	0.5077	0.4931	0.6080	0.6100	0.5038	0.5045	0.5984	0.3782	0.3921	0.4953	0.5196	0.3956	0.5103	0.6333
0.5001	0.6049	0.4846	0.5182	0.5075	0.5149	0.5077	0.4931	0.6080	0.6100	0.5158	0.5045	0.5984	0.3782	0.3921	0.4953	0.5196	0.3956	0.5103	0.4965
0.5001	0.6455	0.4846	0.5182	0.5075	0.5149	0.5077	0.4931	0.3843	0.6100	0.5158	0.7088	0.3749	0.3782	0.3842	0.4953	0.5994	0.3956	0.5103	0.4965
0.5001	0.4190	0.5219	0.2874	0.5075	0.5149	0.5077	0.4931	0.4045	0.5948	0.5158	0.7088	0.3749	0.3782	0.3842	0.4953	0.7183	0.3956	0.3999	0.4965
0.5001	0.8304	0.6082	0.2874	0.5075	0.5149	0.5077	0.4931	0.4045	0.5948	0.5158	0.7088	0.3749	0.5073	0.3842	0.4953	0.3996	0.3956	0.3999	0.4965
0.5001	0.8096	0.6082	0.5183	0.5075	0.5149	0.5077	0.4931	0.4045	0.5948	0.5158	0.6465	0.3749	0.5073	0.3842	0.4953	0.4924	0.5023	0.3999	0.4965
0.6100	0.4938	0.6082	0.5183	0.5075	0.5149	0.5077	0.4931	0.4045	0.5948	0.5158	0.2755	0.3749	0.5073	0.3842	0.4953	0.3878	0.5023	0.3999	0.4965
0.6100	0.6425	0.6086	0.5183	0.5075	0.5149	0.5077	0.4889	0.5117	0.5948	0.5158	0.5135	0.3749	0.3950	0.3842	0.4953	0.3878	0.5023	0.3999	0.4965
0.6100	0.9013	0.6086	0.5183	0.5075	0.5149	0.5077	0.4889	0.5117	0.5948	0.1569	0.5135	0.6111	0.3950	0.4943	0.4953	0.3878	0.5023	0.3999	0.4965
0.6100	0.0000	0.6086	0.6021	0.5075	0.5149	0.5077	0.4889	0.2746	0.5948	0.7320	0.5135	0.6111	0.3950	0.4943	0.4953	0.5090	0.5023	0.3999	0.4965
0.4191	0.4764	0.6086	0.6021	0.5075	0.5149	0.5077	0.4889	0.3789	0.5948	0.4815	0.5135	0.6111	0.3950	0.4943	0.4953	0.5090	0.5023	0.3999	0.4965
0.4861	0.3745	0.6086	0.6021	0.5075	0.5149	0.5077	0.5124	0.3789	0.5948	0.4815	0.5135	0.6111	0.5071	0.4943	0.4953	0.5090	0.5023	0.3999	0.4965
0.5067	0.3745	0.6086	0.6021	0.5075	0.5149	0.5077	0.5124	0.4861	0.5948	0.4815	0.5135	0.6111	0.5071	0.4943	0.4953	0.5090	0.5023	0.3999	0.4965
0.5067	0.3745	0.6086	0.6021	0.5075	0.5149	0.5077	0.3819	0.4861	0.3909	0.5251	0.5135	0.6111	0.5071	0.4943	0.4953	0.5090	0.5023	0.3999	0.4965
0.6088	0.3745	0.6086	0.6021	0.6171	0.5149	0.5077	0.3819	0.2867	0.4877	0.7201	0.5135	0.6111	0.5071	0.4943	0.4953	0.5090	0.5023	0.3999	0.4965
0.6088	0.6253	0.6086	0.6021	0.6171	0.5149	0.5077	0.3819	0.4889	0.4877	0.7201	0.5135	0.6111	0.5023	0.4943	0.4953	0.5090	0.5023	0.3999	0.4965
0.6088	0.6253	0.6086	0.6021	0.6171	0.5149	0.5077	0.3819	0.4889	0.4877	0.7201	0.5135	0.6111	0.5023	0.4943	0.4953	0.5090	0.5023	0.3999	0.4965
0.6088	0.5080	0.6086	0.6021	0.6171	0.5149	0.5077	0.3806	0.4889	0.4877	0.5088	0.6113	0.6111	0.5023	0.4943	0.4953	0.5090	0.5023	0.3999	0.4965
0.3910	0.3844	0.6086	0.6021	0.6171	0.5072	0.5077	0.3806	0.4889	0.4877	0.5088	0.6113	0.6111	0.5023	0.4943	0.4953	0.5090	0.5023	0.3904	0.4965
0.3910	0.3844	0.3890	0.6021	0.6171	0.5001	0.5077	0.3806	0.4889	0.4877	0.5088	0.6113	0.6111	0.5023	0.4943	0.4953	0.5090	0.5023	0.3904	0.4965
0.3910	0.3844	0.3890	0.6021	0.6171	0.5001	0.5077	0.4996	0.4889	0.4877	0.5088	0.6113	0.6111	0.5023	0.4943	0.4953	0.5090	0.5023	0.3904	0.4965
0.5119	0.3844	0.3890	0.6021	0.6171	0.5001	0.5077	0.4996	0.4889	0.4877	0.5088	0.6113	0.6111	0.5023	0.4943	0.4953	0.5090	0.5023	0.3904	0.4965
0.5119	0.3844	0.3890	0.6021	0.6171	0.5001	0.5077	0.4996	0.4839	0.4877	0.5088	0.6113	0.6111	0.5023	0.4943	0.4953	0.5090	0.5023	0.3904	0.4965
0.5119	0.3844	0.3890	0.6021	0.6171	0.5001	0.5077	0.4996	0.4839	0.6119	0.5088	0.6113	0.6111	0.5023	0.4943	0.4953	0.5090	0.5023	0.3904	0.4965
0.5119	0.3844	0.4984	0.3890	0.6171	0.5001	0.5077	0.4996	0.4839	0.6119	0.5088	0.6113	0.6111	0.5023	0.4943	0.4953	0.5090	0.5023	0.3904	0.4965
0.5119	0.3844	0.4984	0.3890	0.6171	0.5001	0.5077	0.4996	0.4839	0.6119	0.4875	0.6113	0.6111	0.5023	0.4943	0.4953	0.5090	0.5023	0.3904	0.4965
0.5119	0.3844	0.4984	0.3890	0.6171	0.5001	0.5077	0.4996	0.4839	0.6119	0.4875	0.6113	0.6111	0.5023	0.4994	0.4953	0.5090	0.5023	0.3904	0.4965
0.5119	0.3844	0.4984	0.3890	0.6171	0.5001	0.5077	0.4996	0.4839	0.6119	0.5019	0.6113	0.6111	0.5023	0.4994	0.4953	0.5090	0.5023	0.3904	0.4965
0.5119	0.3844	0.4984	0.3890	0.6171	0.5001	0.5077	0.4996	0.4839	0.6119	0.5019	0.6113	0.6133	0.5023	0.4994	0.4953	0.5090	0.5023	0.3904	0.4965
0.5119	0.3844	0.4903	0.3890	0.6171	0.5001	0.5077	0.4996	0.4839	0.6119	0.5019	0.6113	0.6133	0.5023	0.4994	0.4953	0.5090	0.5023	0.3904	0.4965
0.5119	0.3844	0.4903	0.3890	0.6171	0.5001	0.5077	0.4996	0.4839	0.6119	0.3940	0.6113	0.6133	0.5023	0.4994	0.4953	0.5090	0.5023	0.3904	0.5052
0.5119	0.3844	0.4903	0.3890	0.6171	0.5001	0.5077	0.4996	0.4839	0.6119	0.4014	0.6113	0.6133	0.5023	0.4994	0.4953	0.5090	0.5023	0.3904	0.5052
0.5119	0.3844	0.4903	0.3890	0.6171	0.5001	0.5077	0.4996	0.4943	0.6119	0.4014	0.6113	0.6133	0.5023	0.4994	0.4953	0.5090	0.5023	0.3904	0.5052
0.5119	0.3844	0.4903	0.3890	0.6171	0.5001	0.5077	0.4996	0.4943	0.6119	0.4014	0.6113	0.6133	0.5023	0.4994	0.4953	0.5090	0.5023	0.3904	0.5052
0.5119	0.3844	0.4903	0.3890	0.6171	0.5001	0.5077	0.4969	0.4943	0.6119	0.4014	0.6113	0.6133	0.5023	0.4994	0.4953	0.5090	0.5023	0.3904	0.5052
0.5119	0.3844	0.5053	0.3890	0.6171	0.5001	0.5077	0.4969	0.4943	0.6119	0.3862	0.6113	0.6133	0.5023	0.4994	0.4953	0.5090	0.5074	0.3904	0.5052
0.5119	0.3844	0.5053	0.3890	0.6061	0.5001	0.5077	0.4969	0.4943	0.6119	0.3862	0.6113	0.6133	0.5023	0.4994	0.4953	0.5090	0.5074	0.3904	0.5052
0.5119	0.3844	0.5053	0.3890	0.6061	0.5001	0.5077	0.4969	0.4943	0.6119	0.3862	0.6113	0.6133	0.5023	0.4994	0.4953	0.5090	0.5074	0.3904	0.5003
0.5119	0.3844	0.5053	0.3890	0.6061	0.5001	0.5077	0.4969	0.4943	0.6119	0.3862	0.6113	0.6133	0.5023	0.4994	0.4953	0.5090	0.5074	0.3904	0.5003
0.5119	0.3844	0.5053	0.3890	0.6061	0.5001	0.5077	0.4969	0.4943	0.6119	0.3862	0.6113	0.6133	0.5023	0.4994	0.4953	0.5090	0.5074	0.3904	0.5003
0.5119	0.3844	0.5053	0.3890	0.6061	0.5068	0.5077	0.4969	0.4943	0.6119	0.3862	0.6113	0.6133	0.5023	0.4994	0.4953	0.5090	0.5074	0.3904	0.5003
0.5119	0.3844	0.5053	0.3890	0.6061	0.5068	0.5077	0.4969	0.4943	0.6119	0.3862	0.6113	0.6133	0.5023	0.4994	0.4953	0.5090	0.5074	0.3904	0.5005
0.5119	0.3844	0.5053	0.3890	0.6061	0.5068	0.5077	0.4969	0.4943	0.6119	0.3862	0.6113	0.6133	0.5023	0.4994	0.4953	0.5090	0.5074	0.3904	0.5005
0.5119	0.3844	0.5053	0.3890	0.6061	0.5068	0.5077	0.4969	0.4943	0.6119	0.3862	0.6113	0.6133	0.5023	0.4994	0.4953	0.5090	0.5074	0.3904	0.5005
0.5119	0.3844	0.5053	0.3890	0.6061	0.5068	0.5077	0.4969	0.4943	0.6119	0.3862	0.6113	0.6133	0.5023	0.4994	0.4953	0.5090	0.5074	0.3904	0.5005
0.5089	0.3844	0.5053	0.3890	0.6061	0.5068	0.5077	0.4969	0.4943	0.6119	0.3862	0.6113	0.6133	0.5023	0.4994	0.4953	0.5090	0.5074	0.3904	0.5005
0.5089	0.5022	0.5053	0.3890	0.6061	0.5068	0.5077	0.4969	0.4943	0.6119	0.4945	0.6113	0.6133	0.5023	0.4994	0.4953	0.5090	0.5074	0.3904	0.5005
0.5089	0.5022	0.5053	0.3890	0.6061	0.5068	0.5077	0.4969	0.4943	0.6119	0.4945	0.6113	0.6133	0.5023	0.4994	0.4953	0.5090	0.5074	0.3904	0.5005
0.6165	0.5022	0.5053	0.3890	0.6061	0.5068	0.5077	0.4969	0.4943	0.6119	0.4945	0.6113	0.6133	0.5023	0.4994	0.4953	0.5090	0.5074	0.3904	0.5005
0.6165	0.5022	0.5053	0.3890	0.6061	0.5068	0.5077	0.4969	0.4943	0.6100	0.4945	0.6113	0.3816	0.5023	0.4994	0.4953	0.5090	0.5074	0.3904	0.5005
0.6165	0.5022	0.5053	0.3890	0.6061	0.5068	0.5077	0.4969	0.4943	0.6100	0.4945	0.6113	0.3816	0.5023	0.4994	0.4953	0.5138	0.5074	0.3904	0.5005
0.6165	0.5022	0.5053	0.3890	0.6061	0.5068	0.5077	0.4969	0.4943	0.6100	0.4945	0.6113	0.3816	0.5023	0.4994	0.4953	0.5138	0.5074	0.3904	0.5005
0.6165	0.5022	0.5053	0.3890	0.6061	0.5068	0.5077	0.4969	0.4943	0.6100	0.4945	0.6113	0.3816	0.5023	0.4994	0.4953	0.5138	0.5074	0.3904	0.5005
0.6165	0.5022	0.5053	0.3890	0.6061	0.5068	0.5074	0.4969	0.4943	0.6100	0.4945	0.6113	0.5142	0.5023	0.4994	0.4953	0.5138	0.5074	0.3904	0.5005
0.6165	0.5022	0.5053	0.3890	0.6061	0.5068	0.5074	0.4969	0.4943	0.6100	0.4945	0.6113	0.5142	0.5023	0.4994	0.4953	0.5138	0.5074	0.3904	0.5005
0.5073	0.5022	0.5053	0.3890	0.6061	0.5068	0.5074	0.4969	0.4943	0.6100	0.4945	0.6113	0.5142	0.5023	0.4994	0.4953	0.5138	0.5074	0.3904	0.5005
0.5073	0.5022	0.5061	0.3890	0.6061	0.5068	0.5074	0.4969	0.4943	0.6100	0.4945	0.6113	0.5142	0.5023	0.4994	0.4953	0.5138	0.5074	0.3904	0.5005
0.5073	0.5022	0.5061	0.3890	0.6061	0.5068	0.5074	0.4969	0.4943	0.6100	0.4945	0.6113	0.5142	0.5023	0.4994	0.4953	0.5138	0.5074	0.3904	0.5005
0.5073	0.5022	0.5061	0.3890	0.6061	0.5068	0.5074	0.4969	0.4943	0.6100	0.4945	0.6113	0.5142	0.5023	0.4994	0.4953	0.5138	0.5074	0.3904	0.5005
0.5073	0.5022	0.5061	0.3890	0.6061	0.5068	0.5074	0.4969	0.4943	0.6100	0.4945	0.6113	0.5142	0.5023	0.4994	0.4953	0.5138	0.5074	0.3904	0.5005
0.5073	0.5022	0.5061	0.5087	0.6061	0.5068	0.5074	0.4969	0.4943	0.6100	0.4945	0.6113	0.5142	0.5023	0.4994	0.4953	0.5138	0.5074	0.3904	0.5005
0.5073	0.5022	0.5061	0.5087	0.6061	0.5068	0.5074	0.4969	0.4943	0.6100	0.4945	0.6113	0.5142	0.5023	0.4994	0.4953	0.5138	0.5074	0.3904	0.5005
0.5073	0.5022	0.5061	0.5087	0.6061	0.5068	0.5074	0.4969	0.4943	0.6100	0.4945	0.6113	0.5142	0.5023	0.4994	0.4953	0.5138	0.5074	0.3904	0.5005
0.5073	0.5022	0.5061	0.5087	0.6061	0.5068	0.5074	0.4969	0.5058	0.6100	0.4945	0.6113	0.5142	0.5023	0.4994	0.4953	0.5138	0.5074	0.3904	0.5005
0.5073	0.5022	0.5061	0.5028	0.6061	0.5068	0.5074	0.4969	0.5058	0.6100	0.4945	0.6113	0.5142	0.5023	0.4994	0.4953	0.5138	0.5074	0.3904	0.5005
0.5073	0.5022	0.5061	0.5028	0.6061	0.5068	0.5074	0.4969	0.5058	0.6100	0.4945	0.6113	0.5142	0.5023	0.4994	0.4953	0.4953	0.5074	0.3904	0.5005
0.5073	0.5022	0.5061	0.5028	0.6061	0.5068	0.5074	0.4969	0.5058	0.6100	0.4945	0.6113	0.5142	0.5023	0.4994	0.4953	0.4953	0.5074	0.3904	0.5005
0.5073	0.5022	0.5061	0.5028	0.6061	0.5068	0.5074	0.4969	0.5058	0.6100	0.4945	0.6113	0.5142	0.5023	0.4994	0.4953	0.4953	0.5074	0.3904	0.5005
0.5073	0.5022	0.5061	0.5028	0.6061	0.5068	0.5074	0.4969	0.5058	0.6100	0.4945	0.6113	0.5142	0.4943	0.4994	0.4953	0.4953	0.5074	0.3904	0.5005
0.5073	0.5022	0.5061	0.5028	0.6061	0.5068	0.5074	0.4969	0.5058	0.6100	0.4945	0.6113	0.5142	0.4943	0.4994	0.4953	0.4953	0.5074	0.3904	0.5005
0.5073	0.5022	0.5061	0.5028	0.6061	0.4989	0.5074	0.4969	0.5058	0.6100	0.4945	0.6113	0.3837	0.4943	0.4994	0.4953	0.4953	0.5074	0.3904	0.5005
0.5073	0.5022	0.5061	0.5028	0.6061	0.4989	0.5074	0.4969	0.5058	0.6100	0.4945	0.6113	0.3837	0.4943	0.4994	0.4953	0.4953	0.5074	0.3904	0.5005
0.5073	0.5022	0.5061	0.5028	0.6061	0.4989	0.5074	0.4969	0.5058	0.6100	0.4945	0.6113	0.3837	0.4943	0.4994	0.4953	0.4953	0.5074	0.3904	0.5005
0.5073	0.5022	0.5061	0.5028	0.6061	0.4989	0.5074	0.4969	0.5058	0.6100	0.4945	0.6113	0.3837	0.4943	0.4994	0.4953	0.4953	0.5074	0.3904	0.5005
0.5073	0.5022	0.5061	0.5028	0.6061	0.4989	0.5074	0.4969	0.5058	0.6100	0.4945	0.5100	0.3837	0.4943	0.4994	0.4953	0.4953	0.5074	0.3904	0.5005
0.5073	0.5022	0.5061	0.5028	0.6061	0.4989	0.5074	0.4969	0.5058	0.6100	0.4945	0.5100	0.3837	0.4943	0.4994	0.4953	0.4953	0.5074	0.3904	0.5005
0.5073	0.5022	0.5061	0.5028	0.6061	0.4989	0.5074	0.4969	0.5058	0.6100	0.4945	0.5100	0.3837	0.4943	0.4994	0.4953	0.4953	0.5074	0.3904	0.5005
0.5073	0.5022	0.5061	0.5028	0.6061	0.4989	0.5074	0.4969	0.5058	0.6100	0.4945	0.5100	0.3837	0.4943	0.4994	0.4953	0.4953	0.5074	0.3904	0.5005
