0.6941	0.3740	0.6961	0.9161	0.7178	0.2591	0.0590	0.1751	0.3091	0.8003	0.3427	0.7382	0.8414	0.5237	0.9573	0.0500	0.8521	0.3623	0.0940	0.2724
1.0000	0.7298	0.5010	0.4529	0.2976	0.0000	0.4929	0.5004	0.4759	0.3150	1.0000	0.2408	0.8062	0.6685	0.1848	0.7006	0.5150	0.0573	0.9110	0.4900
0.6435	0.4250	0.5143	0.1945	0.0000	0.7025	0.5052	0.7035	0.3136	0.6304	0.4865	0.7257	0.6900	0.4047	0.7831	1.0000	0.9143	0.3212	0.6250	0.6872
0.2560	0.4598	1.0000	0.6594	0.0000	0.7221	0.5101	0.7052	0.3532	1.0000	0.4865	0.4015	0.0000	0.7086	0.0000	0.3798	1.0000	0.5234	0.4573	0.3104
0.5124	0.5094	0.7189	0.4483	0.9373	0.8803	0.2250	0.5065	0.0000	0.8987	0.4865	0.2620	0.2264	0.5125	0.0000	0.2822	0.1632	1.0000	1.0000	0.0813
0.3406	0.5094	0.0000	0.4796	0.5858	0.4992	0.0000	0.5065	0.6891	0.7066	0.4865	0.5611	1.0000	0.5125	0.2133	0.9043	0.0000	0.1083	0.2933	0.4700
0.4878	0.5094	0.5262	0.8541	0.4820	0.4992	0.1853	0.4886	0.4952	0.7072	0.4865	0.4834	0.5381	0.5125	0.1811	1.0000	0.6245	0.4723	0.3625	0.5500
0.4878	0.5094	0.3592	0.7398	0.6228	0.4992	0.2991	0.4886	0.4436	0.2838	0.4933	0.4834	1.0000	0.5125	0.4688	0.6013	0.7142	0.5183	0.5049	0.0000
0.4878	0.5094	0.5695	0.6942	0.1048	0.5337	0.9154	0.4886	0.5390	1.0000	0.3014	0.4834	0.5865	0.5125	0.0000	0.0000	0.5178	0.5183	0.5498	0.6897
0.4878	0.5094	0.5046	0.0430	0.3251	1.0000	1.0000	0.4886	0.8964	0.8240	0.1502	0.4834	0.0688	0.5125	0.7721	0.4257	0.2918	0.5183	0.4748	0.3479
0.3002	0.5094	0.4972	0.5039	1.0000	0.1797	0.0000	0.4886	0.5309	0.9350	0.0142	0.4834	0.2582	0.5084	1.0000	0.3078	0.7196	0.5183	0.3113	0.0000
0.2982	0.5094	0.2268	0.5039	0.4783	0.4597	0.5239	0.4886	0.0000	0.4161	0.1654	0.4834	0.0000	0.5084	0.4417	0.0000	0.4657	0.1613	0.5267	0.4998
0.8647	0.5094	0.4814	0.5039	0.4783	0.0000	0.5057	0.4886	0.5828	0.2596	0.8960	0.4834	0.5348	0.5084	0.4901	0.0703	0.7646	0.4128	0.5438	0.6804
0.5021	0.5094	0.4723	1.0000	0.4783	0.5153	0.4881	0.4886	0.1808	0.5389	0.5315	0.4834	0.3087	0.5084	0.1259	0.2756	0.2005	0.6616	1.0000	0.9651
0.2933	0.5094	0.0592	0.3258	0.4783	0.5153	0.4824	0.4886	0.2899	0.2835	0.7246	0.4834	0.3087	0.5084	0.4832	0.6926	0.5026	0.5074	0.0000	0.7055
0.9111	0.5094	0.8160	0.4860	0.4783	0.5180	0.4824	0.4886	0.3014	0.4951	0.8539	0.4834	0.5488	0.5084	0.4907	1.0000	0.3626	0.6866	0.8542	1.0000
0.7189	0.5094	0.4812	0.4097	0.4783	0.1214	0.7191	0.4886	0.9171	0.4951	0.0000	0.5049	0.7473	0.5084	0.5344	0.2898	0.4715	0.6866	0.6782	1.0000
0.4610	0.5094	0.5252	0.2953	0.3143	1.0000	0.0000	0.4886	0.8254	0.4824	0.2732	0.5049	0.5524	0.5084	0.7104	0.2898	0.4693	0.6866	0.6782	0.3751
0.4610	0.5094	0.9999	0.2375	0.2891	0.1807	0.3131	0.1754	0.4935	0.4824	0.6945	0.5049	0.5032	0.5084	1.0000	0.3168	0.3160	0.6866	0.6782	0.2166
0.5018	0.5094	1.0000	1.0000	0.5099	0.5065	0.3131	0.7192	0.4935	0.4792	0.4831	0.7000	0.3416	0.5084	1.0000	0.6873	0.3160	0.6866	0.1169	0.5256
0.4984	0.5094	0.6979	0.7375	0.3022	0.3323	0.3131	0.1554	0.4935	0.4792	0.4831	0.7000	0.5275	0.5084	1.0000	0.7201	0.7058	0.4355	0.0000	0.5256
0.6945	0.5094	0.3200	0.6084	0.4684	1.0000	0.5399	0.5306	0.4935	0.6785	0.4831	0.7000	0.5275	0.5084	0.9883	0.3153	0.2270	0.1242	0.4933	0.5256
0.6945	0.5094	0.8026	0.9469	0.4684	0.7244	0.3169	0.0000	0.4935	0.4716	0.4810	0.5064	0.5275	0.5084	0.4445	0.3153	0.0986	0.3069	0.4499	0.5256
0.7085	0.5094	0.5206	0.6833	0.6744	0.4596	0.3169	0.0000	0.4935	0.7074	0.4810	0.5064	0.5275	0.0773	0.0000	0.3153	0.3017	0.5995	0.5637	0.5256
0.5046	0.5094	0.5206	0.6833	0.6744	0.4842	0.4929	0.7320	0.4935	0.7074	0.4810	0.5064	0.5275	0.6777	0.0000	0.5335	0.6765	0.5282	0.4910	0.5256
0.5046	0.5094	0.5206	0.4832	0.6744	0.3285	0.4929	0.8339	0.5242	0.5208	0.4810	0.4887	0.5275	0.5351	0.5475	0.5335	0.5014	0.5155	0.4733	0.4753
0.5046	0.5094	0.5206	0.4832	0.6662	0.4910	0.4929	0.3027	0.4729	0.5208	0.4810	0.3291	0.5275	0.1245	0.0534	0.5335	0.5041	0.3174	0.5009	0.4753
0.5046	0.5094	0.5206	0.4832	0.3216	0.3142	0.4929	0.5212	0.3245	0.4764	0.4810	0.4561	0.4853	0.0000	0.1842	0.4560	0.5041	0.5057	0.5084	0.4753
0.5046	0.5094	0.5206	0.4832	0.7019	0.5257	0.4929	0.5212	0.3245	0.4764	0.4810	0.4561	0.5079	0.7208	0.0000	0.5293	0.5041	0.5074	0.5084	0.4735
0.5046	0.5094	0.6920	0.4832	0.6678	0.5257	0.4929	0.5212	0.3245	0.5174	0.5000	0.4561	0.5079	0.5310	0.1778	0.5293	0.5041	0.5202	0.4898	0.4735
0.6981	0.5094	1.0000	0.4832	0.4992	0.5036	0.4929	0.5212	0.3245	0.5174	0.4975	0.5050	0.5079	0.6778	0.3166	0.5293	0.5041	0.5202	0.4969	0.4907
0.6981	0.5094	0.0000	0.6865	0.3318	0.5036	0.4929	0.5212	0.3245	0.5174	0.4975	0.4695	0.5079	0.4930	0.5426	0.2960	0.5041	0.5202	0.4969	0.4907
0.6702	0.5094	0.6884	0.6865	0.4626	0.5036	0.4929	0.5212	0.3245	0.5174	0.4975	0.4695	0.5079	0.4930	0.7135	0.2960	0.5041	0.5202	0.4969	0.4907
0.4707	0.5094	0.2907	0.4918	0.2786	0.5036	0.4929	0.5212	0.7469	0.5174	0.4975	0.4695	0.5079	0.4668	0.2774	0.4768	0.5041	0.5202	0.4969	0.4907
0.4707	0.5094	0.2907	0.4918	0.3036	0.5036	0.4929	0.5212	0.6970	0.5174	0.4975	0.2804	0.5079	0.4668	0.2774	0.4768	0.5041	0.5202	0.4969	0.4907
0.5406	0.5094	0.2907	0.4918	0.3036	0.5036	0.4929	0.5212	0.5191	0.5310	0.5004	0.2804	0.5079	0.4668	0.6789	0.4768	0.5041	0.5202	0.4969	0.4907
0.5406	0.5094	0.2907	0.4918	0.3036	0.5036	0.4929	0.5212	0.5191	0.5046	0.5004	0.2804	0.5079	0.4668	0.6789	0.4768	0.5041	0.5202	0.4969	0.4907
0.3293	0.5094	0.5159	0.5119	0.3036	0.5036	0.4929	0.5063	0.5191	0.4958	0.5004	0.2804	0.5116	0.4668	0.5193	0.4768	0.5041	0.5202	0.4969	0.4907
0.3293	0.5094	0.5159	0.5117	0.3036	0.5036	0.4929	0.5063	0.5191	0.4958	0.5004	0.2804	0.5116	0.3012	0.5193	0.4768	0.5041	0.5202	0.4969	0.4907
0.3293	0.5094	0.5159	0.5117	0.3036	0.5036	0.4929	0.2836	0.5191	0.4958	0.5004	0.2804	0.5116	0.4898	0.5293	0.3197	0.5031	0.5202	0.4969	0.4907
0.3293	0.5094	0.5159	0.5117	0.3072	0.5036	0.4929	0.5358	0.5191	0.4958	0.5004	0.5254	0.5116	0.4898	0.5293	0.5228	0.5031	0.5202	0.4969	0.4907
0.4591	0.5094	0.5159	0.5117	0.3072	0.5036	0.4929	0.4918	0.5191	0.4958	0.5004	0.5254	0.5116	0.4898	0.5226	0.5228	0.5031	0.5202	0.4969	0.4907
0.2971	0.5094	0.5159	0.5117	0.4976	0.5036	0.4929	0.4918	0.5191	0.4958	0.5004	0.4697	0.5116	0.4898	0.5226	0.5228	0.5031	0.5202	0.4969	0.4907
0.2971	0.5094	0.5159	0.5117	0.4976	0.5036	0.4929	0.6582	0.5191	0.4958	0.5004	0.4697	0.5116	0.4898	0.3385	0.5228	0.5031	0.5202	0.4969	0.4907
0.2971	0.5094	0.2710	0.4847	0.4976	0.5036	0.5110	0.2995	0.5191	0.5094	0.5004	0.4697	0.5116	0.4898	0.3385	0.5228	0.5031	0.5202	0.4969	0.4907
0.7185	0.5094	0.5117	0.5238	0.4912	0.5036	0.5110	0.6736	0.5191	0.5094	0.5004	0.3014	0.5116	0.4898	0.3385	0.5128	0.5031	0.5202	0.4969	0.4907
0.7185	0.5094	0.5117	0.5238	0.4912	0.5036	0.5110	0.6736	0.5191	0.5094	0.5004	0.3014	0.5116	0.4898	0.5303	0.5128	0.5031	0.5202	0.4969	0.4907
0.4990	0.5094	0.5117	0.5238	0.4912	0.5036	0.4804	0.6886	0.5191	0.5094	0.5004	0.3014	0.5116	0.4898	0.5303	0.5128	0.5031	0.5202	0.4969	0.4907
0.4990	0.5094	0.4920	0.5238	0.4853	0.5036	0.4804	0.5120	0.5191	0.5094	0.5004	0.3014	0.5063	0.4898	0.5257	0.5128	0.5031	0.5202	0.4969	0.4907
0.4990	0.5094	0.4920	0.5238	0.5115	0.5036	0.5066	0.5120	0.5191	0.5094	0.5004	0.5290	0.5063	0.4898	0.5257	0.5128	0.5031	0.5202	0.4969	0.4907
0.4990	0.5094	0.4920	0.5238	0.5115	0.5036	0.5066	0.5120	0.5191	0.5094	0.5004	0.5290	0.5063	0.4898	0.5257	0.5128	0.5031	0.5202	0.4969	0.4907
0.4990	0.5094	0.4920	0.5238	0.5115	0.5036	0.5066	0.5012	0.5191	0.5094	0.5004	0.5290	0.5063	0.4898	0.5257	0.5128	0.5031	0.4993	0.4969	0.4907
0.4990	0.5094	0.4920	0.5398	0.5115	0.5036	0.5066	0.5012	0.5191	0.5094	0.5004	0.5245	0.5063	0.4898	0.5257	0.5128	0.5031	0.4993	0.4969	0.4907
0.4990	0.5094	0.4920	0.5398	0.5115	0.5036	0.5066	0.5012	0.5191	0.5094	0.5004	0.5245	0.5063	0.4898	0.5257	0.5128	0.5031	0.4993	0.4969	0.4907
0.4990	0.5094	0.4920	0.5398	0.5115	0.5036	0.5066	0.5012	0.5191	0.5094	0.5004	0.5245	0.5063	0.4977	0.5257	0.5128	0.5031	0.4993	0.4969	0.4907
0.4656	0.5094	0.4928	0.5053	0.5115	0.5036	0.5066	0.5012	0.5191	0.5094	0.5004	0.5245	0.5063	0.4977	0.5137	0.5128	0.5031	0.4993	0.4969	0.4907
0.3009	0.5094	0.4928	0.5053	0.5115	0.5036	0.5184	0.4736	0.5191	0.5094	0.5004	0.5004	0.5063	0.4977	0.5137	0.5128	0.5031	0.4993	0.4969	0.4907
0.3009	0.5094	0.4928	0.5053	0.5115	0.5036	0.5184	0.4736	0.5191	0.5094	0.5004	0.5004	0.5063	0.4977	0.5137	0.5128	0.5031	0.4993	0.4969	0.4907
0.2899	0.5094	0.4928	0.5053	0.5115	0.5036	0.5184	0.4736	0.5191	0.5094	0.5004	0.5004	0.5063	0.4977	0.5137	0.5128	0.5031	0.4874	0.4969	0.4907
0.2899	0.5094	0.4928	0.2952	0.5115	0.5036	0.4729	0.4736	0.5191	0.5094	0.5004	0.5004	0.5063	0.4977	0.5137	0.5128	0.5031	0.4874	0.4969	0.4907
0.6858	0.5094	0.4928	0.2952	0.5115	0.5036	0.4729	0.4736	0.5191	0.5094	0.5004	0.5004	0.5063	0.4977	0.5137	0.5128	0.5031	0.4874	0.4969	0.4907
0.6858	0.5094	0.4928	0.2952	0.5115	0.5036	0.4729	0.4736	0.5191	0.5094	0.5004	0.5004	0.5063	0.4977	0.5137	0.5128	0.5031	0.4874	0.4969	0.4907
0.6858	0.5094	0.4928	0.5285	0.5115	0.5036	0.4729	0.4736	0.5191	0.5094	0.5004	0.5004	0.5063	0.4977	0.5137	0.5128	0.5031	0.4874	0.4969	0.4907
0.6858	0.5094	0.5063	0.3156	0.5115	0.5036	0.4729	0.4736	0.5191	0.5094	0.5004	0.5004	0.5063	0.4977	0.5137	0.5128	0.5031	0.4874	0.4969	0.4907
0.6858	0.5094	0.5063	0.3156	0.5115	0.5036	0.4729	0.4736	0.5191	0.5094	0.5004	0.5004	0.5063	0.4977	0.5137	0.5128	0.5031	0.4874	0.4969	0.4907
0.4791	0.5094	0.5063	0.3156	0.5115	0.5036	0.4729	0.4736	0.5191	0.5094	0.5004	0.5004	0.5063	0.4977	0.5137	0.5128	0.5031	0.4874	0.4969	0.4907
0.4791	0.5094	0.5063	0.3156	0.5115	0.5036	0.4729	0.4736	0.5191	0.5094	0.5004	0.5004	0.5063	0.5003	0.5137	0.5128	0.5031	0.4874	0.4969	0.4907
0.4791	0.5094	0.5063	0.3156	0.5115	0.5036	0.4729	0.5043	0.5191	0.5094	0.5004	0.5004	0.5063	0.5003	0.5271	0.5128	0.5031	0.4874	0.4969	0.4907
0.4791	0.5094	0.5063	0.5060	0.5115	0.5036	0.4729	0.5043	0.5191	0.5094	0.5004	0.5004	0.5063	0.5003	0.5271	0.5128	0.5031	0.4874	0.4969	0.4907
0.4791	0.5094	0.5063	0.5060	0.5115	0.5036	0.4729	0.5043	0.5191	0.5094	0.5004	0.5004	0.5063	0.5003	0.5271	0.5128	0.5031	0.4874	0.4969	0.4907
0.4791	0.5094	0.5063	0.5060	0.5115	0.5036	0.4729	0.5043	0.5191	0.5094	0.5004	0.5004	0.5063	0.5003	0.5271	0.5128	0.5031	0.4874	0.4969	0.4907
0.4791	0.5094	0.5178	0.5060	0.5115	0.5036	0.4729	0.5043	0.5191	0.5094	0.5004	0.5004	0.5063	0.5003	0.5271	0.5128	0.5031	0.4874	0.4969	0.4907
0.4791	0.5094	0.5178	0.5060	0.5115	0.5036	0.4729	0.5043	0.5191	0.5094	0.5004	0.5004	0.5063	0.5003	0.5271	0.5128	0.5031	0.4874	0.4969	0.4907
0.4791	0.5094	0.5178	0.5060	0.5115	0.5036	0.4729	0.5043	0.5191	0.5094	0.5004	0.5154	0.5063	0.5003	0.5271	0.5128	0.5031	0.4874	0.4969	0.4907
0.4791	0.4842	0.5178	0.5143	0.5115	0.5036	0.4729	0.4824	0.5191	0.5094	0.5004	0.5154	0.5063	0.5003	0.5271	0.5128	0.5031	0.4874	0.4969	0.4907
0.4791	0.4842	0.5178	0.5143	0.5115	0.5036	0.4729	0.4824	0.5191	0.5094	0.5004	0.5154	0.5063	0.5003	0.5271	0.5128	0.5031	0.4874	0.4969	0.4907
0.4791	0.4842	0.5178	0.5143	0.5115	0.5036	0.4729	0.4824	0.5191	0.5094	0.5004	0.5154	0.5063	0.5003	0.5271	0.5128	0.5031	0.4874	0.4969	0.4907
0.4791	0.4842	0.5178	0.5143	0.5115	0.5036	0.4729	0.4824	0.5191	0.5094	0.5004	0.5176	0.5063	0.5003	0.5271	0.5128	0.5031	0.4874	0.4969	0.4907
0.4791	0.4842	0.5178	0.5143	0.5115	0.5036	0.4729	0.4824	0.5191	0.5034	0.5004	0.5176	0.5063	0.5003	0.5271	0.5128	0.5031	0.4874	0.4969	0.4907
0.4791	0.4842	0.5178	0.5143	0.5115	0.5036	0.4729	0.4824	0.5191	0.5034	0.5004	0.5176	0.5063	0.5003	0.5271	0.5128	0.5031	0.4874	0.4969	0.4907
0.4791	0.4842	0.5178	0.5143	0.5115	0.5036	0.4729	0.4824	0.5191	0.5034	0.5004	0.5176	0.5063	0.5003	0.5271	0.5128	0.5031	0.4874	0.4969	0.4907
0.4791	0.4842	0.5178	0.5143	0.5115	0.5036	0.4729	0.4824	0.5191	0.5034	0.5004	0.5176	0.5063	0.5003	0.5271	0.5128	0.5031	0.4874	0.4969	0.4907
0.4791	0.4842	0.5178	0.5143	0.5115	0.5036	0.4729	0.4824	0.5191	0.5034	0.5004	0.5176	0.5063	0.5003	0.5271	0.5128	0.5031	0.4874	0.4969	0.4907
0.4791	0.4842	0.5178	0.5143	0.5115	0.5036	0.4729	0.4824	0.5191	0.5034	0.5004	0.5176	0.5063	0.5003	0.5271	0.5128	0.5031	0.4874	0.4969	0.4907
0.4791	0.4842	0.5178	0.5143	0.5115	0.5036	0.4729	0.4824	0.5191	0.5034	0.5004	0.5176	0.5063	0.5003	0.5271	0.5128	0.5031	0.4874	0.4969	0.4907
0.4791	0.4842	0.5178	0.5143	0.5115	0.5036	0.4729	0.4824	0.5191	0.5034	0.5004	0.5176	0.5063	0.5003	0.5271	0.5128	0.5031	0.4874	0.4969	0.4907
0.4791	0.4842	0.5178	0.5143	0.5115	0.5036	0.4873	0.4824	0.5191	0.5034	0.5004	0.5176	0.5063	0.5003	0.5271	0.5128	0.5031	0.4874	0.4969	0.4907
0.4791	0.4842	0.5176	0.5143	0.5115	0.5036	0.4873	0.4824	0.5191	0.5034	0.5004	0.5176	0.4892	0.5003	0.5271	0.5128	0.5031	0.4874	0.4969	0.4907
0.4791	0.4842	0.5176	0.5143	0.5115	0.5036	0.4873	0.4824	0.5191	0.5034	0.5004	0.5176	0.4892	0.5003	0.5271	0.4921	0.5031	0.4874	0.4969	0.4907
0.4791	0.4842	0.4998	0.5143	0.5115	0.5036	0.4873	0.4824	0.5191	0.5034	0.5004	0.5176	0.4892	0.5003	0.5271	0.4921	0.5031	0.4874	0.4969	0.4907
0.4791	0.4842	0.4998	0.5143	0.5115	0.5036	0.4873	0.4824	0.5191	0.5034	0.5004	0.5176	0.4892	0.5003	0.5271	0.4921	0.5031	0.4874	0.4969	0.4907
0.4791	0.4842	0.4942	0.5143	0.5115	0.5036	0.4873	0.4824	0.5191	0.5034	0.5004	0.5176	0.4892	0.5003	0.5271	0.4921	0.5031	0.4874	0.4969	0.4907
0.4791	0.4842	0.4942	0.5143	0.5115	0.5036	0.4873	0.4824	0.5191	0.5034	0.5004	0.5176	0.4892	0.5003	0.5271	0.4921	0.5031	0.4874	0.4969	0.4907
0.4791	0.4842	0.4942	0.5143	0.5115	0.5036	0.4873	0.4824	0.5191	0.5034	0.5004	0.5176	0.4892	0.5003	0.5271	0.4921	0.5031	0.4874	0.4969	0.4907
0.4791	0.4842	0.4942	0.5143	0.5115	0.5036	0.4873	0.4824	0.5191	0.5034	0.5004	0.5176	0.4892	0.5003	0.5271	0.4921	0.5031	0.4874	0.4969	0.4907
0.4791	0.4842	0.4942	0.5143	0.5115	0.5036	0.4873	0.4824	0.5191	0.5034	0.5004	0.5176	0.4892	0.5003	0.5271	0.4921	0.5031	0.4874	0.4969	0.4907
0.4791	0.4932	0.4942	0.5143	0.5115	0.5036	0.4873	0.4824	0.5191	0.5034	0.5004	0.5176	0.4892	0.5003	0.5271	0.4921	0.5031	0.4874	0.4969	0.4907
0.4791	0.4932	0.4942	0.5143	0.5115	0.5036	0.4873	0.4824	0.4974	0.5034	0.5004	0.5176	0.4892	0.5003	0.5271	0.4921	0.5031	0.4874	0.4969	0.4907
0.4791	0.4932	0.4942	0.5143	0.5115	0.5036	0.4873	0.4824	0.4974	0.5034	0.5004	0.5176	0.4892	0.5003	0.5271	0.4921	0.5031	0.4874	0.4969	0.4907
0.4791	0.4932	0.4884	0.5143	0.5115	0.5036	0.4873	0.4824	0.4974	0.5034	0.5004	0.5176	0.4892	0.5003	0.5271	0.4921	0.5031	0.5085	0.4969	0.4907
0.4791	0.4932	0.4884	0.5143	0.5115	0.5036	0.4873	0.4824	0.4974	0.5034	0.5004	0.5176	0.4892	0.5003	0.5271	0.4921	0.5031	0.5085	0.4969	0.4907
