0.0344	0.5984	0.8605	0.8315	0.6725	0.3641	0.7850	0.0344	0.1610	0.9762
0.4977	0.7928	0.2382	0.7469	0.6804	1.0000	1.0000	0.8113	0.5736	1.0000
0.5172	0.7612	0.6291	0.9819	0.7003	1.0000	0.4465	0.6325	0.2428	0.7237
0.6831	0.5004	0.6291	0.0000	0.7003	1.0000	0.3019	0.4974	1.0000	0.7635
0.3030	0.7440	0.6291	0.0000	0.5051	0.1848	0.1704	0.4960	0.4972	0.9869
0.6308	0.1672	0.6083	0.3833	0.4400	0.5763	0.9840	0.4960	0.6846	0.5732
0.6308	0.7575	0.0000	0.6913	0.4400	0.5731	0.5567	0.7692	0.5825	0.1689
0.6247	0.0000	0.9649	0.5605	0.4400	0.5731	0.5567	0.0627	0.5059	0.0506
0.6363	0.1384	0.2474	0.0000	0.4400	0.5731	0.6300	0.3596	0.0339	0.5689
0.6363	0.0000	1.0000	0.3769	0.4400	0.5731	0.4312	0.3596	0.3300	0.7634
0.0000	0.4792	0.7434	0.5040	0.4400	0.4925	0.4312	0.4228	0.0000	1.0000
0.4274	0.4956	0.3467	0.4363	0.4400	0.5999	0.3716	0.5701	0.4302	1.0000
0.4274	1.0000	0.0804	0.4363	0.4400	1.0000	0.3475	0.5701	0.4302	0.0000
0.4274	0.2115	0.4859	0.5306	0.4400	0.2960	0.0000	0.5701	0.4259	0.4280
0.4274	1.0000	0.4330	0.1749	0.5050	0.6459	0.2943	0.5701	0.8204	0.6281
0.4274	0.0781	0.4330	0.7025	0.5050	0.3057	0.1779	0.3598	0.6340	0.6281
0.4274	0.5023	0.4330	0.4327	0.5050	0.3534	0.5083	0.4377	0.6340	0.6281
0.6260	0.4984	0.5609	0.4327	0.5050	0.3658	0.5664	0.3740	0.6340	0.6281
0.6260	0.4984	0.5609	0.8775	0.4377	0.7932	0.5664	0.3740	0.7119	0.6281
0.6260	0.4984	0.6958	0.6204	0.4377	0.3702	0.5664	0.3740	0.1605	0.6281
0.5008	0.4984	0.6958	0.2971	0.4377	0.4271	0.5664	0.3740	0.0495	0.6281
0.5008	0.4984	0.4983	0.4499	0.4377	0.4271	0.5664	0.6319	0.5117	0.6281
0.5008	0.4984	0.3517	0.5533	0.4377	0.5518	0.5664	0.6319	0.5117	0.6281
0.5008	0.4984	0.7021	0.4446	0.4434	0.4447	0.5664	0.6319	0.5117	0.6281
0.5008	0.4984	0.4465	0.4446	0.4434	0.8814	0.5664	0.5639	0.6350	0.3673
0.5008	0.4984	0.4465	0.4952	0.4434	0.3508	0.5664	0.6272	0.6350	0.3543
0.5008	0.4984	0.4465	0.4952	0.4434	0.5100	0.5664	0.6272	0.6377	0.3543
0.5008	0.4984	0.4465	0.4952	0.4434	0.5077	0.5664	0.6297	0.4915	0.3543
0.5008	0.4984	0.4465	0.4952	0.6351	0.4290	0.5664	0.6297	0.4915	0.6271
0.5008	0.4984	0.4465	0.4952	0.6351	0.4290	0.5664	0.6297	0.5014	0.4303
0.5008	0.4378	0.4465	0.5546	0.6351	0.4290	0.5664	0.4301	0.5014	0.4303
0.5008	0.4378	0.4465	0.4973	0.6351	0.4290	0.5664	0.3052	0.4903	0.4303
0.5008	0.4378	0.4465	0.4973	0.6351	0.6435	0.5664	0.3052	0.4903	0.4303
0.5008	0.4378	0.5729	0.4973	0.6351	0.3725	0.5664	0.3052	0.4903	0.4303
0.5008	0.4378	0.5729	0.4973	0.6351	0.4369	0.5664	0.3052	0.4903	0.4303
0.5008	0.4378	0.5729	0.4974	0.6351	0.4369	0.5664	0.3052	0.4903	0.4303
0.5008	0.4378	0.5729	0.4974	0.6351	0.7669	0.5664	0.3052	0.4903	0.4303
0.5008	0.4378	0.5729	0.4974	0.6351	0.7669	0.5664	0.3052	0.4893	0.4303
0.5008	0.4378	0.5729	0.4974	0.6351	0.5522	0.5664	0.3052	0.3760	0.4303
0.5008	0.4378	0.5729	0.4974	0.6351	0.5522	0.5664	0.3052	0.5080	0.4303
0.5008	0.4378	0.5729	0.4974	0.6351	0.5522	0.5664	0.4862	0.5080	0.4303
0.5008	0.4378	0.4949	0.4974	0.6351	0.6211	0.5664	0.4862	0.5080	0.4303
0.5008	0.4378	0.4949	0.4974	0.5044	0.6211	0.5664	0.4862	0.5080	0.4303
0.5008	0.4378	0.4949	0.4974	0.5044	0.6211	0.5664	0.4862	0.5080	0.4303
0.5008	0.4931	0.4949	0.4974	0.5044	0.3586	0.5664	0.4979	0.5080	0.4303
0.5008	0.4931	0.4949	0.4974	0.5044	0.3586	0.5664	0.4979	0.5080	0.4303
0.5008	0.4931	0.4949	0.4974	0.5044	0.3586	0.5664	0.4979	0.5080	0.4303
0.5008	0.4931	0.4949	0.4974	0.5044	0.4924	0.5664	0.4979	0.5080	0.4303
0.5008	0.4931	0.4949	0.4974	0.5044	0.4924	0.5664	0.4979	0.5080	0.5056
0.5008	0.4931	0.4949	0.4974	0.5044	0.4924	0.5664	0.3704	0.5080	0.6311
0.5008	0.5661	0.4949	0.4974	0.5044	0.4924	0.5664	0.3704	0.5080	0.6311
0.5008	0.5661	0.4949	0.4974	0.5044	0.4343	0.5664	0.6361	0.5080	0.6311
0.5008	0.5661	0.4949	0.4974	0.5044	0.4343	0.5664	0.6361	0.5080	0.6311
0.5008	0.5661	0.4949	0.4974	0.5044	0.4343	0.5664	0.6361	0.5041	0.6311
0.5008	0.5661	0.4949	0.4974	0.5044	0.4343	0.5664	0.6361	0.5041	0.6311
0.5008	0.5661	0.4949	0.4974	0.5044	0.4343	0.5664	0.6361	0.5041	0.6311
0.5008	0.5661	0.4949	0.4961	0.5044	0.4343	0.5664	0.6361	0.5041	0.6311
0.5008	0.5661	0.4949	0.5691	0.5044	0.4902	0.5664	0.6361	0.5041	0.6311
0.5008	0.5661	0.4949	0.5691	0.5044	0.3732	0.5664	0.6361	0.5041	0.6311
0.5008	0.5661	0.4949	0.5691	0.5044	0.3732	0.5664	0.6361	0.5041	0.6311
0.5008	0.5661	0.4949	0.4986	0.5044	0.3732	0.5664	0.6361	0.5041	0.6311
0.5008	0.5661	0.4949	0.4986	0.5013	0.3732	0.5664	0.6361	0.5041	0.6311
0.5008	0.5661	0.4949	0.4986	0.5013	0.3732	0.5664	0.6361	0.5041	0.6311
0.5008	0.5661	0.4949	0.4986	0.5013	0.3732	0.5664	0.6361	0.5041	0.6311
0.5008	0.5661	0.4949	0.4986	0.5013	0.3732	0.5664	0.6361	0.5041	0.6311
0.5008	0.5661	0.4949	0.4986	0.5013	0.3732	0.5664	0.6361	0.5041	0.6311
0.5008	0.5661	0.4949	0.4986	0.5013	0.5653	0.5664	0.6361	0.5041	0.6311
0.5008	0.5661	0.4949	0.4986	0.5013	0.5653	0.5664	0.6361	0.5041	0.6311
0.5008	0.5661	0.4949	0.4986	0.5013	0.5653	0.5664	0.6361	0.5041	0.6311
0.5008	0.5661	0.4949	0.4986	0.5013	0.5653	0.5664	0.6361	0.5041	0.6311
0.5008	0.5661	0.4949	0.4986	0.5013	0.5653	0.5664	0.6361	0.5041	0.6311
0.5008	0.5661	0.4949	0.4986	0.5013	0.5653	0.5664	0.6361	0.5041	0.6311
0.5008	0.5661	0.4949	0.4986	0.5013	0.4869	0.5664	0.6361	0.5041	0.6311
0.5008	0.5661	0.4949	0.4986	0.5013	0.4869	0.5664	0.6361	0.5041	0.6311
0.5008	0.5661	0.4949	0.4986	0.5013	0.4869	0.5664	0.6361	0.5041	0.6311
0.5008	0.5661	0.4949	0.4986	0.5013	0.4869	0.5664	0.6361	0.5041	0.6311
0.5008	0.5661	0.4949	0.4986	0.5013	0.7022	0.5664	0.6361	0.5041	0.6311
0.5008	0.5661	0.4949	0.4986	0.5013	0.7022	0.5664	0.6361	0.5041	0.6311
0.5008	0.5661	0.4949	0.4986	0.5013	0.7022	0.5664	0.6361	0.5041	0.6311
0.5008	0.5661	0.4949	0.4986	0.5013	0.7022	0.5664	0.4993	0.5041	0.6311
0.5008	0.5661	0.4949	0.4986	0.5013	0.7022	0.5664	0.4993	0.5041	0.6311
0.5008	0.5661	0.4949	0.4986	0.5013	0.7022	0.5664	0.4993	0.5041	0.6311
0.5008	0.4356	0.4949	0.4986	0.5013	0.3058	0.5664	0.4993	0.5041	0.6311
0.5008	0.4356	0.4949	0.4986	0.5013	0.3058	0.5664	0.4993	0.5041	0.6311
0.5008	0.4356	0.4949	0.4986	0.5013	0.3058	0.5664	0.4993	0.5041	0.6311
0.5008	0.4356	0.4949	0.4986	0.5013	0.3058	0.5664	0.4993	0.5041	0.6311
0.5008	0.4356	0.4949	0.4986	0.5013	0.3058	0.5664	0.4993	0.5041	0.6311
0.5008	0.4356	0.4949	0.4986	0.5013	0.3058	0.5664	0.4993	0.5041	0.6311
0.5008	0.4356	0.4949	0.4986	0.5013	0.3058	0.5664	0.4993	0.5041	0.6311
0.5008	0.4356	0.4949	0.4986	0.5013	0.3058	0.5664	0.4993	0.5041	0.6311
0.5008	0.4356	0.4949	0.4986	0.5013	0.3058	0.5664	0.4993	0.5041	0.6311
0.5008	0.4356	0.4949	0.4986	0.5013	0.3058	0.5664	0.4993	0.5041	0.6311
0.5008	0.4356	0.4949	0.4986	0.5013	0.3058	0.5664	0.4993	0.5041	0.6311
0.5008	0.4356	0.4949	0.4986	0.5013	0.3058	0.4980	0.4993	0.5041	0.6311
0.5008	0.4356	0.4949	0.4986	0.5013	0.3058	0.4980	0.4993	0.5041	0.6311
0.5008	0.4356	0.4949	0.4986	0.5013	0.3058	0.4980	0.4993	0.5041	0.4333
0.5008	0.4356	0.4949	0.4986	0.5013	0.3058	0.4980	0.4993	0.5041	0.4333
0.5008	0.4356	0.4949	0.4986	0.5013	0.3058	0.4980	0.4993	0.5041	0.4333
0.5008	0.4356	0.4949	0.4986	0.5013	0.3058	0.4980	0.4993	0.5041	0.4333
0.5008	0.4356	0.4949	0.4986	0.5013	0.3058	0.4980	0.4993	0.5041	0.4333
0.5008	0.4356	0.4949	0.4986	0.5013	0.4940	0.4980	0.4993	0.5041	0.4333
