0.9497	0.0588	0.3499	0.8011	0.2924	0.3374	0.4593	0.3316	0.5371	0.7021	0.4288	0.7387	0.8039	0.0837	0.1568	0.9815	0.7248	0.8765	0.2780	0.8632
0.1388	0.8526	0.2191	0.5136	0.0685	0.1794	0.3778	0.3447	0.2066	0.6844	0.0000	0.8482	0.5146	0.6480	1.0000	0.5157	0.2218	0.6260	0.4869	0.2174
0.7618	0.1010	0.8614	0.3846	0.0000	0.3445	0.3947	0.7507	0.6363	0.5830	0.1631	0.0229	0.3620	0.9460	0.0000	0.3922	0.7794	0.6159	1.0000	0.6405
0.6305	0.7009	0.5147	0.4974	0.5549	0.6383	0.0000	0.6692	0.6363	1.0000	0.6717	0.6636	0.0000	0.5500	0.4616	0.5328	0.5357	0.6159	0.7453	0.6405
0.5474	0.8935	0.5147	0.4974	0.9952	0.6292	0.8841	0.6692	0.5258	1.0000	0.5095	1.0000	0.0000	0.1778	0.4966	0.4697	0.5033	0.6159	0.3192	0.6405
0.4724	0.5309	0.6506	0.6549	0.7770	0.6123	0.3892	0.4792	0.8341	0.3500	0.5095	0.7555	0.4041	0.9511	0.5717	0.0000	0.3637	0.4843	0.5620	0.6405
0.3527	0.3394	0.5058	0.6400	0.6443	0.6123	0.3515	0.4792	0.8888	0.3412	0.2545	1.0000	0.0000	0.5246	0.8592	0.2435	0.3637	0.4843	0.6063	0.3442
0.3527	0.2527	0.5058	0.7523	0.3572	0.3311	0.8503	0.4792	0.6140	0.3412	0.3865	0.3900	0.7605	0.7913	0.4973	0.6558	0.6276	0.4843	0.6633	0.3876
0.9665	0.5031	0.6774	0.5124	0.3604	0.3287	0.0326	0.5174	0.3703	0.3412	0.0000	0.3414	0.6521	0.3354	1.0000	0.0652	0.5256	0.4843	0.5416	0.5200
0.3897	0.5031	0.2618	0.5124	0.0878	0.3451	0.6012	0.3750	0.2175	0.3412	0.8480	0.2421	0.0519	0.5040	0.7931	0.5198	0.8277	0.4843	0.9919	0.5200
0.7369	0.6497	0.0000	0.1461	0.3580	0.6339	0.3574	0.3502	0.6435	0.3412	0.4982	0.4754	0.3168	0.3734	0.5190	0.5183	0.7296	0.4843	0.3405	0.5200
0.7179	0.6497	0.4833	0.0000	0.0000	0.4950	0.3574	0.3502	0.0000	0.4864	0.5351	0.4371	0.0000	0.6621	0.5190	0.3845	0.6593	0.4843	0.3405	0.5200
0.9270	0.6497	0.4833	0.6059	0.7033	0.4950	0.6427	0.3502	1.0000	0.4864	0.4648	0.7224	0.7701	0.6621	0.5190	0.4997	0.2290	0.5132	0.3405	0.5200
0.5387	0.6497	0.4833	0.6424	0.8733	0.4950	0.4684	0.3502	0.3906	0.4864	0.6302	0.5178	0.5181	0.6621	0.6635	0.5102	0.0000	0.5132	0.3405	0.3790
0.4872	0.6497	1.0000	0.6424	0.6965	0.4950	0.6940	0.3502	0.5258	0.4864	0.1099	0.5178	0.2217	0.6621	0.6635	0.5102	0.1644	0.5132	0.5356	0.1484
0.0000	0.6497	0.6114	0.6424	0.9784	0.4950	0.5297	0.3571	0.5258	0.3483	0.3811	0.5178	1.0000	0.3737	0.6635	0.4094	0.4863	0.5132	0.5038	0.7571
0.0000	0.6497	0.9016	0.6424	0.4660	0.4950	0.5056	0.3571	0.6541	0.3483	0.7708	0.5027	0.6616	0.4810	0.6635	0.2969	1.0000	0.5067	0.5038	0.6719
1.0000	0.6497	1.0000	0.6424	0.6534	0.4950	0.5056	0.4841	0.6474	0.3483	0.0000	0.5027	0.4928	0.4810	0.6635	0.6533	0.0000	0.5067	0.5038	0.4036
0.5185	0.6497	0.5148	0.6424	0.3541	0.4950	0.5056	0.3615	0.6474	0.3483	0.3284	0.5027	0.0380	0.4810	0.6635	0.5042	0.6158	0.5067	0.5038	0.3309
0.6791	0.6497	0.5148	0.6424	0.0000	0.4950	0.5056	0.3615	0.3605	0.3483	0.4949	0.3729	1.0000	0.4810	0.6513	0.5042	0.3555	0.5067	0.5038	0.5045
0.6632	0.6497	0.3529	0.3494	0.0000	0.4950	0.5056	0.3615	0.3605	0.3483	0.5149	0.3729	0.2182	0.4810	0.8004	0.5042	0.3555	0.5067	0.5038	0.5045
0.5249	0.6497	0.6181	0.6438	0.4288	0.4950	0.5056	0.3615	0.3605	0.3483	0.9204	0.3729	0.3722	0.4810	0.0458	0.5042	0.3861	0.5067	0.5085	0.5956
0.5249	0.6497	0.3808	0.3749	0.6331	0.4950	0.5056	0.6381	0.3605	0.3483	0.3768	0.4998	0.7648	0.4810	0.4944	0.5042	0.3861	0.5067	0.5085	0.3631
0.3222	0.6497	0.4838	0.3809	0.4676	0.4950	0.5056	0.6381	0.5181	0.3483	0.3768	0.4998	0.5113	0.4810	0.5032	0.5042	0.0000	0.5067	0.5085	0.3631
0.6200	0.6497	0.3509	0.3606	0.2533	0.4950	0.5056	0.6381	0.4948	0.3483	0.3768	0.4998	0.5113	0.4810	0.5032	0.5042	0.3219	0.3711	0.5027	0.2976
0.4835	0.6497	0.3509	0.3606	0.7822	0.4950	0.5056	0.6381	0.4948	0.3483	0.3768	0.4998	0.5113	0.4810	0.5032	0.5042	0.4860	0.3711	0.5027	1.0000
0.4835	0.6497	0.3509	0.4921	0.5081	0.3586	0.5056	0.6381	0.4948	0.3483	0.0000	0.6462	0.5113	0.4810	0.5032	0.5042	0.4860	0.3711	0.5027	0.3380
0.3418	0.6497	0.6474	0.4921	0.2947	0.3586	0.5056	0.6381	0.5105	0.3483	0.6086	0.5071	0.5113	0.4810	0.5032	0.5042	0.4860	0.3711	0.5027	0.3380
0.5105	0.4815	0.6474	0.3690	0.2666	0.4907	0.5056	0.6381	0.6445	0.3483	0.3845	0.5071	0.5113	0.4810	0.5032	0.5042	0.4860	0.3394	0.5027	0.6238
0.5105	0.4815	0.4847	0.3690	0.3681	0.4907	0.5056	0.6381	0.4955	0.3483	0.1544	0.5071	0.5113	0.4810	0.5032	0.5042	0.4860	0.3394	0.5017	0.3519
0.5105	0.4815	0.4847	0.3690	0.5211	0.4907	0.5056	0.6381	0.5070	0.3483	0.5299	0.5071	0.4887	0.4810	0.5032	0.5042	0.4860	0.5243	0.5017	0.6102
0.5105	0.4815	0.4847	0.3690	0.5211	0.4907	0.5056	0.6381	0.5070	0.3483	0.5305	0.5071	0.4887	0.4810	0.5032	0.5042	0.4860	0.5243	0.5017	0.4974
0.5138	0.4815	0.4847	0.3690	0.4943	0.4916	0.5056	0.6381	0.5070	0.3483	0.5305	0.5071	0.4887	0.4810	0.5032	0.5042	0.4860	0.5243	0.5017	0.4974
0.5138	0.4815	0.4847	0.3690	0.4943	0.4916	0.5056	0.6381	0.5070	0.3483	0.6162	0.5071	0.6338	0.6541	0.5032	0.5042	0.4860	0.5243	0.5017	0.4974
0.5138	0.3456	0.4847	0.3690	0.4943	0.4916	0.5056	0.6381	0.5070	0.4942	0.6162	0.5071	0.6338	0.6541	0.5032	0.5042	0.4860	0.6426	0.5017	0.4974
0.6536	0.5028	0.4847	0.3690	0.4943	0.5065	0.5056	0.6381	0.5070	0.4942	0.6513	0.5071	0.6338	0.6541	0.5032	0.5042	0.4860	0.6426	0.5017	0.4974
0.6411	0.5028	0.4847	0.3690	0.4943	0.5065	0.5056	0.5185	0.5070	0.4942	0.6513	0.6504	0.6338	0.6541	0.5032	0.5042	0.5014	0.6426	0.5017	0.4974
0.3372	0.5028	0.4847	0.3690	0.4943	0.5065	0.5056	0.5185	0.5070	0.4942	0.6513	0.5035	0.6338	0.6541	0.5032	0.5042	0.5014	0.6426	0.4901	0.4974
0.3372	0.5028	0.4847	0.4798	0.4943	0.5096	0.5056	0.5185	0.5070	0.4942	0.6401	0.5035	0.6338	0.3599	0.5032	0.5042	0.5014	0.6426	0.4901	0.4974
0.4661	0.5028	0.4847	0.4798	0.4943	0.5096	0.5047	0.5185	0.5070	0.4942	0.6401	0.5035	0.6338	0.3599	0.5032	0.5042	0.5014	0.6426	0.4901	0.4974
0.3590	0.5028	0.4847	0.3572	0.4943	0.5096	0.5047	0.5185	0.5070	0.4942	0.6401	0.5122	0.3707	0.3599	0.5032	0.5042	0.5014	0.6426	0.4901	0.4974
0.3590	0.5028	0.4847	0.3572	0.4943	0.5096	0.5047	0.5185	0.5070	0.4942	0.6351	0.5122	0.3707	0.3599	0.5032	0.5042	0.5014	0.6426	0.4901	0.4974
0.3781	0.5028	0.4847	0.6466	0.4943	0.5096	0.5047	0.5185	0.5070	0.4942	0.6351	0.5122	0.3536	0.5131	0.5032	0.5042	0.5014	0.6426	0.4901	0.4974
0.3781	0.5028	0.4847	0.6466	0.4943	0.5096	0.5047	0.5185	0.5070	0.4942	0.6351	0.5186	0.3536	0.5131	0.5032	0.5042	0.5014	0.6426	0.4901	0.4974
0.3781	0.5028	0.4847	0.6466	0.4943	0.5096	0.5047	0.5023	0.5070	0.4942	0.6351	0.5186	0.4792	0.5131	0.5032	0.5042	0.5014	0.6426	0.4901	0.4974
0.3781	0.5028	0.4847	0.5041	0.4943	0.5096	0.5047	0.5023	0.5070	0.4942	0.6351	0.5186	0.4792	0.5131	0.5032	0.5042	0.5014	0.6426	0.4901	0.4974
0.3781	0.5028	0.4847	0.5041	0.4943	0.5096	0.5047	0.5023	0.5070	0.4945	0.6351	0.5186	0.4792	0.5131	0.5032	0.5042	0.5014	0.6426	0.4901	0.4974
0.3386	0.5028	0.4847	0.5041	0.4943	0.5096	0.5047	0.5023	0.5070	0.4945	0.6351	0.5186	0.4792	0.5131	0.5032	0.5042	0.5014	0.6426	0.4901	0.4974
0.3386	0.5028	0.4847	0.5041	0.4943	0.5096	0.5047	0.5023	0.5070	0.4945	0.6351	0.6212	0.4792	0.5131	0.5032	0.5042	0.5014	0.6426	0.4901	0.4974
0.6100	0.5028	0.4847	0.5041	0.4943	0.5096	0.5047	0.5023	0.5070	0.4945	0.6351	0.6481	0.4792	0.5131	0.5032	0.5042	0.5014	0.6426	0.4901	0.4974
0.6100	0.5028	0.4847	0.5041	0.4943	0.5096	0.5047	0.5023	0.5070	0.4945	0.6351	0.4909	0.3638	0.5131	0.4927	0.5042	0.5014	0.6426	0.4901	0.4974
0.6100	0.5028	0.4847	0.5041	0.4943	0.5096	0.5047	0.5023	0.5070	0.4945	0.6351	0.3571	0.3638	0.3680	0.4927	0.5042	0.5014	0.6426	0.4901	0.4974
0.3783	0.5028	0.4847	0.5041	0.4943	0.5096	0.5047	0.5023	0.5070	0.4945	0.6351	0.3571	0.4892	0.3680	0.4927	0.5042	0.5014	0.6426	0.4901	0.4974
0.4836	0.5144	0.4847	0.5041	0.4943	0.5096	0.5047	0.5023	0.5070	0.4945	0.5092	0.4971	0.5051	0.3680	0.4927	0.5042	0.5014	0.6426	0.4901	0.4974
0.5123	0.5144	0.4847	0.5041	0.4943	0.5096	0.5047	0.5023	0.5070	0.4945	0.5092	0.4971	0.5051	0.3680	0.4927	0.5042	0.5014	0.6426	0.4901	0.4974
0.5123	0.5144	0.4847	0.5041	0.4943	0.5096	0.5047	0.5023	0.5070	0.4945	0.5092	0.4971	0.5051	0.3680	0.4927	0.5042	0.5014	0.6426	0.4901	0.4974
0.5123	0.5144	0.4847	0.5041	0.4943	0.5096	0.5047	0.5023	0.5070	0.4945	0.5092	0.4971	0.5051	0.3680	0.4927	0.5042	0.5014	0.6426	0.4901	0.4974
0.5123	0.5144	0.4847	0.5041	0.4943	0.5096	0.5047	0.5023	0.5070	0.4945	0.5092	0.4971	0.5051	0.3680	0.4927	0.5042	0.5014	0.6426	0.4901	0.4974
0.5123	0.5144	0.4847	0.5041	0.4943	0.5096	0.5047	0.5023	0.5070	0.4945	0.5092	0.4971	0.5051	0.3680	0.4927	0.5042	0.5014	0.6426	0.4901	0.4974
0.5123	0.5144	0.4847	0.5041	0.4943	0.5096	0.5047	0.5023	0.5070	0.4945	0.5092	0.6306	0.5051	0.3680	0.4927	0.5042	0.5014	0.6426	0.4901	0.4974
0.5123	0.5144	0.4847	0.5041	0.4943	0.5096	0.5047	0.5023	0.5070	0.4945	0.5092	0.6306	0.5051	0.3680	0.4927	0.5042	0.5014	0.6426	0.4901	0.4974
0.5123	0.5144	0.4847	0.5041	0.4943	0.5096	0.5047	0.5023	0.5070	0.4945	0.5092	0.6306	0.5051	0.3680	0.4927	0.5042	0.5014	0.6426	0.4901	0.4974
0.5123	0.5144	0.4847	0.5041	0.4943	0.5096	0.5047	0.5023	0.5070	0.4945	0.5092	0.6306	0.5051	0.3680	0.4927	0.5042	0.5014	0.6426	0.4901	0.4974
0.5123	0.5144	0.4847	0.5041	0.4943	0.5096	0.5047	0.5023	0.5070	0.4945	0.5092	0.6306	0.5051	0.3680	0.4927	0.5042	0.5014	0.6426	0.4901	0.4974
0.5123	0.5144	0.4847	0.4877	0.4943	0.5096	0.5047	0.5023	0.5070	0.4945	0.5092	0.4926	0.5051	0.3680	0.4927	0.5042	0.5014	0.6426	0.4901	0.4974
0.5123	0.5144	0.4847	0.4877	0.4943	0.5096	0.5047	0.5023	0.5070	0.4945	0.5092	0.4926	0.5051	0.3680	0.4927	0.5042	0.5014	0.6426	0.4901	0.4974
0.5123	0.5144	0.4847	0.4877	0.4943	0.5096	0.5047	0.5023	0.5070	0.4945	0.5092	0.4926	0.5051	0.3680	0.4927	0.5042	0.5014	0.6426	0.4901	0.4974
0.5123	0.5144	0.4847	0.4877	0.4943	0.5096	0.5047	0.5023	0.5070	0.4945	0.5092	0.4926	0.5051	0.3680	0.4927	0.5042	0.5014	0.6426	0.4901	0.4974
0.5123	0.5144	0.4847	0.4877	0.4943	0.5096	0.5047	0.5023	0.5070	0.4945	0.5092	0.4926	0.5051	0.4848	0.4927	0.5042	0.5014	0.6426	0.4901	0.4974
0.5123	0.5144	0.4847	0.4877	0.4943	0.5096	0.5047	0.5023	0.5070	0.4945	0.5092	0.4926	0.5051	0.4848	0.4927	0.5042	0.5014	0.6426	0.4901	0.4974
0.5123	0.5144	0.4847	0.4877	0.4943	0.5096	0.5047	0.5023	0.5070	0.4945	0.5092	0.4926	0.5051	0.4848	0.4927	0.5042	0.5014	0.6426	0.4901	0.4974
0.5123	0.5144	0.4847	0.4877	0.4943	0.5096	0.5047	0.5023	0.5070	0.4945	0.5092	0.4926	0.5000	0.4848	0.4927	0.5042	0.5014	0.6426	0.4901	0.4974
0.5123	0.5144	0.4847	0.4877	0.4943	0.5096	0.5047	0.5023	0.5070	0.4945	0.5092	0.4926	0.5000	0.4848	0.4927	0.5042	0.5014	0.6426	0.4901	0.4974
0.5123	0.5144	0.4847	0.4877	0.4943	0.5096	0.5047	0.5023	0.5070	0.4945	0.4927	0.4926	0.5000	0.4848	0.4927	0.5042	0.5014	0.6426	0.4901	0.4974
0.5123	0.5144	0.4847	0.4877	0.4943	0.5096	0.5047	0.5023	0.5070	0.4945	0.4927	0.4926	0.5000	0.4848	0.4927	0.5042	0.5014	0.6426	0.4901	0.4974
0.5123	0.5144	0.4847	0.4877	0.4943	0.5096	0.5047	0.5023	0.5070	0.4945	0.4927	0.4926	0.5000	0.4848	0.4927	0.5042	0.5014	0.6426	0.4901	0.4974
0.5123	0.5144	0.4847	0.4877	0.4943	0.5096	0.5047	0.5023	0.5070	0.4945	0.4927	0.4926	0.5000	0.4848	0.4927	0.5042	0.5014	0.6426	0.4901	0.4974
0.5123	0.5144	0.4847	0.4877	0.4943	0.5096	0.5047	0.5023	0.5070	0.4945	0.4927	0.4926	0.5000	0.4848	0.4927	0.5042	0.5014	0.6426	0.4901	0.4974
0.5123	0.5144	0.4847	0.4877	0.4943	0.5096	0.5047	0.5023	0.5070	0.4945	0.4927	0.4926	0.5000	0.4848	0.4927	0.5042	0.5014	0.6426	0.4901	0.4974
0.5123	0.5144	0.4847	0.4877	0.4943	0.5096	0.5047	0.5023	0.5070	0.4945	0.4927	0.4926	0.5000	0.4848	0.4927	0.5042	0.5014	0.6426	0.4901	0.4974
0.5123	0.5144	0.4847	0.4877	0.4943	0.5096	0.5047	0.5023	0.5070	0.4945	0.4927	0.4934	0.5000	0.4848	0.4927	0.5042	0.5014	0.6426	0.4901	0.4974
0.5123	0.5144	0.4847	0.4877	0.4943	0.5096	0.5047	0.5023	0.5070	0.4945	0.4927	0.4934	0.5000	0.4848	0.4927	0.5042	0.5014	0.6426	0.4901	0.4974
0.5123	0.5144	0.4847	0.4877	0.4943	0.5096	0.5047	0.5023	0.5070	0.4945	0.4927	0.4934	0.5000	0.4848	0.4927	0.5042	0.5014	0.6426	0.4901	0.4974
0.5123	0.5144	0.4847	0.4877	0.4943	0.5096	0.5047	0.5023	0.5070	0.4945	0.4927	0.4934	0.5000	0.4848	0.4927	0.5042	0.5014	0.6426	0.4901	0.4974
0.5123	0.5144	0.4847	0.4877	0.4943	0.5096	0.5047	0.5023	0.5070	0.4945	0.4927	0.4934	0.5000	0.4848	0.4927	0.5042	0.5014	0.6426	0.4901	0.4974
0.5123	0.5144	0.4847	0.4877	0.4943	0.4968	0.5047	0.5023	0.5070	0.4945	0.4927	0.4934	0.5000	0.4848	0.4927	0.5042	0.5014	0.6426	0.4901	0.4974
0.5123	0.5144	0.4847	0.4877	0.4943	0.4968	0.5047	0.5023	0.5070	0.4945	0.4927	0.4934	0.5000	0.4848	0.4927	0.5042	0.5014	0.6426	0.4901	0.4974
0.5123	0.5144	0.4847	0.4877	0.4943	0.4968	0.5047	0.5023	0.5070	0.4945	0.4856	0.4934	0.5000	0.4848	0.4927	0.5042	0.5014	0.6426	0.4901	0.4974
0.5123	0.5144	0.4847	0.4877	0.4943	0.4968	0.5047	0.5023	0.5070	0.4945	0.4856	0.4934	0.5000	0.4848	0.4927	0.5042	0.5014	0.6426	0.4901	0.4974
0.5123	0.5144	0.4847	0.4877	0.4943	0.4968	0.5047	0.5023	0.5070	0.4945	0.4856	0.4934	0.5000	0.4848	0.4927	0.5042	0.5014	0.6426	0.4901	0.4974
0.5123	0.5144	0.4847	0.4877	0.4943	0.4968	0.5047	0.5023	0.5070	0.4945	0.4856	0.4934	0.5000	0.4848	0.4927	0.5042	0.5014	0.6426	0.4901	0.4974
0.5123	0.5144	0.4847	0.4877	0.4943	0.4968	0.5047	0.5023	0.5070	0.4945	0.4856	0.4934	0.5000	0.4848	0.4927	0.5042	0.5014	0.6426	0.4901	0.4974
0.5123	0.5144	0.4847	0.4877	0.4943	0.4968	0.5047	0.5023	0.5070	0.4945	0.4856	0.4934	0.5000	0.4848	0.4927	0.5042	0.5014	0.6426	0.4901	0.4974
0.5123	0.5144	0.4847	0.4877	0.4943	0.4968	0.5047	0.5023	0.5070	0.4945	0.4856	0.4934	0.5000	0.4848	0.4927	0.5042	0.5014	0.6426	0.4901	0.4974
0.5123	0.5144	0.4847	0.4877	0.4943	0.4968	0.5047	0.5023	0.5070	0.4945	0.4856	0.4934	0.5000	0.4848	0.4927	0.5042	0.5014	0.6426	0.4901	0.4974
0.5123	0.5144	0.4847	0.4877	0.4943	0.4968	0.5047	0.5023	0.5070	0.4945	0.4856	0.4934	0.5000	0.4848	0.4927	0.5042	0.5014	0.6426	0.4901	0.4974
0.5123	0.5144	0.4847	0.4877	0.4943	0.4968	0.5047	0.5023	0.5070	0.4853	0.4856	0.4934	0.5000	0.4848	0.4927	0.5042	0.5014	0.6426	0.4901	0.4974
0.5123	0.5144	0.4960	0.4877	0.4943	0.4968	0.5047	0.5023	0.5070	0.4853	0.4856	0.4934	0.5000	0.4848	0.4927	0.5042	0.5014	0.6426	0.4901	0.4974
0.5123	0.5144	0.4960	0.4877	0.4943	0.4968	0.5047	0.5023	0.5070	0.4853	0.4856	0.4934	0.5000	0.4848	0.4927	0.5042	0.5014	0.6426	0.4901	0.4974
0.5123	0.5144	0.4960	0.4877	0.4943	0.4968	0.5047	0.5023	0.5070	0.4853	0.4856	0.4934	0.5000	0.4848	0.4927	0.5042	0.5014	0.4855	0.4901	0.4974
0.5123	0.5144	0.4960	0.4877	0.4943	0.4968	0.5047	0.5023	0.5070	0.4853	0.4856	0.4934	0.5000	0.4848	0.4927	0.5042	0.5014	0.4855	0.4901	0.4974
