0.8335	0.5629	0.3867	0.2581	0.0549	0.6635	0.3860	0.2795	0.3044	0.0548
0.8668	0.3290	0.0000	0.8434	0.6067	0.3962	0.4477	1.0000	0.3910	0.3443
0.3713	0.7222	0.6115	0.3045	0.3894	0.6816	0.4477	0.7453	0.7570	0.5751
0.9737	0.5974	0.5642	0.4880	0.5607	0.4954	0.4477	0.3932	0.0000	0.0995
0.0000	0.3883	1.0000	0.6139	0.5607	0.3870	0.0542	0.3932	0.4478	0.3736
0.4963	0.3883	0.7199	0.9232	0.5103	0.3870	0.0000	0.3932	0.4311	1.0000
0.4963	0.0446	1.0000	0.1086	0.4967	0.3870	0.0000	0.1342	0.5042	0.2161
0.4963	0.6722	0.7229	0.8224	0.5623	0.3870	0.6572	0.0000	0.5042	0.7959
0.4963	0.7380	0.3936	0.8397	0.6272	0.3870	0.0000	0.4467	0.5042	0.5530
0.4963	0.6134	1.0000	0.5460	0.7289	0.3870	0.4395	0.5562	0.5578	0.5530
0.7369	0.3812	0.2573	0.2551	0.4862	0.7555	0.3149	0.5562	0.5578	0.5530
0.9929	0.3891	1.0000	0.2551	0.1379	1.0000	0.4735	0.5562	0.5578	0.5530
0.2713	0.3840	0.4997	0.8270	0.0000	0.2987	0.1916	0.5562	0.5539	0.5530
0.6201	0.4713	0.4997	0.4381	0.4303	0.0000	0.6242	0.5562	0.0000	0.5530
0.9998	0.6803	0.4997	0.2565	0.6154	1.0000	0.7080	0.5562	0.4965	0.4425
0.0000	0.6803	0.4997	0.2565	0.6154	0.9835	0.0000	0.5562	0.4965	0.4425
0.3784	0.6803	0.4997	0.5046	0.6154	0.4853	0.1082	0.5562	0.4965	0.4425
0.5011	0.6803	0.4997	0.5046	0.6154	0.2630	0.9942	0.5562	0.4443	0.4425
0.5063	0.6803	0.4997	0.5046	0.6154	0.3727	0.5592	0.5562	0.3847	0.4425
0.3887	0.6803	0.4997	0.5472	0.6154	0.3727	0.3726	0.5562	0.3847	0.4425
0.5500	0.5633	0.4997	0.5666	0.6154	0.4916	0.3826	0.5562	0.3847	0.4425
0.1808	0.5633	0.4997	0.5666	0.6154	0.0873	0.3826	0.5562	0.3209	0.4425
0.7804	0.5633	0.4997	0.5666	0.5551	0.0000	0.3826	0.5562	0.3209	0.4425
1.0000	0.5633	0.4997	0.5666	0.6141	0.9330	0.3826	0.5562	0.3209	0.4425
0.6227	0.5633	0.4997	0.6727	0.6141	0.2101	0.4487	0.5562	0.3209	0.4425
0.6227	0.5633	0.4997	0.6727	0.6141	0.4382	0.6697	0.5562	0.3209	0.4425
0.6227	0.5633	0.4997	0.6727	0.6141	0.4382	0.4986	0.5562	0.6225	0.4425
0.6227	0.5633	0.4997	0.6727	0.6141	0.4382	0.4986	0.5562	0.6225	0.4425
0.6227	0.6167	0.4997	0.6727	0.6141	0.4382	0.4986	0.5562	0.6225	0.4425
0.6227	0.6167	0.4997	0.6727	0.6141	0.4382	0.4986	0.5562	0.6225	0.4425
0.6227	0.6167	0.4997	0.6120	0.6141	0.5021	0.4986	0.5562	0.3222	0.4425
0.6227	0.6167	0.4997	0.6120	0.6141	0.5021	0.4986	0.5562	0.3222	0.4425
0.6227	0.6167	0.4997	0.6120	0.6141	0.5021	0.4986	0.5562	0.3222	0.4425
0.6227	0.6167	0.4997	0.6120	0.6141	0.5021	0.4986	0.5562	0.4950	0.4425
0.6227	0.6167	0.4997	0.6120	0.6141	0.5021	0.4986	0.5562	0.4950	0.4425
0.4361	0.6167	0.4997	0.6120	0.6141	0.5021	0.4986	0.5562	0.5047	0.4425
0.4361	0.6167	0.4997	0.4440	0.6141	0.5021	0.4986	0.5562	0.5047	0.4425
0.0735	0.6167	0.4997	0.4440	0.6141	0.5021	0.4986	0.5562	0.5047	0.4425
0.2736	0.6167	0.4997	0.4440	0.6141	0.5021	0.4986	0.5562	0.5047	0.4985
0.6325	0.6167	0.4997	0.4440	0.6141	0.5021	0.4986	0.5562	0.5047	0.4985
0.6891	0.6167	0.4997	0.4440	0.6141	0.5021	0.4986	0.5562	0.6717	0.4985
0.1705	0.6167	0.4997	0.4440	0.6141	0.5021	0.4986	0.5562	0.6717	0.4985
0.5069	0.6167	0.5038	0.4440	0.3795	0.5021	0.4986	0.5562	0.6717	0.4985
0.6881	0.6167	0.5038	0.4440	0.3795	0.5021	0.4986	0.5562	0.6717	0.4985
0.4379	0.6167	0.5038	0.4440	0.3795	0.5021	0.4986	0.5562	0.6717	0.5053
0.3812	0.6167	0.5038	0.4440	0.3795	0.5021	0.4986	0.5562	0.6717	0.5053
0.3812	0.5561	0.5038	0.4440	0.3795	0.5021	0.4986	0.5562	0.6717	0.5053
0.3812	0.5561	0.5038	0.4430	0.3795	0.5021	0.4986	0.5562	0.6717	0.5053
0.3812	0.5561	0.5038	0.4430	0.3795	0.5021	0.4986	0.5562	0.6717	0.5053
0.3812	0.5561	0.5038	0.4430	0.3795	0.5021	0.4986	0.5562	0.6717	0.5053
0.2773	0.5561	0.5038	0.4430	0.3795	0.5021	0.4986	0.5562	0.6790	0.5053
0.3775	0.5561	0.5038	0.4430	0.3795	0.5021	0.4986	0.5562	0.6280	0.5053
0.3775	0.5561	0.5038	0.4430	0.4374	0.5021	0.4986	0.5562	0.6280	0.5053
0.3865	0.5561	0.5038	0.4430	0.4374	0.5021	0.4986	0.5562	0.6280	0.5053
0.3851	0.5561	0.5038	0.4430	0.4374	0.5021	0.4986	0.5562	0.6280	0.5053
0.3851	0.5561	0.5038	0.4430	0.4374	0.5021	0.4986	0.5562	0.6280	0.5053
0.3851	0.5561	0.5038	0.4430	0.4374	0.5581	0.4986	0.5562	0.6280	0.5053
0.3851	0.5561	0.5038	0.4430	0.4374	0.5581	0.4986	0.5562	0.3195	0.5053
0.3851	0.5561	0.5038	0.4430	0.4374	0.5581	0.4986	0.5562	0.3195	0.5053
0.3851	0.5561	0.5038	0.4430	0.4374	0.5581	0.4986	0.5562	0.3195	0.5053
0.3851	0.5561	0.5038	0.4430	0.4374	0.5581	0.4986	0.5562	0.3254	0.5053
0.3851	0.5561	0.5038	0.4430	0.4374	0.5581	0.4986	0.5562	0.3254	0.5053
0.3851	0.5561	0.5038	0.4430	0.4374	0.5581	0.4986	0.5562	0.3254	0.5053
0.3851	0.5561	0.5038	0.4430	0.4374	0.5581	0.4986	0.5562	0.3254	0.5053
0.3851	0.5561	0.5038	0.4430	0.4374	0.5087	0.4986	0.5562	0.6734	0.5053
0.3851	0.5561	0.5038	0.4430	0.4374	0.5087	0.4986	0.5562	0.6734	0.5053
0.4431	0.5561	0.5038	0.4430	0.4374	0.5087	0.4986	0.5562	0.6734	0.5053
0.4431	0.5561	0.5038	0.4430	0.4374	0.5616	0.4986	0.5562	0.6734	0.5053
0.4431	0.5561	0.5038	0.4430	0.4374	0.5616	0.4986	0.5562	0.6734	0.5053
0.4431	0.5561	0.5038	0.4430	0.4374	0.5616	0.4986	0.5562	0.6734	0.5053
0.4431	0.5561	0.5038	0.4430	0.4374	0.5616	0.4986	0.5562	0.6734	0.5053
0.5532	0.5561	0.5038	0.4430	0.4374	0.5616	0.4986	0.5562	0.6167	0.5053
0.4417	0.5561	0.5038	0.4430	0.4374	0.5616	0.4986	0.5562	0.6167	0.5053
0.4417	0.5561	0.5038	0.4430	0.4374	0.5616	0.4986	0.5562	0.6167	0.5053
0.4417	0.5561	0.5038	0.4430	0.4374	0.5616	0.4986	0.5562	0.6167	0.5053
0.4417	0.5561	0.5038	0.4430	0.4374	0.5616	0.4986	0.5562	0.6167	0.5053
0.5627	0.5561	0.5038	0.4430	0.4374	0.5616	0.4986	0.5562	0.6167	0.5053
0.5627	0.5561	0.5038	0.4430	0.4374	0.6177	0.4986	0.4989	0.6167	0.5053
0.5627	0.5561	0.5038	0.4430	0.4374	0.4456	0.4986	0.4989	0.6167	0.5053
0.5627	0.5561	0.5038	0.4430	0.4374	0.4456	0.4986	0.4989	0.6167	0.5053
0.5627	0.5561	0.5038	0.4430	0.4374	0.4456	0.4986	0.4989	0.6167	0.5053
0.5627	0.5561	0.5038	0.4430	0.4374	0.4456	0.4986	0.4989	0.6167	0.5053
0.5627	0.5561	0.5038	0.4430	0.4374	0.4456	0.4986	0.4989	0.6167	0.5053
0.5627	0.5561	0.5038	0.4430	0.4374	0.4456	0.4986	0.4989	0.6167	0.5053
0.5627	0.5561	0.5038	0.4430	0.4374	0.4456	0.4401	0.4989	0.6167	0.5053
0.5627	0.5561	0.5038	0.4430	0.4374	0.4456	0.4401	0.4989	0.6167	0.5053
0.5627	0.5561	0.5038	0.4430	0.4374	0.4456	0.4401	0.4989	0.6167	0.5053
0.5627	0.5561	0.5038	0.4430	0.4374	0.4456	0.4401	0.4989	0.6167	0.5053
0.5627	0.5561	0.5038	0.4430	0.4374	0.4456	0.4401	0.4989	0.6167	0.5053
0.5627	0.5561	0.5038	0.4430	0.4374	0.4456	0.4401	0.4989	0.6167	0.5053
0.5627	0.5561	0.5038	0.4430	0.4374	0.4456	0.4401	0.4989	0.6167	0.4930
0.5627	0.5561	0.5038	0.4430	0.4374	0.4456	0.4401	0.4989	0.6167	0.4930
0.5627	0.5561	0.5038	0.4430	0.4374	0.4456	0.4401	0.4989	0.6167	0.4930
0.5627	0.5561	0.5038	0.4430	0.4374	0.4456	0.4401	0.4989	0.6167	0.4930
0.5627	0.5561	0.5038	0.4430	0.4374	0.4456	0.4401	0.4989	0.6167	0.4930
0.5627	0.5561	0.5038	0.4430	0.4374	0.4456	0.4401	0.4989	0.6167	0.4930
0.5627	0.5561	0.5038	0.4430	0.4374	0.4456	0.4401	0.4989	0.6167	0.4930
0.5627	0.5561	0.5038	0.4430	0.4374	0.4456	0.4401	0.4989	0.6167	0.4930
0.5627	0.5561	0.5038	0.4430	0.4374	0.4456	0.4401	0.4989	0.6167	0.4930
0.5627	0.5561	0.5038	0.4430	0.4374	0.4456	0.4401	0.4989	0.6167	0.4930
0.5627	0.5561	0.5038	0.4430	0.4374	0.4468	0.4401	0.4989	0.6167	0.4930
