0.5666	0.4881	0.2947	0.5424	0.5228	0.0985	0.8977	0.7135	0.0682	0.1357
0.8963	0.9624	0.3661	0.0000	0.6449	1.0000	0.1804	0.4113	0.4394	0.4663
0.7056	0.9277	0.2444	0.8241	0.4283	0.4955	0.4143	0.5433	0.7952	0.1766
0.0158	0.5361	0.1369	0.0000	0.4646	0.4768	0.4485	0.5535	0.6851	0.0296
0.4892	0.4684	0.8218	0.4871	0.4646	0.4768	1.0000	0.5380	0.0000	0.4569
0.4892	0.7873	0.4682	0.4871	0.2150	0.4768	0.4930	1.0000	0.0879	0.3300
0.4892	0.6804	0.4682	0.4871	0.1945	0.4768	0.5038	0.3699	0.7972	0.0000
0.4892	0.2003	0.4682	0.4340	0.7934	0.4768	0.5467	0.1491	0.4605	0.4858
0.4892	0.1234	0.4927	0.5492	0.4585	0.5311	1.0000	0.4560	0.4861	0.9240
0.4892	0.4773	0.4927	0.4523	0.4585	0.5311	0.0356	0.4560	0.5541	0.1277
0.4892	0.4773	0.5127	0.6227	0.4585	0.5311	0.2363	0.5277	1.0000	0.5262
0.4892	0.4773	0.5127	0.5388	0.5149	0.5254	0.6256	0.5277	0.0499	0.4026
0.4892	0.4773	0.4686	0.4962	0.5149	0.5254	0.0160	0.5277	0.4049	0.1282
0.4892	0.4773	0.4686	0.4962	0.5149	0.5254	0.4055	0.5277	0.5893	0.4132
0.4892	0.4773	0.4686	0.4962	0.5149	0.4577	0.9680	0.5472	1.0000	0.5215
0.4892	0.4773	0.4686	0.4962	0.5149	0.4403	0.4871	0.5472	0.4721	0.5602
0.4892	0.4773	0.5276	0.4962	0.5149	0.5596	0.4871	0.5465	0.4721	0.5602
0.4892	0.4773	0.5191	0.4962	0.5149	0.4391	0.4871	0.5359	0.4721	0.5602
0.4892	0.4773	0.5191	0.4962	0.5149	0.4391	0.8417	0.5359	0.4721	0.7608
0.4892	0.4773	0.5191	0.4962	0.5149	0.4391	0.9009	0.0328	0.4721	0.4622
0.4892	0.4773	0.5191	0.4962	0.5149	0.5260	0.5984	0.7758	0.4721	0.4622
0.4892	0.4773	0.5191	0.4962	0.5149	0.5260	0.6700	0.4907	0.9506	0.4622
0.4892	0.4773	0.5191	0.4962	0.5149	0.5260	0.8433	0.5554	0.5397	0.5535
0.4892	0.4773	0.5191	0.4962	0.5149	0.5260	0.1840	1.0000	0.5397	0.5535
0.4892	0.4773	0.5191	0.4962	0.5149	0.5021	0.1814	0.6126	0.5362	0.5535
0.4892	0.4773	0.5191	0.4962	0.5149	0.5021	0.7981	0.4730	0.5362	0.5535
0.4892	0.4773	0.5191	0.4962	0.5149	0.5021	0.4500	0.4730	0.5362	0.5535
0.4892	0.5219	0.5104	0.4962	0.5149	0.5021	0.5833	0.4730	0.5362	0.5535
0.4892	0.5219	0.5171	0.4962	0.5149	0.5021	0.5833	0.4730	0.5362	0.5535
0.4892	0.5219	0.5171	0.4962	0.5149	0.5021	0.4956	0.4730	0.4902	0.5535
0.4892	0.5219	0.5171	0.4962	0.4779	0.5021	0.4956	0.4730	0.4902	0.5447
0.4892	0.5219	0.5171	0.4962	0.4779	0.5021	0.4956	0.4730	0.4902	0.5447
0.4892	0.5219	0.5171	0.4962	0.4779	0.5021	0.5471	0.4730	0.4761	0.4954
0.4892	0.5219	0.5092	0.4962	0.4779	0.5015	0.5471	0.5012	0.4761	0.4954
0.4892	0.5219	0.5092	0.4962	0.4779	0.5015	0.5471	0.5012	0.4761	0.4954
0.4892	0.5219	0.5092	0.4962	0.4779	0.5015	0.5471	0.5012	0.4761	0.4954
0.4892	0.5219	0.5092	0.4962	0.4779	0.5015	0.5471	0.5012	0.4761	0.4954
0.4892	0.5219	0.5092	0.4962	0.4779	0.5081	0.5471	0.5223	0.4761	0.4954
0.4892	0.5219	0.5092	0.4962	0.4779	0.5139	0.5222	0.5223	0.4761	0.4954
0.4650	0.5219	0.5092	0.4962	0.4779	0.5139	0.5222	0.5223	0.4761	0.4954
0.4650	0.5219	0.5092	0.4962	0.4779	0.5139	0.5222	0.4453	0.4761	0.4954
0.4950	0.5219	0.5092	0.4962	0.4779	0.5139	0.5222	0.4453	0.5081	0.4954
0.4950	0.5219	0.5092	0.4909	0.4779	0.5139	0.5222	0.4453	0.5081	0.4823
0.4950	0.5219	0.4804	0.4909	0.4779	0.5024	0.5222	0.4453	0.5081	0.4823
0.4950	0.5219	0.4804	0.4909	0.4779	0.5024	0.5222	0.4453	0.5081	0.4823
0.4950	0.5167	0.4804	0.4909	0.4779	0.5024	0.5222	0.4453	0.5081	0.4899
0.4950	0.5167	0.4804	0.4909	0.4779	0.5362	0.5222	0.4453	0.5081	0.4899
0.4950	0.5167	0.4804	0.4909	0.4779	0.5362	0.5222	0.5159	0.5081	0.4899
0.4950	0.5167	0.4804	0.4909	0.4779	0.4961	0.5222	0.5159	0.5081	0.4899
0.4950	0.5167	0.4804	0.4909	0.4779	0.4961	0.5157	0.5159	0.5081	0.4899
0.4950	0.5167	0.4804	0.4909	0.5112	0.4961	0.5157	0.4942	0.5085	0.4899
0.4950	0.5167	0.4804	0.4909	0.5112	0.4961	0.5157	0.4942	0.5085	0.4899
0.4950	0.5167	0.4804	0.5061	0.5112	0.4961	0.5114	0.4981	0.5125	0.4899
0.4950	0.5167	0.4804	0.5061	0.5112	0.4961	0.5114	0.4981	0.5125	0.4899
0.4950	0.5042	0.4804	0.5061	0.5112	0.4961	0.5114	0.4981	0.5125	0.4899
0.4950	0.5042	0.4804	0.5061	0.5112	0.4961	0.5114	0.5091	0.5125	0.4899
0.4950	0.5042	0.4804	0.5061	0.5112	0.4961	0.5114	0.5091	0.5125	0.4899
0.4950	0.5042	0.4804	0.4998	0.5112	0.4961	0.5114	0.5091	0.5125	0.4899
0.4950	0.5042	0.4804	0.4998	0.5112	0.4961	0.5114	0.5091	0.5125	0.4899
0.4970	0.5042	0.4804	0.4998	0.5112	0.4961	0.5114	0.4888	0.5125	0.4899
0.4970	0.5042	0.4804	0.4998	0.5112	0.4961	0.5114	0.4888	0.5125	0.4899
0.4970	0.5042	0.4804	0.5114	0.5112	0.4961	0.5114	0.4888	0.5125	0.4899
0.4970	0.5042	0.4957	0.5114	0.5112	0.4961	0.5114	0.4888	0.5125	0.4899
0.4970	0.5042	0.4957	0.5114	0.5112	0.4961	0.5114	0.4888	0.5125	0.4899
0.4970	0.5042	0.4957	0.5114	0.5112	0.4961	0.5114	0.4888	0.5125	0.4899
0.4970	0.4976	0.4957	0.5114	0.5112	0.4961	0.5114	0.4888	0.5125	0.4899
0.4970	0.4976	0.4957	0.5114	0.5112	0.4961	0.5114	0.4888	0.5125	0.4899
0.4970	0.4976	0.4957	0.5114	0.5112	0.4961	0.5114	0.4888	0.5125	0.4899
0.4970	0.4976	0.4957	0.5114	0.5112	0.4961	0.5114	0.4888	0.5125	0.4899
0.5031	0.4976	0.4957	0.5114	0.5112	0.4961	0.5114	0.4888	0.5125	0.4899
0.5031	0.4976	0.4957	0.5114	0.5112	0.4961	0.5114	0.4888	0.5125	0.4899
0.5134	0.4976	0.4957	0.5114	0.5112	0.4961	0.5114	0.4939	0.5125	0.4899
0.5134	0.4976	0.4957	0.5114	0.5112	0.4961	0.5114	0.4939	0.5125	0.4899
0.5134	0.4976	0.4957	0.5114	0.4842	0.4961	0.5114	0.4939	0.5292	0.4899
0.5134	0.4976	0.4957	0.5114	0.4842	0.5034	0.5114	0.4939	0.5292	0.4899
0.5134	0.4976	0.4957	0.5114	0.4842	0.5034	0.5114	0.4875	0.5292	0.4861
0.5134	0.4976	0.4957	0.5114	0.4842	0.5034	0.5114	0.4875	0.5292	0.4861
0.4997	0.4976	0.4957	0.5114	0.4842	0.5034	0.5114	0.4875	0.4820	0.4861
0.4997	0.4976	0.4957	0.5114	0.4842	0.5034	0.5114	0.4875	0.4820	0.4861
0.4997	0.4976	0.4957	0.5114	0.4842	0.5034	0.5114	0.4875	0.4850	0.4861
0.4997	0.4976	0.4957	0.5114	0.4842	0.5034	0.5114	0.4875	0.4850	0.4861
0.4997	0.4976	0.4957	0.5114	0.4842	0.5034	0.5114	0.4875	0.4850	0.4861
0.4997	0.4976	0.4957	0.5114	0.4842	0.5034	0.5114	0.4875	0.4850	0.4940
0.4997	0.4976	0.4957	0.5114	0.4842	0.5034	0.5114	0.4949	0.4850	0.4940
0.4997	0.4976	0.4957	0.5114	0.4842	0.5034	0.5114	0.4949	0.4850	0.5061
0.4997	0.4976	0.4957	0.5114	0.4842	0.5034	0.5114	0.4949	0.4850	0.5061
0.4997	0.4976	0.4957	0.5114	0.4842	0.5034	0.5114	0.4949	0.4850	0.5061
0.4997	0.5229	0.4957	0.5114	0.4842	0.5034	0.5114	0.4949	0.4850	0.5061
0.4997	0.5229	0.4957	0.5114	0.4842	0.5034	0.5114	0.4949	0.4850	0.5061
0.4997	0.5229	0.4957	0.5114	0.4842	0.5034	0.5114	0.4949	0.4850	0.5061
0.4997	0.5229	0.4957	0.5114	0.4842	0.5034	0.5114	0.4891	0.4850	0.5061
0.4997	0.5229	0.4957	0.5114	0.4842	0.5034	0.5114	0.4891	0.4850	0.5061
0.4997	0.5229	0.4957	0.5114	0.4842	0.5034	0.5114	0.4891	0.4850	0.5061
0.4997	0.5229	0.4957	0.5114	0.4842	0.5034	0.5114	0.4891	0.4850	0.5061
0.4997	0.5229	0.4957	0.5114	0.4842	0.5034	0.5114	0.4891	0.4850	0.5061
0.4997	0.5229	0.4957	0.5114	0.4842	0.5034	0.5114	0.4891	0.4850	0.5061
0.4997	0.5229	0.4957	0.5114	0.5112	0.5034	0.5114	0.4891	0.4850	0.5061
0.4997	0.5229	0.4957	0.5114	0.5112	0.5034	0.5114	0.4891	0.4850	0.5061
0.4997	0.5229	0.4957	0.5114	0.5112	0.5034	0.5114	0.4891	0.4850	0.5061
0.4997	0.5229	0.4957	0.5114	0.5112	0.5034	0.5114	0.4891	0.4850	0.5061
0.4997	0.5229	0.4957	0.5114	0.4914	0.5034	0.5114	0.4891	0.4850	0.5061
