0.6453	0.2074	0.1960	0.4574	0.0772	0.6347	0.2092	0.2195	0.3967	0.1686	0.9823	0.5973	0.9744	0.9369	0.8224	0.7622	0.5331	0.5726	0.1923	0.2374
0.8683	0.3591	0.5780	0.2298	0.5064	0.8226	0.8221	0.6858	0.5535	0.1029	0.6190	0.7889	0.2345	0.0758	0.6053	0.0500	1.0000	0.0749	0.3033	0.2183
0.7645	1.0000	0.4547	0.9421	0.6084	0.8852	0.7653	1.0000	1.0000	0.5748	0.8357	0.4640	0.2548	0.4363	0.5212	0.0000	0.3286	0.0000	1.0000	0.9770
0.5158	0.4097	0.6372	0.8448	0.5275	0.5332	0.5980	0.1993	0.5124	0.5748	0.5293	0.6581	0.4704	0.0224	0.4677	0.2035	0.3518	0.4713	0.2429	0.0000
0.8579	1.0000	0.9812	0.7918	0.5904	0.5332	0.5062	0.4450	0.5515	0.5748	1.0000	0.4550	0.6917	0.5071	0.4677	0.4379	0.5083	0.4828	0.5353	1.0000
0.4560	1.0000	0.3077	0.5270	0.9649	0.0837	1.0000	0.5730	0.3940	0.5095	0.8373	0.5258	0.9964	0.6756	0.4677	0.4836	1.0000	0.4828	0.0000	0.5875
0.4560	0.1950	1.0000	0.5266	0.2558	0.5147	1.0000	0.0623	0.8327	1.0000	0.2783	0.5258	0.0000	0.0000	0.4677	1.0000	0.7509	0.8622	0.0000	1.0000
0.5057	0.3483	0.8613	0.0000	0.2716	0.5147	0.1811	0.0000	0.4369	0.1136	0.2960	0.1713	0.5575	0.0000	0.4677	0.0000	0.5502	0.1205	0.5048	0.9193
0.5057	0.5143	0.0000	0.6772	0.4315	0.5147	0.4660	0.0000	0.4369	0.3502	0.1660	0.3872	0.4613	0.6266	0.4832	0.4900	0.0000	0.6045	0.4789	0.5981
0.4680	0.4412	0.0000	1.0000	0.5358	0.3583	1.0000	1.0000	0.4477	1.0000	0.5199	0.4938	0.2522	0.0000	0.4832	0.6648	1.0000	0.8676	0.4789	1.0000
0.4440	0.0000	0.8074	0.4668	0.5358	0.5525	0.4584	0.4785	0.4477	0.5261	0.5199	0.4938	0.9185	0.1218	0.4611	0.5359	0.3672	0.4135	0.4789	0.4621
0.4821	0.0082	0.4772	0.4668	0.5236	0.7609	0.4584	0.4840	0.4477	0.5261	0.5199	0.0586	0.4994	0.4981	0.4293	0.3218	0.4812	0.4815	0.4789	0.3623
0.4821	0.8658	0.4772	0.5200	0.2503	0.4004	0.4584	0.5036	0.0725	0.5261	0.5199	0.1371	0.4994	0.4981	0.4293	0.3144	0.4330	0.4541	0.4789	0.4720
0.4821	1.0000	0.5342	0.5200	0.4556	0.0000	0.4803	0.5036	0.4745	0.5261	0.5199	0.7707	0.4994	0.4981	0.4293	0.1592	0.7585	0.5377	0.4789	0.2736
0.4821	0.4269	0.4901	0.5200	0.4556	1.0000	0.7844	0.5036	0.4307	0.5317	0.5199	0.4908	0.4994	0.4553	0.4293	0.6350	0.4484	0.1636	0.4789	0.7339
0.4821	0.4448	0.4901	0.5200	0.4556	0.0251	0.4141	0.5831	0.6946	0.5317	0.5199	0.5810	0.4953	0.4553	0.4293	0.4583	0.2071	0.9509	0.4690	0.7499
0.4821	0.4448	0.8011	0.5200	0.4556	1.0000	0.5456	0.1283	0.2579	0.5055	0.5199	0.5228	0.4313	0.4553	0.4293	0.5172	0.2509	0.6936	0.4656	0.5539
0.4821	0.0000	0.5448	0.5200	0.4556	1.0000	0.5333	0.4412	0.4792	0.5055	0.5199	0.5228	0.5481	0.4553	0.4293	0.5172	0.5608	0.2727	0.4656	0.5766
0.4821	0.5664	0.6019	0.5200	0.4388	0.0000	1.0000	0.5168	0.5317	0.5055	0.5199	0.5228	0.5481	0.4553	0.4293	0.5172	0.4944	0.5533	0.4907	0.5165
0.5280	0.5664	1.0000	0.5104	0.4388	0.5503	0.4806	0.5168	0.4821	0.5055	0.5199	0.5228	0.6380	0.5213	0.4607	0.5114	0.4790	0.5533	0.4907	0.2443
0.5280	0.4764	0.5070	0.5104	0.4388	0.5690	0.4642	0.0698	0.4821	0.5055	0.5044	0.5228	0.7967	0.5213	0.4736	0.3541	0.4790	0.5533	0.4907	0.5971
0.5280	0.4421	0.5070	0.5104	0.4312	0.0957	0.4642	0.0079	0.4722	0.5055	0.5044	0.5228	0.5084	0.5213	0.4736	0.4837	0.4790	0.5533	0.4907	0.4874
0.5280	0.4421	0.5070	0.5104	0.4830	0.0826	0.4642	1.0000	0.4932	0.4847	0.5044	0.5228	0.5084	0.5213	0.4736	0.5844	0.4504	0.4798	0.4907	0.0000
0.5280	0.4441	0.5070	0.5104	0.4830	0.9216	0.4642	0.5281	0.4932	0.8280	0.5044	0.5228	0.5084	0.5213	0.4736	0.4711	0.5206	0.4798	0.4907	0.5213
0.5280	0.4441	0.5070	0.5104	0.4830	0.5144	0.4642	0.5281	0.4791	0.4230	0.5044	0.5228	0.5084	0.5213	0.4736	0.0000	0.5206	0.4798	0.4907	0.5213
0.5280	0.4441	0.5070	0.5104	0.4830	0.5144	0.5047	0.5281	0.4791	0.8580	0.5044	0.5228	0.5084	0.5213	0.4736	0.4338	0.5206	0.4798	0.4907	0.5213
0.5280	0.4441	0.4756	0.5104	0.4830	0.5144	0.4769	0.5172	0.4791	0.3716	0.5044	0.4942	0.5084	0.5213	0.4736	0.3280	0.5206	0.4798	0.4907	0.5213
0.5280	0.5672	0.4756	0.5104	0.4830	0.5144	0.4881	0.5172	0.4512	0.4961	0.5044	0.4942	0.5084	0.5213	0.4736	0.5766	0.5206	0.4798	0.4907	0.5213
0.5280	0.5672	0.4756	0.5104	0.4830	0.5144	0.4881	0.5172	0.5689	0.4961	0.5044	0.4942	0.5084	0.5213	0.4917	0.2826	0.5206	0.4798	0.4907	0.5213
0.5280	0.5672	0.4756	0.5104	0.4830	0.5144	0.4881	0.5172	0.9113	0.4961	0.5044	0.5346	0.5084	0.5213	0.4917	1.0000	0.5206	0.4798	0.4907	0.5213
0.5280	0.5243	0.4756	0.5068	0.4501	0.5144	0.4881	0.5172	0.1806	0.4961	0.5044	0.5153	0.5084	0.5213	0.4917	0.5193	0.5206	0.4798	0.4907	0.5213
0.5280	0.5243	0.4756	0.5068	0.4501	0.5144	0.4881	0.5172	0.0669	0.4961	0.5044	0.5344	0.5084	0.5213	0.4917	0.5349	0.5206	0.4798	0.4907	0.5213
0.5280	0.5243	0.4756	0.5068	0.4501	0.5144	0.4881	0.5172	0.5504	0.4961	0.5044	0.6366	0.5084	0.5213	0.4917	0.5259	0.5206	0.4798	0.4907	0.5213
0.5280	0.5243	0.4756	0.4895	0.2049	0.5144	0.4881	0.5172	0.5504	0.4961	0.5044	0.8526	0.5084	0.5213	0.4917	0.5259	0.5114	0.4798	0.4907	0.5029
0.4854	0.4423	0.4756	0.4895	0.4856	0.5144	0.4881	0.5189	0.5504	0.4961	0.5044	0.4638	0.5084	0.5213	0.4596	0.5259	0.5114	0.4798	0.4907	0.5029
0.4854	0.4423	0.4756	0.4895	0.4856	0.5144	0.4881	0.5189	0.5274	0.4961	0.5044	0.4638	0.5084	0.5213	0.4596	0.5259	0.5114	0.4986	0.4907	0.5029
0.4854	0.4423	0.4756	0.4895	0.4856	0.5144	0.4881	0.5189	0.5274	0.4961	0.5044	0.4735	0.5084	0.4691	0.4596	0.5259	0.5114	0.4986	0.4907	0.5029
0.4854	0.4584	0.4756	0.4895	0.4856	0.5144	0.4881	0.5189	0.5274	0.5319	0.5044	0.4735	0.5084	0.4691	0.4596	0.5259	0.5114	0.4986	0.5028	0.5029
0.4854	0.5076	0.4756	0.4895	0.4856	0.5144	0.4881	0.5189	0.5274	0.5319	0.5119	0.4735	0.5084	0.4691	0.4596	0.5259	0.5114	0.4986	0.5028	0.5029
0.4854	0.5076	0.4756	0.4895	0.4490	0.5144	0.4881	0.4737	0.5274	0.5319	0.5119	0.4735	0.5084	0.4691	0.4596	0.5259	0.5114	0.4986	0.5028	0.5029
0.4854	0.5076	0.4756	0.4895	0.5036	0.5144	0.4881	0.4737	0.5274	0.5319	0.5119	0.4735	0.5084	0.4691	0.4596	0.5174	0.5114	0.4986	0.5028	0.5029
0.4854	0.5076	0.4756	0.4895	0.5036	0.5144	0.4881	0.4737	0.5274	0.5319	0.5119	0.4735	0.5084	0.4691	0.4862	0.5174	0.5394	0.5146	0.5028	0.5029
0.4854	0.5076	0.4756	0.4895	0.5036	0.5144	0.5235	0.4737	0.5274	0.5319	0.5119	0.4821	0.5084	0.4691	0.4862	0.5174	0.5394	0.5146	0.5028	0.5029
0.4854	0.5076	0.4756	0.4895	0.5036	0.5144	0.5235	0.4737	0.5274	0.5319	0.5119	0.4821	0.5084	0.4691	0.4862	0.5174	0.5394	0.5146	0.5028	0.5029
0.4854	0.5076	0.4554	0.4895	0.5036	0.5144	0.5235	0.4737	0.5274	0.5319	0.5119	0.4821	0.5084	0.4691	0.4862	0.4672	0.5394	0.5146	0.5028	0.5029
0.4854	0.5042	0.4554	0.4895	0.5036	0.5144	0.5235	0.4737	0.5274	0.5118	0.5119	0.4604	0.5084	0.4691	0.5288	0.4672	0.5394	0.5146	0.5028	0.5029
0.4854	0.5042	0.4554	0.4895	0.5036	0.5144	0.5235	0.4737	0.5274	0.5129	0.5119	0.4604	0.5084	0.4691	0.5288	0.5136	0.5394	0.5259	0.5028	0.5029
0.4854	0.5042	0.4554	0.4895	0.5036	0.5144	0.5235	0.4737	0.5274	0.5129	0.5119	0.4604	0.5084	0.4691	0.5288	0.5136	0.5394	0.5259	0.4882	0.5029
0.4854	0.5042	0.4554	0.4895	0.5036	0.5144	0.5235	0.4737	0.5274	0.5129	0.5119	0.4604	0.5084	0.4691	0.5288	0.5136	0.5394	0.5259	0.4882	0.5029
0.4854	0.5042	0.4554	0.4895	0.5036	0.5144	0.5235	0.4737	0.5274	0.4972	0.5119	0.5380	0.5084	0.4691	0.5288	0.5136	0.5038	0.5259	0.4882	0.5029
0.4854	0.5042	0.4554	0.4895	0.4887	0.5144	0.5235	0.4737	0.5180	0.4972	0.5119	0.5380	0.5084	0.4691	0.5288	0.5136	0.5038	0.5259	0.4882	0.5029
0.4854	0.5042	0.4554	0.4895	0.4887	0.5144	0.5235	0.4737	0.5180	0.4972	0.5119	0.5380	0.5084	0.4691	0.5288	0.5136	0.5038	0.5259	0.4882	0.5029
0.4854	0.5042	0.4554	0.4895	0.4887	0.5144	0.5235	0.4737	0.5180	0.4972	0.5119	0.5380	0.5204	0.4691	0.5059	0.5136	0.5038	0.5259	0.4882	0.5029
0.4854	0.5042	0.4554	0.4895	0.4887	0.5144	0.5235	0.4737	0.5180	0.4972	0.5119	0.5380	0.5204	0.4691	0.5059	0.5136	0.5038	0.5259	0.4882	0.5029
0.4997	0.5042	0.5171	0.4895	0.4887	0.5144	0.5235	0.4737	0.5180	0.4972	0.5119	0.5380	0.5204	0.4691	0.5059	0.5136	0.5038	0.5259	0.4882	0.5029
0.4997	0.5042	0.5171	0.4895	0.4887	0.5144	0.5235	0.4737	0.5361	0.4907	0.5119	0.5380	0.5204	0.4691	0.5059	0.5136	0.5038	0.5259	0.4882	0.5029
0.4997	0.5042	0.5171	0.4895	0.4887	0.5144	0.5235	0.4737	0.5361	0.4907	0.5119	0.5380	0.5204	0.4691	0.5059	0.5136	0.5038	0.5259	0.4882	0.5029
0.4997	0.5042	0.5171	0.4859	0.4887	0.5144	0.5235	0.4737	0.5361	0.4907	0.5119	0.5380	0.5204	0.4691	0.5059	0.5136	0.5038	0.5259	0.4882	0.5029
0.4997	0.5042	0.5171	0.4859	0.4887	0.5144	0.5235	0.4737	0.5361	0.4907	0.5119	0.5380	0.5204	0.4691	0.5059	0.5136	0.5038	0.5259	0.4882	0.5029
0.4997	0.5042	0.5171	0.4859	0.4887	0.5144	0.5235	0.4906	0.5361	0.4907	0.5119	0.5380	0.5204	0.4691	0.5059	0.5136	0.5038	0.5259	0.4882	0.5029
0.4997	0.5042	0.5171	0.4859	0.4887	0.5144	0.5235	0.4906	0.5361	0.4907	0.5119	0.5380	0.5204	0.4691	0.5059	0.5026	0.5038	0.5259	0.4882	0.5029
0.4997	0.5042	0.5171	0.4859	0.4887	0.5144	0.5235	0.4866	0.5361	0.4907	0.5119	0.5523	0.5204	0.4691	0.5059	0.5026	0.5038	0.5259	0.4882	0.5139
0.4997	0.5042	0.5171	0.4859	0.4887	0.5144	0.5235	0.5176	0.5361	0.4907	0.5119	0.5162	0.4569	0.4691	0.5059	0.5026	0.5038	0.5259	0.4882	0.5139
0.4997	0.5042	0.5171	0.4859	0.4887	0.5144	0.5235	0.5176	0.5361	0.4907	0.5119	0.5162	0.4569	0.4691	0.5059	0.5026	0.5038	0.5259	0.4882	0.5139
0.4997	0.5042	0.5171	0.4859	0.4887	0.5144	0.5235	0.5176	0.5361	0.4907	0.4996	0.5162	0.4569	0.4691	0.5059	0.5026	0.5038	0.4718	0.4882	0.5196
0.4997	0.5042	0.5171	0.4859	0.4887	0.5144	0.5235	0.5176	0.4771	0.4907	0.4996	0.5162	0.4569	0.4691	0.5059	0.5026	0.5038	0.4718	0.4882	0.5196
0.4997	0.5042	0.4870	0.4859	0.4887	0.5144	0.5235	0.5176	0.4771	0.4907	0.4996	0.5162	0.4569	0.4691	0.5059	0.5026	0.5038	0.4718	0.4882	0.5196
0.4997	0.5042	0.4870	0.4859	0.4714	0.5144	0.5235	0.5176	0.4771	0.4907	0.4996	0.5162	0.4569	0.4691	0.5059	0.5026	0.5038	0.4718	0.4882	0.5196
0.4997	0.5042	0.4870	0.4859	0.4714	0.5144	0.5235	0.5176	0.4771	0.4907	0.4996	0.5162	0.4766	0.4691	0.5059	0.5026	0.5038	0.4718	0.4882	0.5196
0.4997	0.5042	0.4870	0.4859	0.4714	0.5144	0.5235	0.5176	0.4771	0.4907	0.4996	0.5162	0.4766	0.4691	0.5059	0.5026	0.5038	0.4718	0.4882	0.5196
0.4997	0.5042	0.4870	0.4859	0.4714	0.5144	0.5235	0.5176	0.4771	0.4907	0.4996	0.5162	0.4766	0.4691	0.5059	0.5026	0.5038	0.4718	0.4882	0.5196
0.4997	0.5042	0.4870	0.4859	0.4714	0.5144	0.5235	0.5176	0.4771	0.4907	0.4996	0.5162	0.4766	0.4691	0.5059	0.5026	0.5038	0.4718	0.5244	0.5196
0.4997	0.5042	0.4870	0.4859	0.4714	0.5144	0.5235	0.5176	0.4771	0.4907	0.4996	0.5162	0.4766	0.4691	0.5059	0.5026	0.5038	0.4718	0.5244	0.5196
0.4997	0.5042	0.4870	0.4859	0.4714	0.5144	0.5235	0.5176	0.4771	0.4907	0.4996	0.5153	0.4766	0.4691	0.5059	0.5026	0.5038	0.4718	0.5244	0.5196
0.4997	0.5042	0.4870	0.4859	0.4714	0.5144	0.5235	0.5176	0.4771	0.4907	0.4996	0.5153	0.5086	0.4691	0.5059	0.5026	0.5038	0.4718	0.5244	0.5196
0.4997	0.5042	0.4870	0.4859	0.4714	0.5144	0.5235	0.5176	0.4771	0.4907	0.4996	0.4695	0.5086	0.4691	0.5059	0.5026	0.5038	0.4718	0.5060	0.5196
0.4997	0.5042	0.5073	0.4996	0.5212	0.5144	0.5235	0.5176	0.4771	0.4907	0.4996	0.5062	0.5086	0.5349	0.5059	0.5026	0.5038	0.4718	0.5060	0.5196
0.4997	0.5042	0.5073	0.4996	0.5212	0.5144	0.5235	0.5176	0.4771	0.4907	0.4996	0.5062	0.5086	0.5349	0.5059	0.5026	0.5038	0.4718	0.4909	0.5196
0.4997	0.5042	0.5073	0.4996	0.5212	0.5144	0.5235	0.5176	0.4771	0.4907	0.4996	0.5062	0.5086	0.5349	0.5059	0.4901	0.5038	0.4718	0.4909	0.5196
0.4997	0.5042	0.5073	0.4996	0.5212	0.5144	0.5235	0.5176	0.4771	0.4907	0.4996	0.5062	0.5086	0.5349	0.5059	0.4901	0.5038	0.4718	0.4909	0.5196
0.4997	0.5042	0.5073	0.4996	0.5212	0.5043	0.5235	0.5176	0.4771	0.4957	0.4996	0.5062	0.5086	0.5349	0.5059	0.4901	0.5038	0.4718	0.4909	0.5196
0.4997	0.5042	0.5073	0.4996	0.5212	0.5043	0.5187	0.5176	0.4771	0.4957	0.4996	0.5062	0.5086	0.5349	0.5059	0.4901	0.5038	0.4718	0.4909	0.5196
0.4997	0.5042	0.5073	0.4996	0.5212	0.5043	0.5187	0.5176	0.5369	0.4957	0.4996	0.5062	0.5086	0.5349	0.5059	0.4901	0.5038	0.4718	0.4909	0.5196
0.4997	0.5042	0.5073	0.4996	0.5212	0.5043	0.5187	0.5176	0.5369	0.4957	0.4996	0.5062	0.5086	0.5349	0.5059	0.4901	0.5038	0.4718	0.4909	0.5196
0.4997	0.5042	0.5073	0.4996	0.5212	0.5043	0.5187	0.5176	0.5369	0.4957	0.4996	0.5062	0.5086	0.5349	0.5059	0.5250	0.5038	0.4718	0.4909	0.5196
0.4997	0.5042	0.5073	0.4996	0.5212	0.5043	0.5187	0.5176	0.5369	0.4957	0.4996	0.5062	0.5086	0.5349	0.5059	0.5148	0.5038	0.4718	0.4909	0.5196
0.4997	0.5042	0.5073	0.4996	0.5212	0.5043	0.5187	0.5176	0.5369	0.4957	0.4996	0.5062	0.5086	0.5349	0.5059	0.5148	0.5038	0.4718	0.4909	0.5196
0.4997	0.5042	0.5073	0.4996	0.5212	0.4858	0.5187	0.5176	0.5369	0.4957	0.4996	0.5062	0.5086	0.5349	0.5059	0.5148	0.5038	0.5086	0.5055	0.5196
0.4997	0.5042	0.5073	0.4996	0.5212	0.4858	0.5187	0.4861	0.5369	0.4957	0.4996	0.5062	0.5086	0.5349	0.5059	0.5148	0.5038	0.5086	0.5055	0.5196
0.4997	0.5042	0.5073	0.4996	0.5212	0.4858	0.5187	0.4861	0.5369	0.4957	0.4996	0.5062	0.5086	0.5349	0.5059	0.5148	0.5038	0.5086	0.5055	0.5196
0.4997	0.5042	0.5073	0.4996	0.5212	0.4858	0.5187	0.4861	0.5369	0.4957	0.4996	0.5062	0.5086	0.5349	0.5059	0.5148	0.5038	0.5086	0.5055	0.5196
0.4997	0.5042	0.5073	0.4996	0.5212	0.4858	0.5187	0.4861	0.5369	0.4957	0.4996	0.5062	0.4813	0.5349	0.5059	0.5148	0.5038	0.5086	0.5055	0.5196
0.4997	0.5042	0.5073	0.4996	0.5212	0.4858	0.5187	0.4861	0.5369	0.4957	0.4996	0.5062	0.4813	0.5349	0.5059	0.5148	0.5038	0.5086	0.5055	0.5196
0.4997	0.5042	0.5073	0.4996	0.5212	0.4858	0.5187	0.4861	0.5369	0.4957	0.4996	0.5062	0.4813	0.5349	0.5059	0.5148	0.5038	0.5086	0.5055	0.5196
0.4997	0.5042	0.5073	0.4996	0.5212	0.4858	0.5187	0.4861	0.5369	0.4957	0.4996	0.5062	0.4813	0.5349	0.5059	0.5148	0.5038	0.5086	0.5055	0.5196
0.4997	0.5042	0.5073	0.4996	0.5212	0.4858	0.5187	0.4861	0.5369	0.4957	0.4996	0.5062	0.4813	0.5349	0.5059	0.5148	0.5038	0.5086	0.5055	0.5196
0.4997	0.5042	0.5073	0.4996	0.5212	0.4858	0.5187	0.4861	0.4758	0.4957	0.4996	0.5062	0.4813	0.5349	0.5059	0.5148	0.5038	0.5086	0.5055	0.5196
0.4997	0.5042	0.5073	0.4996	0.5212	0.4858	0.5187	0.5230	0.4758	0.4957	0.4996	0.4765	0.4813	0.5349	0.5059	0.5148	0.5038	0.5086	0.5055	0.5057
0.4997	0.5042	0.5073	0.4996	0.5212	0.4858	0.5187	0.5230	0.4758	0.4957	0.4996	0.4765	0.4813	0.5349	0.5059	0.5148	0.5038	0.5086	0.5055	0.5057
0.4997	0.5042	0.5073	0.4996	0.5212	0.4858	0.5187	0.5230	0.4758	0.4957	0.4996	0.4765	0.4813	0.5349	0.5059	0.5148	0.5038	0.5086	0.5055	0.5057
0.4997	0.5042	0.5073	0.4996	0.5212	0.4858	0.5187	0.5230	0.4758	0.4957	0.4996	0.4765	0.4813	0.5349	0.5059	0.5148	0.5038	0.5086	0.5055	0.5057
