0.3935	0.5562	0.0523	0.1146	0.1182	0.5689	0.6458	0.6359	0.9211	0.8257
0.6110	0.9242	0.1844	0.8700	0.3427	1.0000	0.2884	0.0032	1.0000	0.3600
0.2801	0.0000	0.6296	0.5682	0.2123	0.4713	1.0000	1.0000	0.3034	0.6341
0.4939	0.0000	0.4019	0.2059	0.7162	0.5282	0.0796	0.5181	0.4010	0.6508
0.0000	0.0000	0.6617	0.7235	0.2647	0.5123	0.5784	0.8314	0.6157	0.0783
0.5791	0.5133	0.2514	0.4983	0.3776	0.5123	0.2331	0.5000	0.0000	1.0000
0.4150	1.0000	1.0000	0.4959	0.0000	0.8663	0.2370	0.5927	0.5899	0.4632
0.5145	0.6455	0.0000	0.4959	0.8548	0.0808	0.4930	0.4143	0.6072	1.0000
0.6794	0.9444	0.7013	0.4810	0.0000	0.1361	0.4930	0.5856	0.2686	0.5196
0.6941	0.0110	0.0000	0.4810	0.5512	0.0000	0.5286	0.5603	0.7563	0.3921
0.0819	0.3110	0.0000	0.9012	0.2604	0.0000	0.2863	0.5033	1.0000	0.2686
0.6005	0.6294	0.0000	0.1044	0.7256	0.5831	0.2863	0.5033	1.0000	0.3054
0.3681	0.7816	0.3501	0.1042	0.3737	0.5831	0.6334	0.5033	0.3815	0.0000
1.0000	0.7896	0.1759	1.0000	0.5945	0.5283	0.3723	0.3996	0.6237	0.6004
0.8395	0.0000	0.6806	0.0000	0.4583	0.6512	0.3723	0.9491	0.2820	0.5529
0.4053	0.2825	0.3606	0.7180	1.0000	0.5179	0.6234	0.5096	0.6123	0.4036
0.5025	0.2825	0.5863	0.5982	0.6991	0.5179	0.5099	0.5096	0.3449	0.9893
0.5025	0.1871	0.6083	0.5982	0.6991	0.3871	0.5005	0.5096	0.6252	0.0000
0.4648	0.7167	0.6083	0.6173	0.7362	0.3806	0.5005	0.5096	0.5067	0.0000
0.4117	0.7167	0.6741	0.6158	0.3777	0.3806	0.5005	0.5096	0.5067	0.2263
0.5991	0.5156	0.0000	0.6158	0.3777	0.6374	0.5005	0.5096	0.5067	0.6373
0.6041	0.5156	0.6045	0.6158	0.4997	0.0000	0.5005	0.5096	0.6107	0.7230
0.6041	0.5156	0.6257	0.6158	0.4099	0.3855	0.5005	0.5096	0.6107	0.4953
0.6041	0.1479	0.8250	0.7165	0.3834	0.0754	0.5952	0.5096	0.3978	0.4953
0.6041	0.3011	0.2652	1.0000	0.3816	0.0000	0.5952	0.5096	0.3978	0.4953
0.6041	0.9036	0.6377	0.4118	0.6298	0.0000	0.5952	0.5096	0.3978	0.4953
0.5096	0.4804	0.7103	0.4156	0.6298	0.6938	0.5952	0.5096	0.3978	0.4953
0.5968	0.3915	0.3990	0.0122	0.7298	0.4846	0.6116	0.5096	0.4980	0.4953
0.6202	0.5152	0.3990	0.6377	0.7298	0.6049	0.5171	0.5029	0.4980	0.4953
0.3929	0.3979	0.3990	0.7442	0.7298	0.6049	0.5171	0.5029	0.4980	0.4953
0.3929	0.7274	0.3990	0.6160	0.7298	0.3837	0.5171	0.5029	0.4980	0.4953
0.3929	0.3873	0.3990	0.6160	0.7298	0.4993	0.5171	0.4957	0.4980	0.4953
0.3929	0.3853	0.3990	0.4883	0.7298	0.4993	0.5171	0.4957	0.4980	0.4953
0.3929	0.3853	0.3990	0.4883	0.6288	0.5918	0.5171	0.4957	0.4980	0.4953
0.3929	0.4858	0.3990	0.4883	0.7171	0.5918	0.5171	0.4957	0.4980	0.4953
0.3929	0.4858	0.3990	0.4883	0.3802	0.5918	0.5171	0.4957	0.4980	0.4953
0.3929	0.4858	0.3990	0.4883	0.3802	0.6044	0.5171	0.4957	0.4980	0.4953
0.3929	0.4858	0.3990	0.4883	0.5073	0.6044	0.5171	0.4957	0.4980	0.4953
0.3929	0.4858	0.3990	0.4883	0.5073	0.3887	0.5171	0.3792	0.4980	0.4953
0.3929	0.4858	0.3990	0.4883	0.5073	0.3887	0.5171	0.3792	0.4980	0.4953
0.3929	0.4858	0.3865	0.4883	0.5073	0.6109	0.5171	0.3792	0.4980	0.4953
0.3929	0.4858	0.3865	0.4883	0.5073	0.6109	0.5171	0.3792	0.4980	0.4953
0.3929	0.4858	0.3865	0.4883	0.5073	0.6109	0.5171	0.3792	0.4980	0.4953
0.3929	0.4858	0.3865	0.4993	0.5073	0.6109	0.5171	0.3792	0.6056	0.4953
0.3929	0.4858	0.3865	0.4993	0.5073	0.6109	0.5171	0.3792	0.6056	0.4953
0.5003	0.4858	0.3865	0.4993	0.5073	0.6109	0.5094	0.3792	0.6056	0.4953
0.5003	0.4858	0.3865	0.4993	0.5073	0.6109	0.5094	0.3792	0.6056	0.4953
0.5003	0.4858	0.3865	0.5027	0.5073	0.6109	0.5094	0.3792	0.6056	0.4953
0.5003	0.4858	0.3865	0.5027	0.5073	0.6109	0.5094	0.3792	0.6056	0.4953
0.5003	0.4858	0.3865	0.5027	0.5073	0.6109	0.5094	0.3792	0.6056	0.4953
0.5003	0.4858	0.3865	0.5027	0.5073	0.6109	0.5094	0.3792	0.6056	0.4953
0.5003	0.4858	0.3865	0.5027	0.5073	0.6109	0.5094	0.3792	0.6056	0.4953
0.5003	0.4858	0.3865	0.5027	0.5073	0.6109	0.5094	0.3792	0.6056	0.4953
0.5003	0.4858	0.3865	0.5027	0.5073	0.6109	0.5094	0.3792	0.6056	0.4953
0.5003	0.6100	0.3865	0.5027	0.5073	0.6109	0.5094	0.3792	0.6056	0.4953
0.5003	0.5969	0.3865	0.5027	0.5073	0.6109	0.5094	0.3792	0.6056	0.4953
0.5003	0.5969	0.3865	0.5027	0.5073	0.6109	0.5094	0.3792	0.6056	0.4953
0.5003	0.5969	0.3865	0.5027	0.5073	0.6109	0.5094	0.3792	0.6056	0.4953
0.5003	0.5969	0.3865	0.5027	0.5073	0.6109	0.5094	0.3792	0.6056	0.4953
0.5003	0.5969	0.3865	0.5027	0.5073	0.6109	0.5094	0.4931	0.6056	0.4953
0.5003	0.6072	0.3865	0.5027	0.5073	0.6109	0.5094	0.4931	0.6056	0.4953
0.5003	0.6072	0.3865	0.5027	0.5073	0.6109	0.5094	0.4931	0.6056	0.4953
0.5003	0.6072	0.4968	0.5027	0.5073	0.6109	0.5094	0.4931	0.6056	0.4953
0.5003	0.6072	0.4968	0.5027	0.5073	0.6109	0.5094	0.4931	0.6056	0.4953
0.5003	0.6072	0.4968	0.5027	0.5073	0.6109	0.5094	0.4931	0.6056	0.4953
0.5003	0.6072	0.4968	0.5027	0.5073	0.6109	0.5094	0.4931	0.6056	0.3825
0.5003	0.6115	0.4987	0.5027	0.5073	0.6109	0.5094	0.4931	0.6056	0.3825
0.5003	0.6115	0.4987	0.5027	0.5073	0.6109	0.5094	0.4931	0.6056	0.3825
0.5003	0.6115	0.4987	0.5027	0.5073	0.6109	0.5094	0.5135	0.6056	0.3825
0.5003	0.6115	0.4987	0.5027	0.5073	0.6109	0.5094	0.5135	0.6056	0.3825
0.5003	0.6115	0.4987	0.5027	0.5073	0.6109	0.5094	0.5135	0.6056	0.3825
0.5003	0.6115	0.4987	0.5027	0.5073	0.6109	0.5094	0.5135	0.6056	0.3825
0.5003	0.6115	0.4987	0.5027	0.5073	0.6109	0.5094	0.5135	0.6056	0.3825
0.5003	0.6115	0.4987	0.5027	0.5073	0.6109	0.5094	0.5135	0.6056	0.3825
0.5003	0.6115	0.4987	0.5027	0.5073	0.6109	0.5094	0.5135	0.6056	0.3825
0.5003	0.6115	0.4987	0.5027	0.5073	0.6109	0.5094	0.5135	0.6056	0.3825
0.5003	0.6115	0.4987	0.5027	0.5073	0.6109	0.5094	0.5135	0.6056	0.3825
0.5003	0.6115	0.4987	0.5027	0.5073	0.6109	0.5094	0.5135	0.6056	0.3825
0.5003	0.6115	0.4987	0.5027	0.5073	0.6109	0.5094	0.5135	0.6056	0.3825
0.5003	0.6115	0.4987	0.5027	0.5073	0.6109	0.5094	0.5135	0.6056	0.3825
0.5003	0.6115	0.4987	0.5027	0.5073	0.6109	0.5094	0.5135	0.6056	0.3825
0.5003	0.6115	0.4987	0.5027	0.5073	0.6109	0.5094	0.5135	0.6056	0.3825
0.5003	0.6115	0.4987	0.5027	0.5073	0.6109	0.5094	0.5135	0.6056	0.3825
0.5003	0.6115	0.4987	0.5027	0.5073	0.6109	0.5094	0.5135	0.6056	0.3825
0.5003	0.6115	0.4987	0.5027	0.5073	0.6109	0.5094	0.5135	0.6056	0.3825
0.5003	0.6115	0.4987	0.5027	0.5073	0.6109	0.5094	0.5135	0.6056	0.3825
0.5003	0.6115	0.4987	0.5027	0.5073	0.6109	0.5094	0.5135	0.6056	0.3825
0.5003	0.6115	0.4987	0.5027	0.5073	0.6109	0.5094	0.5135	0.6056	0.3825
0.5003	0.6115	0.4987	0.5027	0.5073	0.6109	0.5094	0.5135	0.6056	0.3825
0.5003	0.6115	0.4987	0.5027	0.5073	0.6109	0.5094	0.5135	0.6056	0.3825
0.5003	0.6115	0.5027	0.5027	0.5073	0.6109	0.5034	0.5135	0.6056	0.3825
0.5003	0.6115	0.5027	0.5027	0.5073	0.6109	0.5034	0.5114	0.6090	0.3825
0.5003	0.6115	0.5027	0.5027	0.5073	0.6109	0.5034	0.5114	0.6090	0.3825
0.5003	0.6115	0.5027	0.5027	0.5073	0.6109	0.5034	0.5114	0.6090	0.3825
0.5003	0.6115	0.5027	0.5027	0.5073	0.6109	0.5034	0.5114	0.6090	0.3825
0.5003	0.6115	0.5027	0.5027	0.5073	0.6109	0.5034	0.5114	0.6090	0.3825
0.5003	0.6115	0.5027	0.5027	0.5073	0.6109	0.5034	0.5114	0.4945	0.3825
0.5003	0.4929	0.5027	0.5027	0.5073	0.6109	0.5034	0.5114	0.4945	0.3825
0.5003	0.4929	0.5027	0.5027	0.5073	0.6109	0.5034	0.5114	0.4945	0.3970
0.5003	0.4929	0.5027	0.5027	0.5073	0.6109	0.5034	0.5114	0.4945	0.3970
0.5003	0.4929	0.5027	0.5027	0.5073	0.6109	0.5034	0.5114	0.4945	0.3970
