0.9947	0.7571	0.3063	0.3747	0.7487	0.8205	0.5050	0.9820	0.5303	0.4604	0.6621	0.2559	0.9757	0.1030	0.9364	0.0043	0.9682	0.0427	0.0186	0.2873
0.2969	0.6165	0.4988	0.2664	0.8481	0.6062	0.0000	0.2251	0.0000	0.2791	0.4114	0.7070	1.0000	0.3844	0.6275	0.4009	0.0000	0.6915	0.5767	0.8097
0.8581	0.4117	0.5175	0.2278	0.7013	0.6745	0.3058	0.3617	0.0000	0.0000	0.4185	0.4963	0.3786	0.5016	1.0000	0.4820	0.4176	0.4009	0.3769	0.2974
0.0000	0.3977	0.5175	0.9871	0.3135	0.6745	0.6204	0.0000	0.5977	0.6795	0.0000	0.3080	0.5869	0.1166	0.5148	0.4940	0.4001	0.5963	0.3014	0.5643
0.4246	0.3044	0.5175	0.4146	0.5053	0.6745	0.4344	0.3451	0.5977	0.5883	0.3478	0.3606	0.7368	0.3235	0.7474	0.5823	0.6022	0.6935	0.3014	0.1440
0.8526	0.5945	0.5175	1.0000	0.2010	0.6745	0.7113	0.0000	0.6146	0.5883	0.4294	0.5923	0.6141	0.3235	0.4361	0.5098	0.6022	0.9400	0.4117	0.5398
0.5797	0.8812	0.5175	0.5677	0.1566	0.6772	0.7670	0.6751	0.5204	0.5883	0.2961	0.9110	0.4902	0.4693	0.3978	0.1091	0.5198	0.4664	0.3947	1.0000
0.5101	0.0630	0.3187	0.5748	0.6095	0.2996	0.6885	0.5229	0.6890	0.5883	0.5874	0.8117	0.5279	0.6859	0.3978	0.5004	0.4234	0.3005	0.3947	0.2875
0.4910	0.5047	0.3187	0.4906	0.4074	0.5805	0.3284	0.5229	0.6769	0.5883	0.5817	0.6738	0.5164	0.5910	0.3978	0.4522	0.5262	0.5816	0.3947	0.3127
0.8105	0.8249	0.3187	0.1091	0.4074	0.5805	0.6339	0.5170	0.3318	0.6020	0.0000	0.2206	0.9089	0.7422	0.9704	0.4979	0.0852	0.5816	0.3947	0.9701
0.5079	0.6059	0.3187	0.6835	0.4074	1.0000	0.4063	0.5128	0.4959	0.6020	0.5926	0.4229	0.5813	0.4088	0.3643	0.6104	0.4843	0.4917	0.3994	0.4066
0.5882	0.4457	0.3187	0.5956	0.4074	0.8807	0.4055	0.6732	0.5621	0.6020	0.2293	0.4980	0.4749	1.0000	0.2217	0.7931	0.0000	0.4917	0.3994	0.6493
0.5882	0.2237	0.3187	0.0000	0.6921	0.8591	0.3055	0.6732	0.5962	0.6020	0.5703	0.4980	0.3996	1.0000	0.7013	0.6304	0.4230	0.4917	0.3994	0.8856
0.5882	0.5131	0.3187	0.6847	0.6730	0.5848	0.4584	0.4281	0.5962	0.4122	0.0000	0.3763	0.3996	0.4217	0.3101	0.9853	0.4654	0.4917	0.3994	0.6088
0.5882	0.7833	0.3187	1.0000	0.6730	0.5933	1.0000	0.5440	0.5962	0.4122	0.1368	0.6001	0.4727	0.6867	0.6955	0.9168	0.6209	0.4013	0.3994	0.4273
0.5882	1.0000	0.5035	0.7742	0.6730	0.3284	0.8004	0.6660	0.4167	0.4122	0.0000	0.4019	0.8440	0.3578	0.5713	0.4742	0.4289	0.4013	0.3994	0.7407
0.5882	0.6736	0.5035	0.2976	0.5227	0.3125	0.8487	0.6660	0.4167	0.4122	0.4308	0.4019	0.9778	0.5907	0.4987	0.1882	0.3979	0.4013	0.3994	0.4143
0.9307	0.6736	0.5035	0.6149	0.5900	0.4895	1.0000	0.6660	0.4167	0.4122	0.3033	0.4019	0.5970	0.5907	0.4987	0.6800	0.3143	0.4013	0.3994	0.4143
0.3410	0.6736	0.5035	0.2863	0.3048	0.4895	0.5644	0.6660	0.4167	0.4122	0.8244	0.4019	0.5868	0.5848	0.5866	0.6800	0.5056	0.3175	0.3994	0.5747
0.0000	0.6736	0.5035	0.6773	0.6768	0.4895	0.9296	0.6660	0.4167	0.6788	0.3907	0.4019	0.4746	0.3316	0.6820	0.7880	0.5056	0.3175	0.3030	0.5747
0.2680	0.6736	0.5035	0.6752	0.6768	0.4895	0.4153	0.6660	0.4126	0.5111	0.8978	0.4019	0.8787	0.7326	0.6820	0.4865	0.5056	0.3175	0.3030	0.4240
0.5397	0.6736	0.5035	0.4881	1.0000	0.5027	0.4153	0.6660	0.4126	0.5111	0.5168	0.4019	0.5101	1.0000	0.6820	0.4865	0.5056	0.3175	0.4911	0.4802
0.6715	0.5854	0.5035	0.4881	0.5546	0.5027	0.4153	0.3952	0.6787	0.5837	1.0000	0.4019	0.3287	0.6831	0.6820	0.4865	0.5056	0.3175	0.4911	0.4958
0.7618	0.5725	0.5035	0.4881	0.1093	0.5027	0.4153	0.3952	0.6787	0.5837	0.4907	0.5088	0.3287	0.3336	0.6820	0.4865	0.5056	0.3175	0.4911	0.4958
0.4960	0.5950	0.5035	0.3956	0.5076	0.5027	0.4153	0.3952	0.6787	0.5837	0.5729	0.5088	0.6031	0.3336	0.6820	0.4865	0.5056	0.3175	0.4911	0.4958
0.4026	0.4225	0.5035	0.3956	0.5076	0.5027	0.4153	0.3952	0.6787	0.5837	0.6740	0.3957	0.7875	0.0241	0.5868	0.4865	0.5056	0.6002	0.4119	0.4958
0.4026	0.4225	0.5035	0.3956	0.5076	0.5027	0.3170	0.3072	0.5882	0.5837	0.4204	0.3957	0.6103	0.5218	0.5868	0.4865	0.5056	0.6002	0.4119	0.4958
0.4026	0.4225	0.5035	1.0000	0.5076	0.5027	0.3170	0.5661	0.5882	0.5837	0.5035	0.3957	0.3263	0.4920	0.5868	0.4865	0.5056	0.6814	0.4119	0.4958
0.4026	0.4151	0.5035	0.3539	0.5076	0.5027	0.3236	0.5927	0.5882	0.5837	0.4956	0.5867	0.3263	0.4920	0.5868	0.4865	0.5056	0.6814	0.4119	0.4958
0.4026	0.7588	0.5035	0.4196	0.5076	0.5027	0.0000	0.4939	0.5882	0.4969	0.4956	0.5091	0.3263	0.5898	0.5868	0.4865	0.5056	0.6814	0.4119	0.4958
0.4026	1.0000	0.5035	0.4196	0.5076	0.5027	0.7795	0.4939	0.5882	0.4969	0.4998	0.5782	0.3263	0.5898	0.5868	0.6862	0.5056	0.6814	0.4119	0.4958
0.4026	0.1994	0.5035	0.7744	0.5076	0.5027	0.6057	0.3250	0.5882	0.4969	0.4998	0.5782	0.3263	0.5898	0.5868	0.6862	0.5056	0.6814	0.4119	0.4958
0.4026	0.2394	0.5035	0.2110	0.5076	0.5027	0.6084	0.3250	0.5882	0.4969	0.3085	0.5074	0.6702	0.5898	0.5868	0.6862	0.5056	0.6814	0.4119	0.4958
0.4026	0.6152	0.5035	1.0000	0.5076	0.5027	0.6084	0.3250	0.5882	0.4969	0.3085	0.5074	0.2315	0.5898	0.4897	0.5851	0.5056	0.6814	0.4119	0.4906
0.4026	0.3298	0.5035	0.7752	0.5076	0.5027	0.4999	0.4205	0.5882	0.4969	0.3085	0.5878	0.6859	0.5898	0.5865	0.5851	0.5056	0.6814	0.4119	0.5958
0.4026	0.4880	0.5035	0.4110	0.5076	0.5027	0.4999	0.4021	0.5882	0.4969	0.3085	0.5878	0.6859	0.5898	0.5865	0.5851	0.5056	0.7658	0.4119	0.4003
0.4026	0.4880	0.5035	0.4110	0.5076	0.5027	0.4999	0.4021	0.5882	0.4969	0.3085	0.5878	0.3245	0.5898	0.5865	0.5851	0.5056	0.6722	0.4119	0.4003
0.4026	0.4880	0.5035	0.4110	0.5076	0.5027	0.4999	0.5006	0.5882	0.4969	0.3085	0.5106	0.5035	0.5898	0.5865	0.5919	0.5056	0.6722	0.4119	0.4003
0.4026	0.3314	0.5035	0.4110	0.5076	0.5027	0.5873	0.5006	0.5882	0.4969	0.4799	0.5029	0.5035	0.5898	0.5865	0.5919	0.5056	0.6722	0.4119	0.4003
0.4026	0.3314	0.5035	0.4110	0.5076	0.5027	0.5783	0.5006	0.5882	0.4969	0.4799	0.5878	0.5035	0.5898	0.5865	0.5919	0.5056	0.6722	0.4119	0.4003
0.4026	0.3314	0.5943	0.4110	0.5076	0.5027	0.6887	0.5006	0.5882	0.4969	0.4095	0.5878	0.5035	0.5898	0.5865	0.5919	0.5056	0.6722	0.4119	0.4003
0.4026	0.3314	0.5943	0.4110	0.5859	0.5027	0.6887	0.5006	0.5882	0.4969	0.3984	0.5878	0.5035	0.5898	0.5865	0.5919	0.5056	0.6722	0.4119	0.4003
0.4026	0.4212	0.5943	0.4805	0.5859	0.5027	0.6887	0.5006	0.4148	0.4969	0.5774	0.5878	0.5035	0.4135	0.5865	0.4885	0.5056	0.6722	0.4119	0.4003
0.4026	0.4212	0.5943	0.4902	0.5859	0.5027	0.6835	0.5006	0.4148	0.4969	0.5774	0.5878	0.5035	0.4135	0.5865	0.4885	0.5056	0.6722	0.4119	0.4009
0.4026	0.4212	0.5943	0.4902	0.5956	0.5027	0.0000	0.5006	0.4148	0.4969	0.5726	0.5878	0.5035	0.4135	0.5865	0.4885	0.5056	0.4072	0.4119	0.4009
0.4026	0.4212	0.5943	0.4902	0.5971	0.5027	0.6736	0.5006	0.5866	0.4969	0.5967	0.5878	0.5035	0.6797	0.5865	0.4885	0.4075	0.4072	0.4119	0.4009
0.5884	0.4212	0.5943	0.4902	0.5971	0.5027	0.4842	0.5006	0.5866	0.4969	0.5145	0.5878	0.5035	0.4238	0.5865	0.4885	0.4075	0.4072	0.4119	0.4009
0.5884	0.4212	0.5943	0.4902	0.5087	0.5027	0.4842	0.5006	0.5866	0.4969	0.5145	0.5878	0.5035	0.4203	0.5865	0.4885	0.4075	0.4072	0.4119	0.4009
0.5884	0.4212	0.5943	0.5895	0.5087	0.5027	0.4842	0.5006	0.5004	0.4969	0.5145	0.5878	0.5035	0.5876	0.5865	0.4885	0.4075	0.5879	0.5069	0.4009
0.5884	0.4212	0.5943	0.5895	0.5087	0.5027	0.4842	0.5006	0.5004	0.4969	0.5145	0.5878	0.5035	0.3942	0.5865	0.4885	0.4075	0.5879	0.5069	0.4009
0.5884	0.4212	0.5943	0.5895	0.5087	0.5027	0.4842	0.5006	0.5004	0.4969	0.4972	0.5878	0.5035	0.4108	0.5865	0.4885	0.4075	0.5879	0.5069	0.4009
0.5884	0.4212	0.5943	0.5895	0.5087	0.5027	0.4842	0.5006	0.5004	0.4969	0.4972	0.5878	0.4121	0.6792	0.5865	0.4885	0.4075	0.5879	0.5069	0.6773
0.5884	0.4212	0.5943	0.4180	0.5087	0.5027	0.4842	0.5006	0.5004	0.4969	0.4972	0.5878	0.4121	0.6792	0.5865	0.4885	0.4075	0.5879	0.5069	0.6773
0.5884	0.5032	0.5943	0.4180	0.5087	0.5027	0.5933	0.5006	0.5004	0.4969	0.4972	0.5878	0.4121	0.4933	0.5865	0.4885	0.4075	0.5879	0.5069	0.6773
0.5884	0.5032	0.5943	0.5961	0.3241	0.5027	0.5933	0.5006	0.5004	0.4969	0.4972	0.5878	0.4121	0.4933	0.5865	0.4885	0.4075	0.5879	0.5060	0.4929
0.5884	0.5032	0.5943	0.5961	0.3241	0.5027	0.5933	0.5006	0.5004	0.4969	0.4972	0.5878	0.4121	0.4933	0.5865	0.4885	0.4075	0.5879	0.5060	0.4929
0.5884	0.5032	0.5943	0.5961	0.5791	0.5027	0.5933	0.5006	0.5004	0.4969	0.4972	0.5878	0.4121	0.4933	0.5865	0.4885	0.4075	0.5879	0.5060	0.4929
0.5884	0.5032	0.5943	0.5961	0.5791	0.5027	0.3201	0.5006	0.5004	0.4969	0.4972	0.5878	0.4121	0.4933	0.5865	0.5006	0.4075	0.5879	0.5060	0.4929
0.5884	0.5032	0.5943	0.5946	0.5791	0.5027	0.3201	0.5006	0.5004	0.4969	0.4972	0.5878	0.4121	0.4933	0.5865	0.5006	0.4075	0.5879	0.5060	0.4929
0.5884	0.5032	0.5943	0.5946	0.4897	0.5027	0.3201	0.5006	0.5004	0.4969	0.4972	0.5878	0.4121	0.4933	0.5865	0.5006	0.4075	0.5879	0.5060	0.4929
0.4033	0.5032	0.5943	0.5946	0.4974	0.5027	0.3201	0.5006	0.5004	0.4969	0.4972	0.5878	0.4121	0.4170	0.5865	0.5006	0.4075	0.5879	0.5060	0.4929
0.4033	0.5032	0.5943	0.5946	0.4974	0.5027	0.3201	0.5006	0.5004	0.4969	0.4972	0.5021	0.4121	0.4170	0.5865	0.5840	0.4075	0.5879	0.5060	0.4929
0.4033	0.5032	0.5943	0.5946	0.4974	0.5027	0.3201	0.5006	0.5004	0.4969	0.4972	0.5021	0.4121	0.4170	0.5865	0.5840	0.4075	0.5879	0.5971	0.4929
0.4033	0.5032	0.5943	0.5946	0.4974	0.5027	0.3201	0.5006	0.5004	0.4969	0.4972	0.5021	0.4121	0.4170	0.5865	0.5840	0.4075	0.5879	0.5971	0.4929
0.4033	0.5032	0.5943	0.5946	0.4974	0.5027	0.3201	0.5006	0.5004	0.4969	0.4972	0.5021	0.4121	0.4170	0.5865	0.5840	0.5010	0.5879	0.5971	0.4929
0.4033	0.5032	0.5943	0.5946	0.4974	0.5027	0.3201	0.5006	0.5004	0.4969	0.4972	0.5021	0.4121	0.4170	0.5865	0.5075	0.5010	0.5879	0.5971	0.4929
0.5853	0.5032	0.5943	0.5946	0.4974	0.5027	0.5072	0.5006	0.5004	0.4969	0.4984	0.5021	0.4121	0.4170	0.5865	0.5075	0.5010	0.5879	0.5971	0.4929
0.5853	0.5032	0.5943	0.5946	0.4974	0.5027	0.5072	0.5006	0.5004	0.4969	0.4984	0.5021	0.4121	0.4170	0.5865	0.5075	0.5010	0.5879	0.5971	0.4929
0.5853	0.5032	0.5943	0.5946	0.4974	0.5027	0.5072	0.5006	0.4128	0.4969	0.4984	0.5021	0.4121	0.4170	0.5865	0.5075	0.5010	0.5879	0.5971	0.4929
0.5853	0.5032	0.5943	0.5946	0.4974	0.5027	0.5072	0.5006	0.4914	0.4969	0.4984	0.5021	0.4121	0.4170	0.5883	0.5075	0.5010	0.5879	0.5971	0.4929
0.5853	0.5032	0.5943	0.5946	0.4974	0.5027	0.5072	0.5006	0.4914	0.4969	0.4984	0.5021	0.4121	0.4170	0.5883	0.5075	0.5010	0.5879	0.5971	0.4929
0.5853	0.5032	0.5943	0.5946	0.4974	0.5027	0.5072	0.5006	0.4914	0.4969	0.4984	0.5021	0.4121	0.4170	0.5883	0.5075	0.5010	0.5879	0.5971	0.4929
0.5853	0.5032	0.5943	0.5946	0.4974	0.5027	0.5072	0.5006	0.4914	0.4969	0.4984	0.5021	0.4121	0.4170	0.5883	0.5075	0.5010	0.5879	0.5850	0.4929
0.5853	0.5032	0.5943	0.5946	0.4974	0.5027	0.5072	0.5006	0.4914	0.4969	0.4984	0.5021	0.4121	0.4170	0.5883	0.5075	0.5010	0.5879	0.5850	0.4929
0.5853	0.5032	0.5943	0.5946	0.4974	0.5027	0.5072	0.5006	0.4914	0.4969	0.4984	0.5021	0.4121	0.4170	0.5883	0.5075	0.5010	0.5879	0.5850	0.4929
0.5853	0.5032	0.5943	0.5946	0.4974	0.5027	0.5072	0.5006	0.4914	0.4969	0.4984	0.5021	0.4121	0.4170	0.5883	0.5075	0.5010	0.5879	0.5850	0.4929
0.5853	0.5032	0.5943	0.5946	0.4974	0.5027	0.5072	0.5006	0.4914	0.4969	0.4984	0.5021	0.4121	0.4170	0.5883	0.5075	0.5010	0.5879	0.5850	0.4929
0.5853	0.5061	0.5943	0.4085	0.4974	0.5027	0.5072	0.5006	0.4914	0.4969	0.4984	0.5980	0.4121	0.4170	0.5883	0.5075	0.5010	0.5879	0.5850	0.4929
0.5853	0.5061	0.5943	0.4085	0.4974	0.5027	0.4990	0.5006	0.4914	0.4969	0.4984	0.5980	0.4121	0.4170	0.5883	0.5075	0.5010	0.5879	0.5850	0.4929
0.5853	0.5061	0.5943	0.4085	0.4974	0.5027	0.4990	0.5006	0.4914	0.4969	0.4984	0.5980	0.4121	0.4043	0.5883	0.5075	0.5010	0.5879	0.5850	0.4929
0.5853	0.5061	0.5943	0.4085	0.4974	0.5027	0.4990	0.5006	0.4914	0.4969	0.4984	0.5980	0.4121	0.4043	0.5883	0.5075	0.5010	0.5879	0.5850	0.4929
0.5853	0.5061	0.5943	0.4085	0.4974	0.5027	0.4990	0.5006	0.4914	0.4969	0.4984	0.5980	0.4121	0.4043	0.5883	0.5075	0.5010	0.5879	0.5850	0.4929
0.5853	0.5061	0.5943	0.4085	0.4974	0.5027	0.4990	0.5006	0.4914	0.4969	0.4984	0.5980	0.4121	0.4043	0.5883	0.5075	0.5010	0.5879	0.5850	0.4929
0.5853	0.5061	0.5943	0.4085	0.4974	0.5027	0.4990	0.5006	0.4914	0.4969	0.4984	0.5980	0.4121	0.4043	0.5883	0.5075	0.5010	0.5879	0.5850	0.4929
0.5853	0.5061	0.5943	0.4085	0.4974	0.5027	0.4990	0.5006	0.4914	0.4969	0.4984	0.5980	0.4121	0.4043	0.5883	0.5075	0.5010	0.5879	0.5850	0.4929
0.5853	0.5061	0.5943	0.4085	0.4974	0.5027	0.4990	0.5006	0.4914	0.4969	0.4984	0.5980	0.4121	0.4043	0.3988	0.5075	0.5010	0.5879	0.5850	0.4929
0.5853	0.5061	0.5943	0.4085	0.4974	0.5027	0.4990	0.5006	0.4914	0.4969	0.4984	0.5980	0.4121	0.4043	0.3988	0.5075	0.5010	0.5879	0.5850	0.4955
0.5853	0.5061	0.5943	0.4085	0.4974	0.5027	0.4990	0.5006	0.5049	0.4969	0.4984	0.5980	0.4121	0.4043	0.3988	0.5075	0.5010	0.5879	0.5850	0.4955
0.5853	0.5061	0.5943	0.4085	0.4974	0.5027	0.4990	0.5006	0.5049	0.4969	0.4984	0.5980	0.4121	0.4043	0.3988	0.4995	0.5010	0.5879	0.5850	0.4955
0.5853	0.5061	0.5943	0.4085	0.4974	0.5027	0.4990	0.5006	0.5049	0.4969	0.4984	0.5980	0.4121	0.4043	0.3988	0.4995	0.5010	0.5879	0.5850	0.4955
0.5853	0.5061	0.5943	0.4085	0.4974	0.5027	0.4990	0.5006	0.5049	0.4969	0.4984	0.5980	0.4121	0.4043	0.3988	0.4995	0.5010	0.5879	0.5850	0.4955
0.5853	0.5061	0.5943	0.4085	0.4974	0.5027	0.4990	0.5006	0.5049	0.4969	0.4984	0.5980	0.4121	0.4043	0.3988	0.4995	0.5010	0.5879	0.5850	0.4955
0.5853	0.5061	0.5943	0.4085	0.5892	0.5027	0.4990	0.5006	0.5049	0.4969	0.4984	0.5980	0.4121	0.4043	0.3988	0.4995	0.5010	0.5879	0.5850	0.4955
0.5853	0.5061	0.5943	0.4085	0.5892	0.5027	0.4990	0.5006	0.5049	0.4969	0.4984	0.5980	0.4121	0.4043	0.3988	0.4995	0.5010	0.5003	0.5850	0.4955
0.5853	0.5061	0.5943	0.4085	0.5892	0.5027	0.4990	0.5006	0.5049	0.4969	0.4984	0.5980	0.4121	0.4043	0.3988	0.4995	0.5010	0.5003	0.5850	0.4955
0.5853	0.5061	0.5943	0.4085	0.5892	0.5027	0.4990	0.5006	0.5049	0.4969	0.4984	0.5078	0.4121	0.4043	0.3988	0.4995	0.5010	0.5863	0.5850	0.4955
0.5853	0.5061	0.5943	0.4085	0.5892	0.5027	0.4990	0.5006	0.5049	0.4969	0.4984	0.5078	0.4121	0.4043	0.3988	0.4995	0.5010	0.5863	0.5850	0.4955
0.5853	0.5061	0.5943	0.4122	0.5892	0.5027	0.4990	0.5006	0.5049	0.4969	0.4984	0.5078	0.4121	0.4043	0.3988	0.4995	0.5010	0.5863	0.5850	0.4955
0.5853	0.5874	0.5943	0.4122	0.5892	0.5027	0.4990	0.5006	0.5049	0.4969	0.4984	0.5078	0.4121	0.4043	0.3988	0.4995	0.5010	0.5863	0.5850	0.4955
0.5853	0.5874	0.5943	0.4122	0.5892	0.5027	0.4990	0.5006	0.5049	0.4969	0.4984	0.5078	0.4121	0.4043	0.4093	0.4995	0.5010	0.5863	0.5850	0.4955
0.5853	0.5874	0.5943	0.4122	0.5892	0.5027	0.4990	0.5006	0.5049	0.4969	0.4984	0.5078	0.4121	0.4043	0.4093	0.4995	0.5010	0.5863	0.5850	0.4955
