0.3784	0.7152	0.1633	0.4145	0.9867	0.7825	0.0654	0.7661	0.8899	0.6329
0.4795	0.6838	0.3497	1.0000	0.5116	0.0876	0.7737	0.5199	1.0000	0.4704
0.5226	0.8123	0.8573	0.4924	0.8219	0.0000	0.7367	0.2112	0.5474	0.0000
0.5226	0.2525	0.0000	0.4924	0.4986	0.2001	0.3282	0.0258	0.5474	1.0000
0.2887	0.5229	0.3227	0.4924	0.4986	1.0000	0.5418	0.5462	0.4286	0.5422
0.5673	1.0000	0.8020	0.0000	0.4986	0.2587	0.5418	1.0000	0.4286	0.4421
1.0000	0.3168	0.0000	0.5453	0.4986	0.5669	0.5418	1.0000	0.4286	0.6566
0.0000	0.5975	0.1899	0.5139	0.4986	0.5670	0.5063	0.0000	0.5719	0.7761
0.0259	0.7281	0.4581	0.5344	0.4439	0.5670	1.0000	1.0000	0.5719	0.5546
0.4996	0.5314	0.4581	0.2268	0.4439	0.2047	0.6070	1.0000	0.4909	0.5511
0.4565	0.4970	0.4581	0.4313	0.4525	0.5149	0.0000	0.0000	0.4909	0.5628
0.1625	0.4970	0.4581	0.4987	0.9968	0.1430	0.5192	0.0831	0.4909	0.3839
0.0000	0.4970	0.4581	0.6849	0.2988	0.4347	0.5192	0.6237	0.4762	0.4701
0.0000	0.8951	0.5418	0.4796	0.4822	0.5105	0.4445	0.2689	0.4762	0.5405
0.4850	1.0000	0.2065	0.5017	0.4822	0.5105	0.4445	0.3500	0.4762	0.5405
0.5538	0.5349	0.4458	1.0000	0.4620	0.5105	0.4445	0.6617	0.4762	0.5405
0.1447	0.5349	0.4458	0.3503	0.4620	0.4891	0.4445	0.8260	0.4762	0.5405
0.4997	0.4816	0.4458	0.5183	0.0000	0.4891	0.4445	0.4244	0.4762	0.5405
0.4997	0.4816	0.4458	0.5389	0.1054	0.4891	0.5295	0.4823	0.5296	0.1018
0.4997	0.4816	0.4735	0.0901	0.0798	0.4891	0.5295	0.4823	0.5296	0.5021
0.4997	0.4816	0.5318	0.7254	0.0000	0.4891	0.5295	0.4823	0.5296	0.5221
0.4997	0.4816	0.5124	0.0000	0.6499	0.4891	0.5295	0.4603	0.5296	0.5221
0.4997	0.6136	0.5124	0.4296	0.7626	0.4891	0.4812	0.4603	0.5296	1.0000
0.4997	1.0000	0.5124	0.4296	0.9872	0.4891	0.4812	0.4603	0.5296	0.3445
0.4997	0.5135	0.4852	0.5070	0.0000	0.4891	0.4812	0.4975	0.5296	1.0000
0.5111	0.5135	0.4852	0.5070	0.5502	0.4891	0.4812	0.4975	0.5296	0.5259
0.5111	0.5135	0.4852	0.5070	0.5502	0.4891	0.4812	0.4975	0.5296	0.5256
0.5111	0.5135	0.4852	0.5070	0.5502	0.4891	0.4812	0.4975	0.5296	0.5157
0.5111	0.5135	0.4852	0.5070	0.5502	0.4891	0.4812	0.4975	0.5296	0.5292
0.5111	0.5135	0.4852	0.5070	0.5175	0.4891	0.4812	0.4975	0.5092	0.4760
0.5111	0.5135	0.4852	0.5070	0.5175	0.4891	0.4812	0.4975	0.5092	0.5054
0.5111	0.5135	0.4852	0.5070	0.5175	0.4879	0.4812	0.4975	0.5092	0.5054
0.5111	0.5256	0.4852	0.5070	0.5175	0.4879	0.4812	0.4975	0.5092	0.5054
0.5111	0.4628	0.4852	0.5070	0.5175	0.4755	0.4812	0.4975	0.5092	0.5054
0.5111	0.4628	0.4852	0.5070	0.5175	0.4755	0.4812	0.4975	0.5092	0.5054
0.5111	0.4628	0.4852	0.5070	0.5175	0.4755	0.4812	0.4975	0.5092	0.5054
0.5111	0.4628	0.5097	0.5070	0.5175	0.4755	0.4812	0.5007	0.5092	0.5054
0.5111	0.4438	0.5097	0.5070	0.5175	0.4755	0.4812	0.5007	0.5092	0.5054
0.5111	0.4438	0.5097	0.5070	0.5175	0.4755	0.4812	0.5007	0.5092	0.5054
0.5111	0.4438	0.5097	0.5070	0.5175	0.4755	0.4812	0.5007	0.5092	0.5054
0.5111	0.5061	0.5097	0.5070	0.5175	0.4755	0.4812	0.5007	0.5092	0.5054
0.5111	0.5061	0.5097	0.5070	0.5175	0.4755	0.4812	0.5007	0.5092	0.4995
0.5111	0.5061	0.5097	0.5070	0.5175	0.4755	0.4812	0.5007	0.5092	0.4995
0.5111	0.5307	0.5097	0.5070	0.5175	0.4755	0.4812	0.5007	0.5092	0.4995
0.5111	0.4876	0.5097	0.5070	0.5175	0.4755	0.4812	0.5007	0.5092	0.4995
0.5111	0.5263	0.5097	0.5070	0.5175	0.4755	0.4812	0.5007	0.5092	0.4995
0.5111	0.5216	0.5097	0.5070	0.5175	0.4755	0.4812	0.5007	0.5092	0.4995
0.5111	0.5216	0.5202	0.5070	0.5175	0.4755	0.4812	0.5007	0.5092	0.4989
0.5111	0.5216	0.5202	0.5070	0.5175	0.4755	0.4812	0.5007	0.5092	0.4989
0.5111	0.5216	0.5202	0.5070	0.5175	0.4755	0.4812	0.5007	0.5092	0.4989
0.5111	0.5216	0.5202	0.5070	0.5175	0.4755	0.5258	0.5007	0.5092	0.4989
0.5111	0.5216	0.5202	0.5070	0.5175	0.4755	0.5258	0.4771	0.5092	0.4989
0.5111	0.5078	0.5202	0.5070	0.5175	0.4755	0.4774	0.4771	0.5092	0.4989
0.5111	0.5078	0.5202	0.5070	0.5175	0.4755	0.4774	0.4771	0.5092	0.4989
0.5111	0.5078	0.5202	0.4850	0.5175	0.4755	0.4774	0.4771	0.5092	0.4989
0.5111	0.5078	0.5202	0.4850	0.5175	0.4755	0.4774	0.4771	0.5092	0.5037
0.5111	0.4842	0.5202	0.4850	0.5175	0.4988	0.4774	0.4861	0.5092	0.5037
0.5111	0.4842	0.5202	0.4850	0.5175	0.4988	0.4774	0.4861	0.5092	0.5037
0.5111	0.4849	0.5202	0.4850	0.5175	0.4906	0.4774	0.4927	0.5092	0.5037
0.5111	0.4849	0.5202	0.4715	0.5175	0.4906	0.4774	0.4927	0.5092	0.5037
0.5111	0.4849	0.5202	0.5237	0.5175	0.4906	0.4774	0.4927	0.5092	0.5037
0.5111	0.4849	0.5202	0.5237	0.5175	0.4906	0.4774	0.4927	0.5092	0.5104
0.5111	0.4849	0.5202	0.5237	0.5175	0.4906	0.4774	0.4927	0.5092	0.5104
0.5111	0.4849	0.5202	0.5237	0.5175	0.4906	0.4774	0.4927	0.5092	0.5104
0.5111	0.4849	0.5202	0.5237	0.5175	0.4906	0.4774	0.4927	0.5092	0.4850
0.5111	0.4849	0.5202	0.5237	0.5175	0.4906	0.4774	0.4927	0.5092	0.4850
0.5111	0.4849	0.5202	0.5237	0.5175	0.4906	0.4774	0.4927	0.5092	0.4850
0.5111	0.4849	0.5202	0.5237	0.5175	0.4906	0.4774	0.5198	0.5092	0.5285
0.5111	0.4849	0.5105	0.5237	0.5175	0.4906	0.4774	0.5198	0.5092	0.5285
0.5143	0.4849	0.5105	0.5237	0.5175	0.4906	0.4774	0.5198	0.5092	0.5285
0.5143	0.4849	0.5105	0.5237	0.5175	0.4906	0.4774	0.5198	0.5092	0.5285
0.5143	0.4849	0.5105	0.5237	0.5175	0.4906	0.4774	0.4917	0.5092	0.5285
0.5143	0.4849	0.5105	0.5237	0.5175	0.4906	0.5302	0.4917	0.5092	0.5285
0.5143	0.4849	0.5105	0.5237	0.5175	0.4906	0.5302	0.4917	0.5092	0.5285
0.5143	0.4849	0.5105	0.5237	0.5175	0.4906	0.5302	0.4917	0.5092	0.5285
0.5143	0.4849	0.5105	0.5237	0.5175	0.4906	0.4950	0.4917	0.5092	0.5285
0.5143	0.4849	0.5105	0.5237	0.5175	0.4906	0.5004	0.4917	0.5092	0.5285
0.4924	0.4849	0.5105	0.5237	0.5175	0.4906	0.5004	0.4917	0.5092	0.5285
0.4924	0.4849	0.5105	0.5237	0.5175	0.4906	0.5004	0.4917	0.5092	0.5285
0.4924	0.4849	0.5105	0.5237	0.5175	0.4906	0.5004	0.4917	0.5092	0.5285
0.4924	0.4849	0.5105	0.5237	0.5175	0.4837	0.5004	0.4917	0.5092	0.5285
0.4924	0.4849	0.5105	0.5237	0.5175	0.4757	0.5004	0.4917	0.5092	0.5285
0.4924	0.4849	0.5105	0.4740	0.5175	0.4757	0.5004	0.4917	0.5092	0.5003
0.4924	0.4849	0.5105	0.4740	0.5175	0.4757	0.5004	0.4917	0.5092	0.5003
0.4924	0.4849	0.5105	0.4740	0.5175	0.4757	0.5004	0.4917	0.5092	0.5193
0.4924	0.4849	0.5105	0.5160	0.5175	0.4757	0.5004	0.4917	0.5092	0.5193
0.4924	0.4849	0.5105	0.5160	0.5175	0.4757	0.5004	0.4917	0.5092	0.5193
0.4924	0.4849	0.5105	0.5160	0.5175	0.4757	0.5004	0.4917	0.5092	0.5193
0.4924	0.5083	0.5105	0.5160	0.5175	0.4757	0.5004	0.4917	0.5092	0.5193
0.4924	0.5083	0.5105	0.5160	0.5175	0.4757	0.5004	0.4917	0.5092	0.5193
0.4924	0.5083	0.5105	0.5160	0.5175	0.4837	0.5004	0.4917	0.5092	0.5193
0.4924	0.5083	0.5105	0.5160	0.5175	0.4837	0.5004	0.4917	0.5092	0.5193
0.4924	0.5083	0.5105	0.5160	0.5175	0.4837	0.5100	0.4917	0.5092	0.5193
0.4924	0.5083	0.5105	0.5160	0.5175	0.4837	0.5100	0.5130	0.5092	0.5193
0.4924	0.5083	0.5105	0.5160	0.5175	0.4837	0.5100	0.5130	0.5092	0.5193
0.4924	0.4965	0.5105	0.5160	0.5175	0.4837	0.5100	0.5130	0.5092	0.5193
0.4924	0.4965	0.5105	0.5052	0.5175	0.4837	0.5100	0.5130	0.5092	0.5193
0.4924	0.4965	0.5105	0.5052	0.5175	0.4837	0.5100	0.5130	0.5092	0.4997
0.4924	0.4965	0.5105	0.5052	0.5175	0.4990	0.5100	0.5130	0.5092	0.4997
0.4924	0.4965	0.5105	0.5052	0.5175	0.4990	0.5100	0.5130	0.5092	0.4997
0.4924	0.4965	0.5105	0.5052	0.5175	0.4990	0.5100	0.5130	0.5092	0.4997
