0.3906	0.4166	0.4709	0.6468	0.2830	0.7513	0.8191	0.1915	0.2021	0.0175
0.6091	0.6112	0.0000	0.2879	0.4464	0.6612	0.7769	0.8999	0.0066	0.8372
1.0000	0.5536	0.4976	0.5458	0.3715	0.0000	0.7162	0.4037	0.0000	0.4905
0.1235	0.9790	0.3343	0.4573	0.5242	0.2453	0.3759	0.0000	0.0309	0.4043
0.0000	0.2898	0.2940	0.0000	0.5557	0.0000	0.0000	0.4801	0.5010	0.4265
0.5648	0.2472	0.6403	0.5111	0.6698	0.0000	0.4958	0.5237	0.0000	0.4265
0.0000	0.2964	0.7187	0.5111	0.3477	0.0955	0.0471	0.4262	1.0000	0.3252
0.5378	0.7184	1.0000	0.5111	0.4136	1.0000	0.8151	0.3197	0.4894	0.4755
0.4298	0.4161	0.0000	0.5111	0.5010	0.5256	0.5965	0.8476	0.4159	0.5137
0.2099	0.3913	0.8242	0.4584	0.2439	0.0819	0.4530	0.1517	0.6144	0.5401
0.6906	0.5994	0.5839	0.8629	0.3889	0.4704	0.7452	0.5411	0.3980	0.4911
0.5094	0.4963	0.4718	0.4771	0.6795	0.4702	0.7185	0.4711	0.0000	0.6429
0.4149	0.8115	0.7056	0.6130	0.5025	0.5467	0.7187	0.9262	0.6239	0.4493
0.5626	0.0000	1.0000	0.4767	0.5025	0.0000	1.0000	0.0798	0.4311	0.4560
0.6097	0.5727	0.0233	0.4767	0.4847	0.0000	0.4723	0.4840	0.4736	0.5174
0.6030	0.3699	1.0000	0.5757	0.4847	0.2317	0.5417	0.9203	0.5893	0.5174
0.3333	0.4887	0.6506	0.5825	0.5730	1.0000	0.2972	0.7396	0.5893	0.0000
0.4816	0.0158	0.7568	0.6396	0.4821	0.4743	0.4550	0.4629	0.5772	0.3398
0.6199	0.9996	0.4620	0.5466	0.5872	0.5774	0.5917	0.7956	0.3543	0.5564
0.3995	0.7267	0.4620	0.4788	0.5872	0.5987	1.0000	0.5428	0.4656	0.2228
0.4744	0.0000	0.4581	0.4788	0.4026	0.2997	0.4921	0.5780	0.4582	0.6750
0.4305	0.3774	0.6399	0.4825	0.5320	0.4429	0.0000	0.4258	0.6093	0.5774
1.0000	0.4961	0.9440	0.3745	0.5233	0.5812	0.6543	0.4174	0.4241	0.5424
0.1763	0.6582	0.4299	0.4155	0.4756	0.5812	0.4604	0.5394	0.3547	0.4501
0.2847	0.3764	0.5169	0.4859	0.0000	0.4987	0.4202	0.5394	0.9930	0.3654
0.5319	0.4874	0.5107	0.5750	0.9323	0.5141	0.5597	0.3673	0.5014	0.3936
0.0392	0.9683	0.0000	0.4645	0.5802	0.4790	0.4974	0.4424	0.2301	0.4966
0.4368	0.4920	0.5655	0.5349	0.6245	0.5216	0.5164	0.3719	0.4639	0.4192
0.6045	0.5196	0.5848	0.6013	0.4251	0.6289	0.5164	0.5788	0.4801	0.2831
0.5296	0.5196	0.5966	0.5165	0.5031	0.6289	0.5164	1.0000	0.5635	0.3756
0.4955	0.5742	0.5689	0.5074	0.5744	0.4023	0.3856	0.3882	0.5677	0.4931
0.5208	0.3429	0.4493	0.4427	0.4260	0.9471	0.5272	0.5083	0.6431	0.4717
0.5098	0.6751	0.4493	0.2913	0.0000	0.4910	0.5112	0.4269	0.4259	0.5368
0.5713	0.6852	0.4493	0.4496	0.3548	0.4910	0.6682	0.5121	0.4259	0.5368
0.5194	0.5467	0.4493	0.4496	0.4474	0.4970	0.4908	0.5634	0.4703	0.6142
0.3349	0.4413	0.3323	0.4074	0.4474	0.5242	0.5284	0.6149	0.5183	0.5529
0.5505	0.4777	0.4605	0.6154	0.4474	0.4836	0.4798	0.5328	0.5184	0.4324
0.5131	0.5801	0.4605	0.5546	0.4168	0.6664	0.5517	0.5328	0.5184	0.0000
0.4836	0.5801	0.6180	0.0000	0.4346	0.4358	0.5539	0.5399	0.5184	0.3439
0.5858	0.2383	0.6180	0.3526	0.4947	0.4054	0.5186	1.0000	0.5184	0.4724
0.5858	0.2421	0.4945	0.4274	0.4876	0.4401	0.5967	0.0085	0.5184	0.4321
0.5552	0.5137	0.4945	0.4274	0.4876	0.3169	0.5967	0.5817	0.5184	0.5392
0.5552	0.4597	0.4673	0.4812	0.4876	0.4889	0.5967	0.4479	0.4060	0.5392
0.5552	0.4978	0.4673	0.5110	0.4628	0.5585	0.5967	0.4336	0.3778	0.4689
0.4550	0.4992	0.4673	0.5110	0.4880	0.5585	0.5264	0.5635	0.4309	0.4689
0.5722	0.4282	0.5256	0.5110	0.3843	0.5585	0.6138	0.5635	0.4331	0.4689
0.4302	0.4043	0.5256	0.5110	0.5810	0.5413	0.6138	0.5566	0.4331	0.4689
0.5561	0.4340	0.5256	0.4741	0.5810	0.5413	0.5598	0.5566	0.5986	0.4689
0.5561	0.4340	0.5256	0.4723	0.4909	0.5549	0.5670	0.4608	0.5219	0.4689
0.5561	0.4340	0.5663	0.4326	0.4753	0.4803	0.5670	0.4608	0.5219	0.4689
0.5561	0.5158	0.5663	0.4326	0.4963	0.4803	0.5139	0.4608	0.5219	0.4689
0.5561	0.5158	0.4511	0.5180	0.5829	0.4803	0.5208	0.4608	0.5707	0.4689
0.5561	0.5158	0.4511	0.5135	0.5829	0.4803	0.4615	0.4608	0.5707	0.4689
0.4314	0.5575	0.4400	0.5135	0.4338	0.5338	0.4615	0.4920	0.3676	0.4689
0.4314	0.4921	0.4400	0.5038	0.4338	0.5066	0.4615	0.4920	0.3676	0.4689
0.4314	0.4921	0.5527	0.4239	0.4338	0.5066	0.4340	0.4920	0.3233	0.4689
0.5232	0.4921	0.5131	0.4862	0.4338	0.4282	0.4860	0.4920	0.4455	0.4689
0.5076	0.5927	0.5131	0.4862	0.4499	0.6328	0.4860	0.4920	0.5031	0.5402
0.3752	0.5927	0.5131	0.4862	0.4499	0.4877	0.4860	0.5425	0.5277	0.5402
0.4972	0.4099	0.5131	0.4862	0.4520	0.3814	0.4860	0.5425	0.4060	0.5402
0.4961	0.5767	0.4381	0.4489	0.5388	0.4426	0.5641	0.5425	0.3875	0.5336
0.5716	0.5767	0.4512	0.4489	0.5388	0.4426	0.5641	0.5425	0.5436	0.5336
0.5531	0.5767	0.5892	0.5335	0.5388	0.5056	0.4636	0.5425	0.4601	0.5365
0.5531	0.5905	0.5142	0.4287	0.5388	0.5056	0.4636	0.5425	0.4601	0.5365
0.5531	0.5905	0.5142	0.4996	0.5388	0.5056	0.5428	0.5703	0.4601	0.4896
0.5531	0.4513	0.5661	0.4996	0.5388	0.5056	0.4938	0.5703	0.4601	0.4896
0.5531	0.4513	0.5199	0.4996	0.5388	0.5056	0.4938	0.3862	0.4601	0.4896
0.5531	0.4513	0.5199	0.4996	0.5388	0.5056	0.4938	0.3862	0.4601	0.4398
0.5380	0.5635	0.5199	0.4494	0.5704	0.5056	0.5037	0.4788	0.4601	0.4398
0.5380	0.5635	0.4766	0.4494	0.4970	0.5056	0.5037	0.5202	0.5132	0.4398
0.5380	0.5635	0.4995	0.4494	0.4970	0.5056	0.5037	0.5202	0.5325	0.4398
0.5711	0.5098	0.4995	0.4622	0.4970	0.5056	0.5037	0.5202	0.5325	0.4398
0.4984	0.5098	0.4995	0.4622	0.4970	0.5056	0.5037	0.5202	0.5325	0.4398
0.4984	0.5098	0.4790	0.4921	0.4970	0.5056	0.5037	0.5202	0.5325	0.5500
0.4984	0.5098	0.4790	0.4921	0.4970	0.5560	0.5037	0.4996	0.5035	0.5500
0.4984	0.5098	0.4975	0.5036	0.4970	0.5560	0.5037	0.4996	0.4541	0.5500
0.4984	0.5098	0.4975	0.5036	0.4970	0.5560	0.5037	0.4996	0.4541	0.5500
0.4984	0.5098	0.4975	0.5036	0.4970	0.5560	0.5037	0.4996	0.4541	0.5221
0.4984	0.5098	0.4975	0.5036	0.4879	0.5560	0.5037	0.4996	0.4541	0.5221
0.5032	0.5098	0.5036	0.5036	0.5173	0.5560	0.5037	0.4996	0.4541	0.4899
0.5032	0.4609	0.5036	0.5324	0.5173	0.5560	0.5037	0.5049	0.4541	0.4899
0.5032	0.4609	0.5036	0.5324	0.5173	0.5560	0.4720	0.5049	0.4562	0.4899
0.5032	0.4609	0.5036	0.5253	0.5173	0.4363	0.4720	0.5049	0.4562	0.4899
0.5032	0.4609	0.5036	0.5253	0.5173	0.5483	0.4658	0.5049	0.4562	0.4899
0.5032	0.5089	0.5036	0.5253	0.5173	0.5483	0.4566	0.5049	0.4562	0.4899
0.5032	0.5089	0.5036	0.5253	0.5173	0.5483	0.4566	0.5049	0.4562	0.4899
0.5032	0.5089	0.5036	0.5253	0.5090	0.4975	0.4785	0.5049	0.4562	0.4899
0.5032	0.5089	0.5036	0.5253	0.4435	0.4870	0.4785	0.5049	0.5395	0.4899
0.5032	0.5089	0.5036	0.4613	0.4435	0.5043	0.4785	0.5049	0.5395	0.4940
0.5032	0.5056	0.5036	0.4613	0.4435	0.4646	0.4395	0.5049	0.5395	0.4684
0.5032	0.5056	0.5036	0.4613	0.4435	0.4646	0.4395	0.5049	0.5395	0.4475
0.5032	0.5056	0.5036	0.4613	0.4435	0.4646	0.4395	0.5049	0.5395	0.5377
0.5032	0.5056	0.5036	0.4613	0.4985	0.4646	0.4395	0.5049	0.5395	0.5377
0.5032	0.5056	0.5036	0.4613	0.4985	0.4646	0.4395	0.5049	0.5395	0.5377
0.5032	0.4682	0.5036	0.4613	0.4985	0.5083	0.4395	0.5049	0.5395	0.5377
0.5032	0.5007	0.5036	0.5434	0.4985	0.5083	0.4395	0.5049	0.5395	0.5377
0.5032	0.4825	0.5036	0.5067	0.4985	0.5083	0.5043	0.5049	0.5395	0.5377
0.5032	0.4825	0.5036	0.5067	0.4985	0.4816	0.5043	0.5049	0.5395	0.5377
0.5032	0.4825	0.5036	0.5067	0.5287	0.4816	0.5043	0.5049	0.5395	0.5147
0.5032	0.4825	0.5036	0.5067	0.5287	0.4816	0.5043	0.5049	0.5395	0.5116
0.5032	0.4825	0.5036	0.5067	0.5287	0.4816	0.5043	0.5049	0.5395	0.5116
