0.3939	0.0050	0.0042	0.0896	0.5591	0.8169	0.0090	0.8683	0.8655	0.6921	0.3610	0.0486	0.6746	0.3787	0.6752	0.2908	0.7172	0.1210	0.3204	0.8841
0.2031	0.2366	0.4703	0.2566	0.8024	0.7893	0.7554	0.6055	0.6957	0.2168	0.4776	0.4456	0.7569	0.6072	0.0254	0.0000	0.5392	0.3158	0.4063	0.2813
0.5487	0.7986	0.0000	0.5278	0.7499	0.5312	0.4591	0.2227	0.4550	0.9516	0.5847	0.5542	0.4171	0.4679	0.4613	0.6779	0.0000	0.2388	0.0000	0.3688
0.0000	0.5102	0.3620	0.7041	0.4827	0.1529	0.8810	0.6050	1.0000	0.7286	0.4724	0.3229	0.4974	0.7838	0.1081	0.5723	0.4856	0.5308	0.6679	0.4705
0.5089	0.4770	0.2784	0.6040	0.4827	0.6246	0.0000	0.7910	0.1356	0.5705	0.5737	0.4359	0.0000	0.6655	0.5127	0.4860	1.0000	0.0000	0.7414	0.8909
0.0000	0.3730	0.0176	0.5043	0.4827	0.9507	0.5690	0.4736	0.5241	1.0000	0.5101	1.0000	0.4696	0.5749	0.1140	0.4860	0.2876	0.4494	0.5005	0.0714
0.5996	0.3501	0.8102	0.8359	0.4827	1.0000	0.5107	0.4736	0.1785	0.5414	0.5527	0.4952	0.5254	0.0443	0.4976	0.4860	0.0437	0.7689	0.5005	0.5279
0.5065	0.2765	0.9845	1.0000	0.4870	0.8794	0.5173	0.0000	0.0000	0.5414	0.5758	0.4952	0.5254	0.5316	0.4859	0.4860	0.8904	0.0334	0.5005	0.9393
0.5065	0.5126	0.0000	0.0000	0.4870	0.2281	0.3414	0.5457	0.5475	0.5378	0.2814	0.4952	0.5254	0.5316	0.5238	0.4860	0.5865	0.1439	0.5005	1.0000
0.7569	0.5324	0.5698	0.5782	0.4354	0.4294	0.0464	0.6300	0.4800	0.5378	0.8951	0.4952	0.4402	0.5608	1.0000	0.4860	0.4478	1.0000	0.4646	0.5318
0.4689	0.5524	0.5762	0.2960	1.0000	0.1604	0.8083	0.6299	0.4800	0.7408	0.0000	0.4952	0.3953	0.5608	0.5146	0.5371	1.0000	0.3568	0.4646	0.4242
0.4386	0.9840	0.5762	0.0356	0.3914	0.4631	0.3973	0.5704	0.4800	0.5035	0.6205	0.4952	1.0000	0.5608	0.5146	0.5371	0.6648	0.2286	0.8434	0.1024
1.0000	0.4091	0.4649	0.5740	0.4755	0.4631	0.5048	0.1271	0.4800	0.4891	0.4915	0.4952	0.0000	1.0000	0.5146	0.5371	0.9363	0.7603	0.4210	0.4242
0.2089	0.5549	0.4515	0.4000	0.4755	0.4631	0.5312	0.6154	0.4800	0.4891	0.3929	0.4952	0.4674	0.5149	0.5146	0.5371	1.0000	0.1550	0.4210	0.4731
0.5262	0.5549	0.4515	0.4990	0.5889	0.4631	0.5264	0.0000	0.4800	0.4891	1.0000	0.4952	0.8008	0.5116	0.4231	0.5371	0.6343	0.4293	0.4425	0.4731
0.5262	0.5549	0.5461	0.4990	0.5399	0.4631	0.5264	0.2787	0.4800	0.4726	0.4436	0.4952	0.5384	0.5116	0.4231	0.5371	0.7484	0.5506	0.5181	0.4731
0.5262	0.5549	0.5637	0.4990	0.5399	0.4631	0.5264	0.5297	0.4800	0.4726	0.5227	0.4952	0.5384	0.4671	0.4231	0.5371	0.5253	0.5506	0.5181	0.5009
0.5262	0.5549	0.4397	0.4990	0.5399	0.9150	0.5264	0.5297	0.5091	0.4726	0.4816	0.4952	0.5384	0.4671	0.0618	0.5371	0.5253	0.5506	0.4256	0.5261
0.5262	0.5549	0.4397	0.4990	0.5399	0.9409	0.5264	0.5297	0.5091	0.4726	0.5643	0.4952	0.5384	0.4671	0.2211	0.5371	0.5253	0.5506	0.6589	0.5261
0.5262	0.5549	0.4685	0.4990	0.4872	0.4761	0.5264	0.5297	0.5091	0.4726	0.4762	0.4952	0.4741	0.4671	1.0000	0.5371	0.5253	0.5506	0.5119	0.5261
0.5262	0.5549	0.4685	0.4990	0.4872	0.4450	0.5264	0.5297	0.5091	0.4726	0.4762	0.4952	0.4741	0.4671	0.4484	0.4897	0.5253	0.5244	0.0000	0.5261
0.4601	0.4874	0.4685	0.4990	0.4872	0.4450	0.5264	0.5297	0.5091	0.4726	0.4762	0.4952	0.4741	0.4671	0.0512	0.4897	0.5253	0.5244	0.5336	0.5261
0.4601	0.4874	0.4685	0.4990	0.4872	0.4450	0.5264	0.5000	0.5091	0.4905	0.4762	0.4952	0.4741	0.4671	0.5346	0.4897	0.5253	0.5244	0.5336	0.5169
0.5211	0.4874	0.4685	0.4990	0.4872	0.4706	0.5264	0.5000	0.5091	0.4905	0.4762	0.4952	0.5306	0.4517	0.5346	0.4897	0.5253	0.5244	0.5336	0.5169
0.5211	0.4874	0.4685	0.4990	0.4872	0.4706	0.5142	0.5000	0.5091	0.4905	0.4762	0.4952	1.0000	0.4657	0.4807	0.4897	0.5253	0.5244	0.5336	0.5169
0.5211	0.4874	0.4701	0.4990	0.4866	0.4706	0.5064	0.5000	0.5091	0.4905	0.4762	0.4952	0.8995	0.4657	0.4807	0.4892	0.5253	0.4666	0.5336	0.5169
0.5211	0.4874	0.4852	0.4990	0.4866	0.4706	0.4986	0.5000	0.5091	0.4905	0.4762	0.4952	0.7852	0.4746	0.5558	0.4892	0.5253	0.4666	0.5336	0.4891
0.4563	0.4874	0.4852	0.4990	0.4866	0.4691	0.4986	0.5000	0.5091	0.4905	0.4762	0.4952	0.4968	0.4746	0.5558	0.4954	0.5253	0.4967	0.5336	0.4891
0.4563	0.4874	0.4852	0.4990	0.4866	0.5031	0.4986	0.5000	0.5091	0.4905	0.8356	0.4952	0.4968	0.4746	0.5558	0.4647	0.5253	0.4967	0.5336	0.4891
0.4563	0.4874	0.4852	0.4990	0.4866	0.4945	0.4986	0.5000	0.5091	0.4905	0.4793	0.4952	0.4968	0.4746	0.4935	0.4647	0.5253	0.4967	0.5336	0.4891
0.4819	0.4874	0.4852	0.4990	0.5027	0.4945	0.4986	0.5000	0.5175	0.4905	0.4793	0.4952	0.4968	0.5110	0.4935	0.5078	0.5253	0.4967	0.5336	0.4891
0.4819	0.4874	0.4852	0.4990	0.5027	0.4945	0.4986	0.5000	0.5175	0.4905	0.2255	0.4952	0.4968	0.5110	0.4935	0.5078	0.5253	0.4967	0.5336	0.4891
0.7624	0.4874	0.4852	0.4990	0.5027	0.4945	0.4986	0.5000	0.5175	0.4905	0.0000	0.4952	0.4968	0.5110	0.4935	0.5078	0.5253	0.4967	0.5336	0.4891
0.4848	0.4479	0.4852	0.4990	0.5027	0.4945	0.4986	0.5000	0.5175	0.4905	0.5168	0.4952	0.4968	0.5110	0.4935	0.5078	0.4815	0.4967	0.5336	0.4891
0.4848	0.4921	0.4852	0.4990	0.5027	0.4945	0.4986	0.5000	0.5175	0.4905	0.5061	0.4952	0.4968	0.5110	0.4935	0.5078	0.4815	0.4599	0.5336	0.4891
0.4848	0.4921	0.4852	0.4889	0.5027	0.4945	0.4986	0.5000	0.5175	0.4905	0.4862	0.4952	0.4968	0.5110	0.4935	0.5078	0.4815	0.4599	0.5336	0.4891
0.4848	0.4921	0.5064	0.4889	0.5027	0.4945	0.4986	0.5000	0.5175	0.4905	0.4862	0.4952	0.5361	0.5110	0.4935	0.5078	0.4815	0.4599	0.5336	0.4891
0.4848	0.4921	0.5219	0.4889	0.5027	0.4945	0.4986	0.5000	0.5175	0.4905	0.4862	0.4952	0.5361	0.5110	0.4935	0.5078	0.4815	0.4599	0.5336	0.4891
0.4411	0.4921	0.5219	0.4773	0.5027	0.4945	0.4986	0.5000	0.5175	0.4905	0.4862	0.4952	0.5361	0.5110	0.4935	0.5078	0.4912	0.4599	0.5336	0.4891
0.4411	0.4921	0.5219	0.4773	0.5027	0.4945	0.4986	0.5000	0.5175	0.4905	0.4862	0.4952	0.5361	0.5110	0.5178	0.5078	0.5159	0.4599	0.5336	0.4891
0.4411	0.4921	0.5219	0.4773	0.5027	0.5005	0.4819	0.5000	0.5175	0.4905	0.4862	0.4952	0.5361	0.5110	0.5178	0.5078	0.5159	0.5608	0.5336	0.4891
0.3512	0.4921	0.5219	0.4773	0.5027	0.5005	0.4819	0.5000	0.5175	0.4905	0.4862	0.4952	0.4580	0.4494	0.5178	0.5078	0.5159	0.4784	0.5336	0.4891
0.4919	0.4921	0.5219	0.4773	0.5027	0.5220	0.4819	0.5000	0.5175	0.4905	0.4862	0.4952	0.4580	0.4494	0.5178	0.5078	0.5159	0.4784	0.5336	0.4891
0.4919	0.4921	0.5219	0.4788	0.5027	0.5285	0.4819	0.5000	0.5175	0.4905	0.4862	0.4952	0.4580	0.4494	0.5178	0.5078	0.5159	0.4784	0.5336	0.4891
0.4919	0.4921	0.5219	0.4788	0.5027	0.5285	0.4819	0.5000	0.5175	0.4905	0.4862	0.4952	0.4580	0.4494	0.5178	0.5078	0.5159	0.4784	0.4963	0.4891
0.4919	0.4921	0.5219	0.4788	0.5027	0.5285	0.4819	0.5051	0.5175	0.4905	0.4862	0.4952	0.4580	0.4494	0.5178	0.5078	0.5159	0.4784	0.4963	0.4891
0.4919	0.4921	0.5219	0.5028	0.5027	0.5285	0.4819	0.4877	0.5175	0.4905	0.4497	0.4952	0.4580	0.4494	0.5178	0.5078	0.5159	0.4784	0.4963	0.4891
0.4919	0.4921	0.5219	0.5028	0.5027	0.5285	0.4819	0.4877	0.5175	0.4905	0.4497	0.4952	0.4580	0.4494	0.5178	0.5078	0.5159	0.4784	0.4963	0.4891
0.4919	0.4921	0.5219	0.5028	0.5027	0.5285	0.4819	0.4877	0.5175	0.4905	0.4497	0.4952	0.4580	0.4494	0.5090	0.5078	0.5159	0.4784	0.4963	0.4891
0.4919	0.4921	0.5219	0.5028	0.5027	0.5285	0.4819	0.4877	0.5175	0.4905	0.4497	0.4952	0.4580	0.4494	0.5090	0.5078	0.5159	0.4784	0.4963	0.4891
0.4919	0.4921	0.5219	0.5028	0.5027	0.5285	0.4819	0.4877	0.5175	0.4905	0.4497	0.4952	0.4580	0.4494	0.5090	0.5078	0.5159	0.4784	0.4963	0.4891
0.4919	0.4921	0.5219	0.5019	0.5027	0.5285	0.4819	0.4877	0.5175	0.4905	0.4497	0.4952	0.4580	0.4494	0.5090	0.5058	0.5159	0.4784	0.4963	0.4891
0.5086	0.4921	0.5219	0.5019	0.5027	0.5285	0.4819	0.4877	0.5175	0.4905	0.4497	0.4952	0.4830	0.4494	0.5090	0.5058	0.5159	0.4784	0.4963	0.4891
0.5086	0.4921	0.5219	0.5019	0.5027	0.5285	0.4819	0.5182	0.5175	0.4905	0.4497	0.4952	0.4830	0.4494	0.5090	0.5058	0.5159	0.4784	0.4963	0.4891
0.5086	0.4921	0.5219	0.5019	0.5027	0.5285	0.4819	0.5182	0.5175	0.5292	0.4649	0.4952	0.4830	0.4494	0.5090	0.5058	0.5159	0.4945	0.4963	0.4891
0.5086	0.4824	0.5219	0.5019	0.5027	0.5285	0.4819	0.5182	0.5175	0.5292	0.4649	0.4952	0.4830	0.4494	0.5090	0.5058	0.5159	0.4945	0.4963	0.4891
0.5086	0.4824	0.5109	0.5019	0.5027	0.5052	0.4819	0.5182	0.5175	0.5292	0.4649	0.4952	0.4830	0.4494	0.4857	0.5058	0.5159	0.4945	0.4963	0.4891
0.5086	0.4824	0.5109	0.5273	0.5027	0.5052	0.4819	0.5182	0.5175	0.4945	0.5381	0.4952	0.4830	0.4864	0.4857	0.5058	0.5159	0.4945	0.4963	0.4891
0.5086	0.4824	0.5109	0.5273	0.5027	0.5052	0.4819	0.5182	0.5175	0.4945	0.5381	0.4952	0.5037	0.5138	0.4857	0.5058	0.5159	0.4945	0.4963	0.4891
0.5086	0.4824	0.5109	0.5273	0.5027	0.5052	0.4819	0.5182	0.5175	0.4945	0.5381	0.4952	0.5037	0.5138	0.4857	0.5058	0.5159	0.4945	0.4963	0.4891
0.5086	0.4824	0.5109	0.5273	0.5027	0.5052	0.4819	0.5182	0.5175	0.4945	0.5381	0.4952	0.5037	0.5138	0.4857	0.5058	0.5159	0.4945	0.4963	0.4891
0.5086	0.4824	0.5109	0.5273	0.5027	0.5052	0.4819	0.5182	0.5175	0.4945	0.5381	0.4952	0.5037	0.5367	0.4857	0.5058	0.5159	0.4722	0.4963	0.4891
0.5086	0.4824	0.5109	0.5273	0.5027	0.5052	0.4819	0.5182	0.5175	0.4945	0.5381	0.4952	0.5037	0.5367	0.4857	0.5058	0.5159	0.4722	0.4963	0.4891
0.5086	0.4824	0.5109	0.5273	0.5027	0.5052	0.4819	0.5182	0.5175	0.4945	0.5381	0.4952	0.5037	0.5367	0.4857	0.5058	0.5159	0.4722	0.4963	0.4891
0.5086	0.4824	0.5109	0.5273	0.5027	0.5052	0.4819	0.4987	0.5175	0.4945	0.5381	0.4952	0.5037	0.5367	0.4708	0.5058	0.5159	0.4722	0.4963	0.4891
0.5086	0.4824	0.5109	0.5273	0.5027	0.5052	0.4819	0.4987	0.5175	0.4945	0.5381	0.4952	0.5037	0.5367	0.4708	0.5058	0.4978	0.4722	0.4963	0.4891
0.5086	0.4824	0.5109	0.5273	0.5027	0.5052	0.4819	0.4987	0.5175	0.4945	0.5381	0.4952	0.5037	0.5367	0.4708	0.5058	0.4978	0.4722	0.4963	0.4891
0.5086	0.5057	0.5120	0.5273	0.5027	0.5052	0.4819	0.4987	0.5175	0.4945	0.4642	0.4952	0.5037	0.5367	0.4708	0.5058	0.4978	0.4722	0.4963	0.4891
0.5086	0.5057	0.5120	0.5273	0.5027	0.5052	0.4819	0.4987	0.5175	0.4945	0.4642	0.4952	0.5037	0.5367	0.4708	0.5058	0.4978	0.4722	0.4963	0.4891
0.5086	0.5057	0.5120	0.5273	0.5027	0.5052	0.4819	0.4987	0.5175	0.4945	0.4642	0.4952	0.5037	0.5367	0.4708	0.5058	0.4978	0.4722	0.4963	0.4891
0.5086	0.5057	0.5120	0.5273	0.5027	0.5052	0.4819	0.4987	0.5175	0.4945	0.4642	0.4952	0.5037	0.5367	0.4708	0.5058	0.4978	0.5397	0.4963	0.4891
0.5086	0.5057	0.5120	0.5273	0.5027	0.5052	0.4819	0.4987	0.5175	0.4945	0.4642	0.4952	0.5037	0.5367	0.4708	0.5058	0.4978	0.5397	0.4963	0.4891
0.5086	0.5057	0.5120	0.4960	0.5027	0.5052	0.4819	0.4987	0.5175	0.4945	0.4642	0.4952	0.5037	0.5367	0.4708	0.5058	0.4978	0.5397	0.4985	0.4891
0.5086	0.5057	0.5120	0.4960	0.5027	0.5052	0.4819	0.4987	0.5175	0.4945	0.4642	0.4952	0.5037	0.5367	0.4708	0.5058	0.4978	0.5397	0.4985	0.4891
0.5086	0.5057	0.5120	0.4960	0.5027	0.5052	0.4819	0.4987	0.5175	0.4945	0.4642	0.4952	0.5037	0.5367	0.4708	0.5058	0.4978	0.5397	0.4985	0.4891
0.5086	0.5057	0.5120	0.4960	0.5027	0.5052	0.4819	0.4987	0.5175	0.4945	0.4642	0.4952	0.5037	0.5367	0.4719	0.5058	0.4978	0.5397	0.4985	0.4891
0.5086	0.5057	0.5120	0.4960	0.5027	0.5052	0.4819	0.4987	0.5175	0.4945	0.4642	0.4952	0.5037	0.5367	0.4719	0.5058	0.4978	0.5397	0.4985	0.4891
0.5086	0.5057	0.5120	0.4960	0.5027	0.5052	0.4819	0.5031	0.5175	0.4945	0.4642	0.4952	0.5037	0.5367	0.4719	0.5058	0.4978	0.5397	0.4985	0.4891
0.5086	0.5057	0.5120	0.4960	0.5027	0.5052	0.4819	0.5031	0.5175	0.4945	0.4642	0.4952	0.5037	0.5367	0.4719	0.5058	0.4978	0.5397	0.4985	0.4891
0.5086	0.5057	0.5120	0.4960	0.5027	0.5052	0.4819	0.5031	0.5175	0.4945	0.4642	0.4952	0.5037	0.5367	0.4719	0.5058	0.4978	0.5397	0.4985	0.4891
0.5086	0.5057	0.5120	0.4960	0.5027	0.5052	0.4819	0.5031	0.5175	0.4945	0.4642	0.4952	0.5037	0.5367	0.4719	0.5058	0.4978	0.5397	0.4985	0.4891
0.5086	0.5057	0.5120	0.4960	0.5027	0.5052	0.4819	0.5031	0.5175	0.4945	0.4642	0.4952	0.5037	0.5367	0.4719	0.5058	0.4978	0.5397	0.4985	0.4891
0.5086	0.5057	0.5120	0.4960	0.5027	0.5052	0.4819	0.5031	0.5175	0.4945	0.4642	0.4952	0.5037	0.5367	0.4979	0.5058	0.4816	0.5397	0.4985	0.4891
0.5086	0.5057	0.5120	0.4960	0.5027	0.5052	0.4819	0.5031	0.5175	0.4945	0.4642	0.4952	0.5037	0.5367	0.4979	0.5058	0.4816	0.5397	0.4985	0.4891
0.5086	0.5057	0.4876	0.4960	0.5027	0.5052	0.4819	0.5031	0.5175	0.4945	0.4642	0.4952	0.5037	0.5367	0.4979	0.5058	0.4816	0.4791	0.4985	0.4891
0.5086	0.5057	0.4876	0.4960	0.5027	0.5052	0.4819	0.5031	0.5175	0.4945	0.4642	0.4952	0.5037	0.5367	0.4979	0.5058	0.4816	0.4791	0.4985	0.4891
0.4792	0.5057	0.4876	0.4960	0.5027	0.5052	0.4819	0.5031	0.5175	0.4945	0.4642	0.4952	0.5037	0.4908	0.4979	0.5058	0.4816	0.4791	0.4985	0.4891
0.4792	0.5057	0.4876	0.4960	0.5027	0.5052	0.4819	0.5031	0.5175	0.4945	0.4642	0.4952	0.5037	0.4908	0.4979	0.5058	0.4816	0.4791	0.4985	0.4891
0.4792	0.4957	0.4876	0.4960	0.5027	0.5052	0.4819	0.5031	0.5175	0.4945	0.4957	0.4952	0.5037	0.4908	0.4979	0.5058	0.4816	0.4791	0.4985	0.4891
0.4792	0.4957	0.4876	0.4960	0.5027	0.4898	0.4819	0.5031	0.5175	0.4945	0.4957	0.4952	0.5037	0.4908	0.4946	0.5058	0.4816	0.4791	0.4985	0.4891
0.4792	0.4957	0.4876	0.5214	0.5027	0.4898	0.4819	0.5031	0.5175	0.4945	0.4957	0.4952	0.5037	0.4908	0.4946	0.5058	0.4816	0.4791	0.4985	0.4891
0.4792	0.4957	0.4876	0.5214	0.5027	0.4898	0.4819	0.5031	0.5175	0.4945	0.4957	0.4952	0.5037	0.4908	0.4946	0.5058	0.4816	0.4791	0.4985	0.4891
0.4792	0.4957	0.4876	0.5214	0.5027	0.4898	0.4819	0.5031	0.5175	0.4945	0.4957	0.4952	0.5037	0.4908	0.4946	0.5058	0.4816	0.4860	0.4985	0.4891
0.5099	0.4957	0.4876	0.5214	0.5027	0.4898	0.4819	0.5031	0.5175	0.4945	0.4957	0.4952	0.5037	0.4908	0.4946	0.5058	0.4816	0.4860	0.4985	0.4891
0.5099	0.4957	0.4876	0.5214	0.5027	0.4898	0.4819	0.5031	0.5175	0.4945	0.4957	0.4952	0.5037	0.4908	0.4946	0.5058	0.4816	0.4860	0.4985	0.4891
0.5099	0.4957	0.4876	0.5214	0.5027	0.4898	0.4819	0.5031	0.5175	0.4945	0.4957	0.4952	0.5037	0.4908	0.4946	0.5058	0.4816	0.4860	0.4985	0.4891
0.5099	0.4957	0.4876	0.5214	0.5027	0.4898	0.4819	0.5031	0.5175	0.4945	0.4957	0.4952	0.5037	0.4908	0.4946	0.5058	0.4816	0.4860	0.4985	0.4891
0.5099	0.4957	0.4876	0.5214	0.5027	0.4898	0.4819	0.5031	0.5175	0.4945	0.4957	0.4952	0.5037	0.4908	0.4946	0.5058	0.4816	0.4860	0.4985	0.4891
0.5099	0.4957	0.4876	0.5214	0.5027	0.4898	0.4819	0.5031	0.5175	0.4945	0.4957	0.4952	0.5037	0.4908	0.4946	0.5058	0.4816	0.4860	0.4985	0.4891
0.5099	0.4957	0.4876	0.5214	0.5027	0.4898	0.4819	0.5031	0.5175	0.4945	0.4957	0.4952	0.5037	0.4908	0.4946	0.5058	0.4816	0.4860	0.4985	0.4891
0.5099	0.4957	0.4876	0.5214	0.5027	0.4898	0.4819	0.5031	0.5175	0.4945	0.4957	0.4952	0.5037	0.4908	0.4946	0.5058	0.4816	0.4860	0.4985	0.4891
