0.5478	0.9354	0.8425	0.7525	0.6080	0.0628	0.6022	0.9418	0.2573	0.3546	0.8476	0.2542	0.4835	0.4652	0.9785	0.3940	0.7234	0.8871	0.9214	0.9536
1.0000	0.0000	0.0355	0.5225	1.0000	0.9827	0.8402	0.6576	0.2244	0.0000	0.5967	0.5961	0.4139	0.9679	0.4286	1.0000	0.4870	0.2523	0.2201	1.0000
0.1582	0.4453	0.2416	0.6955	0.8418	0.5884	0.7498	1.0000	0.2479	0.6073	0.8412	0.7525	0.6616	0.6735	0.5512	0.1305	0.9656	0.8025	0.0000	0.5040
0.4221	0.6087	0.5436	0.6645	0.7841	0.5884	0.4945	0.5954	1.0000	1.0000	0.3558	0.8827	1.0000	1.0000	0.0778	0.4914	0.6377	0.6551	1.0000	0.4716
0.0976	1.0000	0.0000	0.8314	0.6607	0.5884	0.4493	0.5954	0.8976	0.5419	0.3252	0.4191	0.0000	0.4302	0.6468	0.4035	0.6377	0.4102	0.4522	0.4988
0.7891	0.0000	0.4003	0.7885	0.5111	0.5035	0.4493	0.5954	0.6358	0.4731	0.4994	0.5371	1.0000	0.8559	0.3887	0.4035	0.2063	0.5467	0.6100	0.4333
0.6508	1.0000	0.0000	1.0000	0.0000	0.6873	0.4493	0.5954	0.6380	0.0000	0.7395	0.4046	0.4395	0.8966	0.0000	0.3151	0.8558	0.5467	0.6133	0.4101
0.6508	0.4919	1.0000	0.1416	0.6386	0.6873	0.6359	0.5954	1.0000	0.4006	0.9895	0.1267	0.7891	0.8431	0.5942	0.4078	0.5033	0.5564	0.4534	0.7938
0.4957	1.0000	0.0000	0.0000	0.5623	0.5934	0.6359	0.5954	1.0000	0.4006	0.8784	0.3151	0.6861	0.2851	0.6869	0.4078	0.5033	0.9014	0.3639	0.0098
0.5990	0.3946	0.3184	0.4006	0.8221	0.5934	0.6359	0.5954	0.8104	0.5028	0.2568	0.6887	0.6861	0.8681	0.9811	0.1431	0.4999	0.4128	0.5948	0.2825
0.3715	0.7862	0.5581	0.6014	0.5942	0.5934	0.6359	0.5954	0.3667	0.4548	0.4475	0.0000	0.6861	0.6070	0.8210	0.5315	0.3113	0.1176	0.6027	0.0000
0.2525	0.3023	0.0728	0.6014	0.2115	0.5934	0.4091	0.5954	0.2767	0.0000	1.0000	0.4052	0.5964	0.4946	0.6071	0.4919	0.0000	0.6407	0.7995	0.4038
0.8252	0.5956	0.4411	0.6014	0.5944	0.5934	0.4132	0.4930	0.4599	0.4993	0.2565	0.1818	0.5964	0.6445	0.0000	1.0000	1.0000	1.0000	0.6488	0.2402
0.7032	0.5492	1.0000	0.6396	0.7420	0.5934	0.4132	0.4930	0.9416	0.0000	0.8993	0.3515	0.6955	0.6445	0.2042	0.0000	0.4209	0.7526	0.1720	0.6923
0.5886	0.5492	0.6859	0.6875	0.6029	0.5934	0.3667	0.4930	0.7923	0.5479	0.0586	1.0000	0.0000	0.6445	0.5437	0.3609	0.4524	0.3889	0.5461	0.5591
0.5926	0.5492	0.6430	1.0000	0.3110	0.5934	0.5521	0.4930	0.4133	0.5026	1.0000	1.0000	0.7823	0.6445	0.5437	0.5065	0.4524	0.4179	0.2683	0.3082
0.1202	0.4266	0.6430	0.5562	0.1346	0.5447	0.5042	0.5467	0.3141	0.5026	0.8299	0.2890	0.4979	0.6445	0.4996	0.5065	0.4524	0.4481	0.3494	0.5998
0.7774	0.5938	0.5474	0.7421	0.8402	0.5447	0.5042	0.5467	0.6435	0.4475	1.0000	0.6365	1.0000	0.6462	0.7800	0.5177	0.4524	0.6935	1.0000	0.5998
0.8441	0.6059	0.5474	0.3976	0.6378	0.5447	0.5042	0.5467	0.6435	0.3080	0.4465	0.4659	0.0000	0.6462	0.4595	0.3990	0.4524	0.9911	0.4495	0.5998
0.0000	0.5511	0.5474	0.3976	0.6378	0.5447	0.2616	0.5467	0.2445	0.5412	0.3988	0.4520	0.4073	0.6462	0.5045	0.7921	0.4524	0.4957	0.4087	0.5998
0.5051	0.6091	0.5504	1.0000	0.4518	0.5447	0.5499	0.5467	0.0020	0.6954	0.3169	0.6404	0.5001	0.6462	1.0000	0.4496	0.4524	0.4957	0.4087	0.5998
1.0000	0.9025	0.3666	0.4073	0.4518	0.5499	0.9749	0.5467	0.0000	0.6954	0.6818	0.5385	0.5001	0.6462	0.0394	0.2398	0.4524	0.5981	0.4087	0.5998
0.4532	0.5465	0.4126	0.4898	0.4518	0.5499	0.5024	0.5467	0.2620	0.6954	0.6924	0.6895	0.4591	0.3923	0.6376	0.0000	0.4524	0.5981	0.5545	0.5998
0.8690	0.5465	0.6040	0.2661	0.4518	0.5499	0.5024	0.5467	0.4514	0.6954	0.6924	0.6895	0.3185	0.2703	0.6376	0.6121	0.4524	1.0000	0.5545	0.5998
0.3123	0.5465	0.4640	0.4956	0.4518	0.5499	0.5024	0.5467	0.6003	0.6954	0.5076	0.6895	0.5377	0.2703	0.6376	0.9954	0.5010	0.3493	0.5545	0.5998
0.3123	0.5465	0.0000	0.5487	0.4518	0.5499	0.5024	0.5467	0.5960	0.5416	0.5467	0.6895	0.5377	0.2703	0.2673	0.4358	0.5010	0.4989	0.5545	0.4963
1.0000	0.5465	0.0000	0.5487	0.4518	0.5499	0.5024	0.5467	0.4046	0.5416	0.5940	0.6895	0.4924	0.2703	0.2673	0.5436	0.5010	0.4989	0.5545	0.4963
0.4976	0.5465	0.0000	0.3486	0.4518	0.5499	0.5024	0.5467	0.4046	0.5416	0.5940	0.6895	0.4924	0.2549	0.5412	0.7303	0.5010	0.4989	0.5545	0.4963
0.5867	0.5465	0.5110	0.3486	0.4498	0.5499	0.5024	0.5467	0.4046	0.5416	0.5940	0.6895	0.4924	0.6008	0.5412	0.8373	0.5010	0.4989	0.5545	0.4963
0.5867	0.5465	0.3050	0.3486	0.4498	0.5499	0.5024	0.5467	0.4046	0.4975	0.5940	0.6895	0.4924	0.6008	0.5412	0.6845	0.5010	0.4989	0.5545	0.4501
0.3059	0.5465	0.3050	0.5481	0.4498	0.5499	0.5024	0.5467	0.4046	0.4975	0.5925	0.3650	0.5444	0.6008	0.5412	0.3534	0.5010	0.4989	0.5545	0.4501
0.3059	0.5465	0.3050	0.4061	0.4498	0.5499	0.5024	0.5467	0.4046	0.5480	0.5925	0.3650	0.5444	0.6008	0.5412	0.3534	0.5010	0.5422	0.5545	0.4501
0.3059	0.5465	0.3050	0.4570	0.4498	0.5499	0.5024	0.5467	0.4046	0.5480	0.5925	0.3650	0.5444	0.6008	0.5412	0.4949	0.5010	0.5440	0.5545	0.4501
0.5408	0.5465	0.3050	0.4570	0.4498	0.5499	0.5024	0.5467	0.4046	0.5480	0.5925	0.3650	0.5444	0.6008	0.5412	0.4993	0.5010	0.5440	0.5545	0.4501
0.5408	0.5465	0.4072	0.2574	0.4498	0.5499	0.5024	0.5467	0.4046	0.5480	0.5925	0.3650	0.5444	0.5042	0.5412	0.4993	0.5010	0.4547	0.5545	0.4501
0.5408	0.5465	0.4072	0.5562	0.4498	0.5499	0.5024	0.5467	0.3510	0.5480	0.5925	0.3650	0.5444	0.5042	0.5412	0.4993	0.5010	0.4547	0.5545	0.4501
0.5408	0.5465	0.4072	0.3192	0.4498	0.5499	0.5024	0.5467	0.3510	0.5480	0.5925	0.4062	0.5444	0.5042	0.5412	0.4938	0.5010	0.4547	0.5545	0.4501
0.5408	0.5465	0.4072	0.4604	0.4498	0.5499	0.5024	0.5467	0.3510	0.5480	0.5925	0.4062	0.5444	0.5042	0.5412	0.4938	0.5010	0.4547	0.5545	0.4501
0.5408	0.5465	0.4072	0.4604	0.4498	0.5499	0.5024	0.5467	0.5471	0.5480	0.5027	0.3111	0.5444	0.5042	0.5412	0.5383	0.5010	0.4547	0.5545	0.4501
0.5408	0.5465	0.4072	0.4604	0.4498	0.5499	0.5024	0.5467	0.5471	0.5480	0.5027	0.3111	0.5444	0.5042	0.5412	0.5057	0.5010	0.7328	0.5545	0.4501
0.5408	0.5465	0.4072	0.4604	0.4498	0.5499	0.5024	0.5467	0.5471	0.5480	0.5027	0.3111	0.5960	0.4481	0.5412	0.5057	0.5010	0.7328	0.5545	0.4501
0.5408	0.5465	0.4072	0.4604	0.4498	0.5499	0.5024	0.5467	0.5471	0.5480	0.6031	0.4464	0.5960	0.5917	0.5412	0.5057	0.5010	0.7328	0.4992	0.4501
0.5408	0.5465	0.4072	0.4604	0.4498	0.5499	0.5024	0.5467	0.5471	0.5480	0.6004	0.4464	0.4005	0.5917	0.5436	0.5057	0.5010	0.7328	0.4992	0.4501
0.5408	0.5465	0.4072	0.4604	0.4498	0.5499	0.5024	0.5467	0.5471	0.5480	0.6004	0.4464	0.4005	0.5917	0.5436	0.5057	0.5010	0.7328	0.4992	0.4501
0.5408	0.5465	0.4072	0.4604	0.4498	0.5499	0.5024	0.5467	0.5471	0.5480	0.6004	0.4464	0.4005	0.5917	0.5436	0.5057	0.5010	0.7328	0.4992	0.4501
0.5408	0.5465	0.4072	0.4604	0.4498	0.5499	0.5024	0.5467	0.5471	0.5480	0.6004	0.4464	0.4005	0.5917	0.5436	0.5057	0.5010	0.7328	0.5493	0.4501
0.5408	0.5465	0.4072	0.4604	0.4499	0.5499	0.5024	0.5467	0.5471	0.5480	0.5941	0.4464	0.4005	0.5917	0.5436	0.5057	0.5010	0.4463	0.5493	0.4501
0.6858	0.5465	0.4072	0.4604	0.4499	0.5499	0.5024	0.5467	0.5471	0.5480	0.5070	0.4464	0.4005	0.5917	0.5436	0.5057	0.5010	0.4995	0.5923	0.4501
0.3605	0.5465	0.4072	0.4604	0.4499	0.5499	0.5024	0.5467	0.5471	0.5480	0.5070	0.4464	0.4005	0.5917	0.5436	0.5057	0.5010	0.4995	0.5923	0.4501
0.4988	0.5465	0.4072	0.4604	0.4499	0.5499	0.5024	0.5467	0.5471	0.5480	0.5070	0.4464	0.3566	0.5917	0.5436	0.3097	0.5010	0.6389	0.5923	0.4501
0.4988	0.5465	0.4072	0.4604	0.4499	0.5499	0.5024	0.5467	0.5471	0.5480	0.5070	0.4464	0.3566	0.5917	0.5436	0.5536	0.5010	0.6389	0.5923	0.4501
0.4988	0.5465	0.4072	0.4565	0.4499	0.5499	0.5024	0.5467	0.5471	0.5480	0.5070	0.4464	0.3566	0.5917	0.5436	0.5536	0.5010	0.3123	0.5923	0.4501
0.4988	0.5465	0.4072	0.4565	0.4499	0.5499	0.5024	0.5467	0.5471	0.5480	0.5070	0.4464	0.3566	0.5917	0.5436	0.5536	0.5010	0.3558	0.5923	0.4501
0.4988	0.5465	0.4072	0.4565	0.4499	0.5499	0.5024	0.5467	0.5471	0.5480	0.5070	0.4464	0.3566	0.5917	0.5436	0.4018	0.5010	0.3558	0.5923	0.4501
0.4988	0.5465	0.4072	0.4565	0.4499	0.5499	0.5024	0.5467	0.6390	0.5480	0.5070	0.4464	0.3566	0.5917	0.5436	0.4018	0.5010	0.3558	0.5923	0.4501
0.4575	0.5465	0.4072	0.4565	0.4499	0.5499	0.5024	0.5467	0.6390	0.5480	0.5070	0.4961	0.3566	0.5917	0.5436	0.4018	0.5010	0.5475	0.5923	0.4501
0.4575	0.5465	0.4072	0.4565	0.4499	0.5499	0.5024	0.5467	0.5975	0.5480	0.4528	0.5442	0.3566	0.5917	0.5436	0.4018	0.5010	0.5475	0.5923	0.4501
0.4575	0.5465	0.4072	0.4565	0.4499	0.5499	0.5024	0.5467	0.5975	0.5480	0.4528	0.5442	0.6419	0.5917	0.5436	0.4018	0.5010	0.5475	0.5923	0.4501
0.4575	0.5465	0.4072	0.4565	0.4499	0.5499	0.5024	0.5467	0.5975	0.5480	0.4528	0.5442	0.6419	0.5917	0.5436	0.4018	0.5010	0.5475	0.5923	0.5509
0.4575	0.5465	0.4072	0.4565	0.4499	0.5499	0.5024	0.5467	0.5975	0.5480	0.4528	0.5442	0.6419	0.5917	0.5436	0.4018	0.5010	0.5475	0.5923	0.5509
0.4575	0.5465	0.4072	0.4565	0.4499	0.5499	0.5024	0.5467	0.5975	0.5480	0.4528	0.5442	0.6419	0.5917	0.5436	0.4018	0.5010	0.5475	0.5923	0.5509
0.4575	0.5465	0.4072	0.4565	0.4499	0.5499	0.5024	0.5467	0.5975	0.5480	0.4528	0.5442	0.6419	0.5917	0.5436	0.4018	0.5010	0.5475	0.5923	0.5509
0.4575	0.5465	0.4072	0.4565	0.4499	0.5499	0.5024	0.5467	0.5975	0.5480	0.4528	0.5442	0.6419	0.5917	0.5436	0.4018	0.5010	0.5475	0.5923	0.5509
0.4575	0.5465	0.4072	0.4565	0.4499	0.5005	0.5024	0.5467	0.5975	0.5480	0.4528	0.5442	0.6419	0.5917	0.5436	0.4018	0.5010	0.5475	0.4993	0.5509
0.4575	0.5465	0.4072	0.4565	0.4499	0.5005	0.5024	0.5467	0.5975	0.5480	0.4528	0.5442	0.6419	0.5917	0.5436	0.4018	0.5010	0.5475	0.4993	0.5509
0.4575	0.5465	0.4072	0.4565	0.4499	0.5005	0.5024	0.5467	0.5975	0.5480	0.4528	0.5442	0.6419	0.5917	0.5436	0.5003	0.5010	0.5475	0.4993	0.5509
0.4575	0.5465	0.4072	0.4565	0.4499	0.5005	0.5024	0.5467	0.5975	0.5480	0.4528	0.5442	0.6419	0.5917	0.5436	0.5003	0.5010	0.5475	0.4993	0.5509
0.4575	0.5465	0.4072	0.4565	0.4499	0.5005	0.5024	0.5467	0.5975	0.5480	0.4528	0.5442	0.6419	0.5917	0.5436	0.5003	0.5010	0.5475	0.4993	0.5509
0.4575	0.5465	0.4072	0.4565	0.4499	0.5005	0.5024	0.5467	0.5975	0.5480	0.6857	0.5442	0.6419	0.5917	0.5436	0.5003	0.5010	0.5475	0.4993	0.5509
0.4575	0.5465	0.4072	0.4565	0.4499	0.5005	0.5024	0.5467	0.5975	0.5480	0.6857	0.5442	0.6419	0.5917	0.5436	0.5003	0.5010	0.5475	0.4993	0.5509
0.4575	0.5465	0.4072	0.4565	0.4499	0.5005	0.5024	0.5467	0.5468	0.5480	0.6857	0.5442	0.6419	0.5917	0.5436	0.5003	0.5010	0.5475	0.4993	0.5509
0.4575	0.5465	0.4072	0.4565	0.4499	0.5005	0.5024	0.5467	0.5468	0.5480	0.5072	0.5947	0.6419	0.5917	0.5436	0.5003	0.5010	0.5475	0.4993	0.5509
0.4045	0.5465	0.4072	0.4565	0.4499	0.5005	0.5024	0.5467	0.5468	0.5480	0.5072	0.5947	0.6419	0.5917	0.5436	0.5003	0.5010	0.5475	0.4993	0.5509
0.4045	0.5465	0.4072	0.4565	0.4499	0.5005	0.5024	0.5467	0.5468	0.5480	0.4038	0.5947	0.6419	0.5917	0.5436	0.5003	0.5010	0.4952	0.4993	0.5509
0.4045	0.5465	0.4072	0.4565	0.4499	0.5005	0.5024	0.5467	0.5468	0.5480	0.4038	0.5947	0.6419	0.5917	0.5003	0.5003	0.5010	0.4952	0.4993	0.5509
0.4045	0.5465	0.4072	0.4565	0.4499	0.5005	0.5024	0.5467	0.5468	0.5480	0.4038	0.5947	0.6419	0.5917	0.5003	0.5003	0.5010	0.4966	0.4993	0.5509
0.4045	0.5465	0.4072	0.4565	0.4499	0.5005	0.5024	0.5467	0.5468	0.5480	0.4038	0.5947	0.6419	0.5917	0.5003	0.5003	0.5010	0.4966	0.4993	0.5509
0.4045	0.5465	0.4072	0.4565	0.4499	0.5005	0.5024	0.5467	0.5468	0.5480	0.4038	0.5947	0.6419	0.5917	0.5003	0.5003	0.5010	0.4966	0.4993	0.5006
0.4045	0.5465	0.4072	0.4565	0.4499	0.5005	0.5024	0.5467	0.5468	0.5480	0.4038	0.5947	0.6419	0.5917	0.5003	0.5003	0.5010	0.4966	0.4993	0.5006
0.4045	0.5465	0.4072	0.4565	0.4499	0.5005	0.5024	0.5467	0.5468	0.5480	0.4038	0.5947	0.6419	0.5917	0.5003	0.5003	0.5010	0.4966	0.4993	0.5006
0.4045	0.5465	0.4072	0.4565	0.4499	0.5005	0.5024	0.5467	0.5468	0.5480	0.5013	0.5947	0.6419	0.5917	0.5003	0.5003	0.5010	0.4966	0.4993	0.5006
0.4045	0.5465	0.4072	0.4565	0.4499	0.5005	0.5024	0.5467	0.5468	0.5480	0.5013	0.5947	0.6419	0.5917	0.5003	0.5003	0.5010	0.4966	0.4993	0.5006
0.4045	0.5465	0.4072	0.4565	0.4499	0.5005	0.5024	0.5467	0.5468	0.5480	0.5013	0.5947	0.6419	0.5917	0.5003	0.5003	0.5010	0.4966	0.4993	0.5006
0.4045	0.5465	0.4072	0.4565	0.4499	0.5005	0.5024	0.5467	0.5468	0.5480	0.5013	0.5947	0.6419	0.5917	0.5003	0.5003	0.5010	0.4966	0.4993	0.5006
0.4045	0.5465	0.4072	0.4565	0.4499	0.5005	0.5024	0.5467	0.5468	0.5480	0.5013	0.5947	0.6419	0.5917	0.5003	0.5003	0.5010	0.4528	0.4993	0.5006
0.4045	0.5465	0.4072	0.4565	0.4499	0.5005	0.5024	0.5467	0.5468	0.5480	0.5013	0.5947	0.6419	0.5917	0.5003	0.5003	0.5010	0.4528	0.4993	0.5006
0.4045	0.5465	0.5966	0.4565	0.4499	0.5005	0.5024	0.5467	0.5468	0.5480	0.5013	0.5947	0.6419	0.5917	0.5003	0.5003	0.5010	0.4528	0.4993	0.5006
0.4045	0.5465	0.5966	0.4565	0.4499	0.5005	0.5024	0.5467	0.5468	0.5480	0.5013	0.5947	0.6419	0.5917	0.5003	0.5003	0.5010	0.4528	0.4993	0.5006
0.4045	0.5465	0.5966	0.4565	0.4499	0.5005	0.5024	0.5467	0.5468	0.5480	0.5013	0.5947	0.6419	0.5917	0.5003	0.5003	0.5010	0.4528	0.4993	0.5006
0.4045	0.5465	0.5966	0.4565	0.4499	0.5005	0.5024	0.5467	0.5468	0.5480	0.5013	0.5947	0.6419	0.5917	0.5003	0.5003	0.5010	0.4528	0.4993	0.5006
0.4045	0.5465	0.5966	0.5444	0.4499	0.5005	0.5024	0.5467	0.5468	0.5480	0.5013	0.5947	0.6419	0.5917	0.5003	0.5003	0.5010	0.4528	0.4993	0.5006
0.4045	0.5465	0.5966	0.5444	0.4499	0.5005	0.5024	0.5467	0.5468	0.5480	0.5013	0.5947	0.6419	0.5917	0.5003	0.5003	0.5010	0.5494	0.4993	0.5006
0.4045	0.5465	0.5966	0.5444	0.4499	0.5005	0.5024	0.5467	0.5468	0.5480	0.5013	0.5947	0.6419	0.5917	0.5003	0.5003	0.5010	0.5494	0.4993	0.5006
0.4045	0.5465	0.5966	0.5444	0.4499	0.5005	0.5024	0.5467	0.5468	0.5480	0.5013	0.5947	0.6419	0.5917	0.5003	0.5003	0.5010	0.5494	0.4993	0.5006
0.4045	0.5465	0.5966	0.5444	0.4499	0.5005	0.5024	0.5467	0.5468	0.5480	0.5013	0.5947	0.6419	0.5917	0.5003	0.5003	0.5010	0.5494	0.4993	0.5006
0.5485	0.5465	0.5966	0.4509	0.4499	0.5005	0.5024	0.5467	0.5468	0.5480	0.5013	0.5947	0.6419	0.5917	0.5003	0.5003	0.5010	0.5494	0.4993	0.5006
0.5485	0.5465	0.5966	0.4509	0.4499	0.5005	0.5024	0.5467	0.5468	0.5480	0.5013	0.5947	0.6419	0.5917	0.5003	0.5003	0.5010	0.5494	0.4993	0.5006
0.5485	0.5465	0.5966	0.4509	0.4499	0.5005	0.5024	0.5467	0.5468	0.5480	0.5013	0.5947	0.6419	0.5917	0.5003	0.5003	0.5010	0.5494	0.4993	0.5006
0.5485	0.5465	0.5966	0.4509	0.4499	0.5005	0.5024	0.5467	0.5468	0.5480	0.5013	0.5947	0.6419	0.5917	0.5003	0.5003	0.5010	0.5494	0.4993	0.5006
0.5485	0.5465	0.5966	0.4509	0.4499	0.5005	0.5024	0.5467	0.5468	0.5480	0.5013	0.5947	0.6419	0.5917	0.5003	0.5003	0.5010	0.5494	0.4993	0.5006
0.5485	0.5465	0.5966	0.4509	0.4499	0.5005	0.5024	0.5467	0.5468	0.5480	0.5013	0.5947	0.6419	0.5917	0.5003	0.5003	0.5010	0.5494	0.4993	0.5006
