0.3108	0.8979	0.5922	0.4579	0.4525	0.6871	0.6623	0.6080	0.3532	0.8208	0.1449	0.6233	0.3996	0.9670	0.4173	0.5096	0.8684	0.3943	0.3347	0.0363
0.4216	0.9109	0.7240	0.7843	1.0000	0.4599	0.7304	0.2018	0.0000	0.5615	0.5531	0.4811	0.5263	0.5656	0.7838	0.4731	1.0000	0.2833	0.0000	0.5321
0.3519	0.1992	0.5051	0.8542	0.7890	1.0000	0.4363	0.5095	0.0000	0.1029	0.4931	0.9070	0.4607	0.4863	0.4572	0.7059	0.4847	0.8050	0.0000	0.5321
0.1400	0.0000	0.5051	1.0000	0.4653	0.2643	0.1662	0.4004	0.0000	0.2491	0.4023	1.0000	0.4607	0.4667	0.6133	0.8750	1.0000	0.5136	0.0000	0.4933
0.5022	1.0000	0.5051	0.5540	0.4653	0.5230	0.5087	0.9135	0.2499	0.3379	0.6744	0.5068	0.1229	0.0000	0.9021	1.0000	0.4489	0.5647	0.4896	0.4933
0.2678	0.4090	0.5051	0.5201	0.4653	0.5230	0.5087	0.9156	0.1071	0.1795	0.2094	0.3700	0.3185	0.7397	0.0000	0.4529	0.6280	0.5267	0.4763	0.4933
0.5734	0.7447	0.5051	0.5455	0.4545	0.5230	0.5087	0.2295	0.5999	0.4067	0.5706	0.2432	0.7368	0.2832	0.4195	0.1195	0.7955	0.5194	0.5246	0.4933
0.5355	0.4911	0.5051	0.4410	0.5032	0.4971	0.2393	0.0000	0.0000	0.6346	0.4788	0.0000	0.2235	0.4317	0.6500	0.0000	0.8950	0.4971	0.2035	0.8555
0.6228	0.4911	0.1942	0.5660	0.5032	0.4727	0.7860	0.4932	0.3299	0.0000	0.8211	0.3918	1.0000	1.0000	0.5636	0.0000	0.5359	0.4971	0.5168	0.9783
0.8287	0.4571	0.5344	0.0000	0.5032	0.4871	0.5164	0.4932	0.6534	0.5548	0.6040	0.5311	0.5764	1.0000	0.5636	0.1935	0.7643	0.4971	0.5180	0.4622
0.7899	0.4571	0.5513	0.8366	0.5032	0.0000	0.5164	0.4932	0.4619	0.2135	0.0000	0.8055	0.5764	0.4777	0.5636	0.1935	0.7396	0.4971	0.5180	0.0000
0.5005	0.4957	0.0000	0.0000	0.5032	0.5413	0.5164	0.4932	0.0000	0.9602	0.4944	0.8415	0.5764	0.5381	0.5636	0.0000	0.4537	0.4971	0.4553	0.4629
0.5352	0.4957	0.3334	0.4248	0.5032	0.5204	0.5164	0.4705	0.3862	0.4182	0.0000	0.5954	0.8023	0.4611	0.5636	0.4263	0.4537	0.4971	0.3440	0.9478
0.5352	0.4957	0.4247	0.4248	0.5032	0.5204	0.5164	0.4705	0.4867	0.5110	0.0000	1.0000	0.3670	0.4611	0.5636	0.4963	0.4537	0.4971	0.5917	0.8218
0.4609	0.4957	0.4294	0.4248	0.4907	1.0000	0.5164	0.4705	1.0000	0.5110	0.5550	0.5546	0.0000	0.4611	0.5636	0.4963	0.4537	0.4971	0.9317	0.6656
0.4609	0.4957	1.0000	0.4248	0.4907	0.5240	0.5164	0.5033	0.7468	0.5181	0.6671	0.5546	0.4395	0.4611	0.5636	0.4963	0.4537	0.4971	0.4946	1.0000
0.4609	0.4957	0.2078	0.4666	0.4907	0.8956	0.5164	0.6170	0.8340	0.5181	0.4481	0.5546	0.4395	0.4611	0.4726	0.4963	0.0000	0.4971	0.4946	0.5767
0.4609	0.4957	1.0000	1.0000	0.4907	0.0533	0.5164	0.9913	0.5115	0.5181	0.4454	0.8311	0.4395	0.4611	0.4726	0.4963	0.4396	0.4971	0.3958	0.0000
0.4609	0.4957	0.4064	0.8843	0.4907	1.0000	0.5164	0.5775	0.4636	0.5181	0.4874	0.5320	0.5536	0.4611	0.4726	0.4963	0.5069	0.4971	0.0000	0.5624
0.4898	0.4957	0.4905	0.8542	0.4907	1.0000	0.5164	0.0000	0.4636	0.5181	0.4874	0.5320	0.5536	0.5328	0.4701	0.4963	0.5069	0.4971	0.4942	0.5624
0.5044	0.4957	0.4905	0.5510	0.4907	0.2198	0.5164	0.7267	0.4636	0.5181	0.4846	0.5320	0.5536	0.5328	0.5226	0.4963	0.5069	0.4971	0.4942	0.0000
0.5044	0.4957	0.4905	0.5510	0.4907	0.3217	0.5164	0.5038	0.0929	0.5181	0.4850	0.5320	0.5381	0.5328	0.5226	0.4963	0.5069	0.4971	0.4942	0.2341
0.4999	0.4957	0.4905	0.5351	0.4907	0.5432	0.5164	0.4974	0.9951	0.5181	0.5429	0.5021	0.5379	0.5328	0.5226	0.4765	0.5323	0.4971	0.4942	0.5890
0.4999	0.4957	0.4905	0.5351	0.4907	0.5390	0.5164	0.0000	1.0000	0.5181	0.5429	0.5021	0.5379	0.5328	0.5226	0.4765	0.5323	0.4971	0.5092	0.4864
0.4999	0.4957	0.4686	0.5351	0.4907	0.0000	0.5164	0.5753	0.4724	0.5181	0.5429	0.5021	0.5379	0.5328	0.5226	0.4938	0.5323	0.4971	0.5092	0.5453
0.4999	0.4957	0.4686	0.5351	0.4907	0.0000	0.5164	0.8631	0.5066	0.5181	0.5026	0.5021	0.5379	0.5328	0.5226	0.4938	0.5323	0.4971	0.5092	0.5453
0.4999	0.4957	0.4686	0.5351	0.4907	0.7085	0.5164	0.4839	0.5066	0.5181	0.4825	0.5021	0.5207	0.5328	0.5226	0.4707	0.5323	0.4971	0.5092	0.5453
0.4999	0.4957	0.4686	0.5351	0.4907	0.5229	0.5164	0.1580	0.5066	0.5181	0.4825	0.5021	0.4825	0.5328	0.4825	0.4707	0.5631	0.4971	0.5092	0.5453
0.4999	0.4957	0.4686	0.5351	0.4907	0.5229	0.5164	0.2096	0.5066	0.5181	0.4946	0.5325	0.4825	0.5328	0.4825	0.4707	0.4785	0.4971	0.5022	0.5453
0.4999	0.4957	0.4971	0.5351	0.4907	0.5229	0.5164	0.5585	0.4695	0.5181	0.4946	0.5325	0.4825	0.5328	0.4825	0.4707	0.5452	0.4971	0.5022	0.5453
0.4999	0.4957	0.4971	0.5351	0.4907	0.5229	0.4825	0.5585	0.4695	0.5181	0.4946	0.5325	0.5024	0.5328	0.4825	0.4707	0.5452	0.5015	0.5022	0.5453
0.4999	0.4957	0.4971	0.5351	0.4907	0.5229	0.4825	0.5585	0.4695	0.5181	0.4946	0.5325	0.5024	0.5328	0.4825	0.4707	0.2050	0.5015	0.5264	0.5453
0.4999	0.4957	0.4971	0.5351	0.4907	0.5229	0.4825	0.5232	0.4695	0.5181	0.4946	0.5325	0.5024	0.5328	0.4825	0.4707	0.5179	0.5015	0.5248	0.5453
0.4999	0.4957	0.4971	0.5351	0.4907	0.5229	0.5148	0.5232	0.4695	0.5181	0.4946	0.5325	0.5024	0.5328	0.4825	0.5004	0.5179	0.5015	0.5248	0.4735
0.4999	0.4957	0.4971	0.5351	0.4907	0.4600	0.5148	0.5232	0.4695	0.5181	0.4661	0.5325	0.5024	0.5328	0.4825	0.5004	0.5163	0.5015	0.5248	0.4735
0.4999	0.4957	0.4971	0.5351	0.4907	0.4600	0.5148	0.5232	0.4695	0.5181	0.4661	0.5325	0.5024	0.5328	0.4825	0.5004	0.5472	0.5015	0.5248	0.4735
0.4999	0.4957	0.4971	0.5351	0.4907	0.4600	0.5148	0.4970	0.4695	0.5181	0.4882	0.5325	0.5024	0.5328	0.4825	0.5004	0.5472	0.5015	0.5248	0.4735
0.4999	0.4957	0.4971	0.5351	0.4907	0.5069	0.5148	0.4970	0.4939	0.5181	0.4882	0.5325	0.5024	0.5328	0.5196	0.5004	0.5223	0.5015	0.5005	0.4735
0.4999	0.4957	0.4971	0.5351	0.4907	0.5069	0.5148	0.4970	0.4939	0.5181	0.4882	0.4878	0.5024	0.5328	0.5196	0.5004	0.5223	0.5015	0.4889	0.4735
0.4999	0.4957	0.4971	0.5351	0.4907	0.5069	0.5148	0.4970	0.4939	0.5181	0.4882	0.4878	0.5024	0.5328	0.5196	0.5004	0.5223	0.5015	0.4889	0.4735
0.4999	0.4957	0.4971	0.5351	0.4907	0.5069	0.5148	0.4970	0.4939	0.5181	0.4882	0.4878	0.5024	0.5328	0.5196	0.5004	0.4851	0.5015	0.4889	0.4735
0.4999	0.4957	0.4971	0.5266	0.4907	0.5069	0.5148	0.4970	0.4939	0.5019	0.4882	0.4878	0.5024	0.5328	0.5196	0.5004	0.4851	0.5015	0.4889	0.4735
0.4999	0.4957	0.4971	0.5266	0.4907	0.5069	0.5148	0.4970	0.4939	0.5019	0.4882	0.5478	0.5024	0.5079	0.5196	0.5004	0.4851	0.5015	0.4889	0.4735
0.4999	0.4957	0.4971	0.5266	0.4907	0.5069	0.5148	0.4970	0.4939	0.5019	0.4882	0.5478	0.5024	0.5079	0.5196	0.5004	0.4935	0.5015	0.4889	0.4735
0.4999	0.4957	0.4971	0.5266	0.4907	0.5069	0.5148	0.4970	0.4939	0.5019	0.4882	0.5478	0.5024	0.5079	0.5196	0.5004	0.4935	0.5015	0.4889	0.4735
0.4999	0.4957	0.4971	0.5192	0.4907	0.5013	0.5148	0.4970	0.4939	0.5019	0.4882	0.5478	0.5024	0.5079	0.5196	0.5004	0.4935	0.5015	0.4889	0.4735
0.4999	0.4957	0.4971	0.5192	0.4907	0.5013	0.5148	0.4970	0.4939	0.5019	0.4882	0.5478	0.5024	0.5079	0.5196	0.5004	0.5350	0.5015	0.4889	0.4735
0.4999	0.4957	0.4971	0.5192	0.4907	0.5013	0.5148	0.4970	0.4939	0.5019	0.4882	0.4702	0.5024	0.5079	0.5196	0.5004	0.5350	0.5015	0.4889	0.4735
0.4999	0.4957	0.4971	0.5192	0.4907	0.5013	0.5148	0.4970	0.4939	0.5019	0.4882	0.4702	0.5024	0.5079	0.5196	0.5004	0.5350	0.5015	0.4889	0.4735
0.4999	0.4957	0.4971	0.5192	0.4907	0.5013	0.5148	0.4970	0.4939	0.5012	0.4882	0.4702	0.5024	0.5079	0.4688	0.5004	0.5350	0.5015	0.4889	0.5330
0.4999	0.4957	0.4971	0.5192	0.4907	0.5013	0.5148	0.4970	0.4939	0.5012	0.4882	0.4702	0.5024	0.5047	0.4688	0.5004	0.5350	0.5015	0.4889	0.5442
0.4999	0.4957	0.4971	0.5192	0.4907	0.5013	0.5148	0.4970	0.4939	0.5012	0.4882	0.4702	0.5024	0.5047	0.4688	0.5004	0.5277	0.5015	0.4889	0.5442
0.4999	0.4988	0.4971	0.5192	0.4907	0.5013	0.5148	0.4970	0.4939	0.5012	0.4882	0.4702	0.5024	0.5047	0.4688	0.5004	0.5277	0.5015	0.4889	0.5442
0.4999	0.4988	0.4971	0.5192	0.4907	0.5013	0.5148	0.4970	0.4939	0.5012	0.4882	0.5022	0.5024	0.5047	0.4868	0.5004	0.5277	0.5015	0.4889	0.5442
0.4999	0.4988	0.4971	0.5192	0.4907	0.5013	0.5148	0.4970	0.4939	0.5012	0.4882	0.5022	0.5024	0.5047	0.4868	0.5004	0.5277	0.5015	0.4889	0.5442
0.4999	0.4988	0.4971	0.5192	0.4907	0.5013	0.5148	0.4970	0.4939	0.5012	0.4882	0.5022	0.5024	0.5047	0.4868	0.5004	0.5277	0.5015	0.4889	0.5442
0.4999	0.4988	0.4971	0.5192	0.4907	0.5013	0.5148	0.4970	0.4939	0.5012	0.4882	0.5022	0.5024	0.5047	0.4868	0.5004	0.5277	0.5015	0.4889	0.5442
0.4999	0.4988	0.4971	0.5192	0.4907	0.5013	0.5148	0.4970	0.4939	0.5012	0.4882	0.4926	0.5024	0.5047	0.5080	0.5004	0.5277	0.5015	0.4889	0.5442
0.4999	0.4988	0.4971	0.5192	0.4907	0.5013	0.5148	0.4970	0.4939	0.5012	0.4882	0.4701	0.5024	0.5047	0.5080	0.5004	0.5277	0.5015	0.4889	0.5442
0.4999	0.4786	0.4971	0.5192	0.4907	0.5013	0.5148	0.4970	0.5047	0.5012	0.4882	0.4701	0.5024	0.5047	0.5080	0.5004	0.5277	0.5015	0.4889	0.5442
0.4999	0.4786	0.4971	0.5192	0.4907	0.5013	0.5148	0.4970	0.5047	0.5012	0.4882	0.4989	0.5024	0.5047	0.5080	0.5004	0.5277	0.5015	0.4889	0.5442
0.4999	0.4786	0.4971	0.5192	0.4907	0.5013	0.5148	0.4970	0.5047	0.5012	0.4882	0.4989	0.5024	0.5047	0.5071	0.5004	0.5277	0.5015	0.4889	0.5442
0.4999	0.4786	0.4971	0.5192	0.4907	0.5013	0.5148	0.4970	0.5047	0.5012	0.4882	0.4989	0.5024	0.5047	0.5071	0.5004	0.5277	0.5015	0.4889	0.5442
0.4999	0.4786	0.4971	0.5192	0.4907	0.5013	0.5148	0.4970	0.5047	0.5012	0.4882	0.4989	0.5024	0.5047	0.5071	0.5004	0.5277	0.5015	0.4889	0.5442
0.4999	0.4786	0.4971	0.5192	0.4907	0.5013	0.5148	0.4970	0.5047	0.5012	0.4882	0.4989	0.5024	0.5169	0.5071	0.5004	0.5277	0.5015	0.4889	0.5442
0.4999	0.4786	0.4971	0.5192	0.4907	0.5013	0.5148	0.4970	0.5047	0.5012	0.4882	0.4989	0.5024	0.5169	0.5071	0.5004	0.5277	0.5015	0.4889	0.5442
0.4999	0.4786	0.4971	0.5192	0.4907	0.5013	0.5148	0.4970	0.5047	0.5012	0.4882	0.4989	0.5024	0.5255	0.5071	0.5004	0.5277	0.5015	0.4889	0.5442
0.5077	0.4786	0.4971	0.5192	0.4907	0.5013	0.5148	0.4970	0.5047	0.5012	0.4882	0.4989	0.5024	0.5255	0.5071	0.5004	0.5277	0.5015	0.4889	0.5442
0.5077	0.4786	0.4971	0.5192	0.4907	0.5013	0.5148	0.4970	0.5047	0.5012	0.4882	0.4989	0.5024	0.5255	0.5071	0.5004	0.5277	0.5015	0.4889	0.5252
0.5077	0.4950	0.4971	0.5192	0.4907	0.5013	0.5148	0.4970	0.5047	0.5012	0.4882	0.4989	0.5024	0.5255	0.5071	0.5004	0.5277	0.5015	0.4889	0.5252
0.5077	0.4950	0.4971	0.5192	0.4907	0.5013	0.5148	0.4970	0.5047	0.5012	0.4882	0.4989	0.5024	0.5255	0.5071	0.5004	0.5277	0.5015	0.4889	0.5252
0.5077	0.4950	0.4971	0.5192	0.4907	0.5013	0.5148	0.4970	0.5047	0.5012	0.4882	0.4989	0.5024	0.5255	0.5071	0.5135	0.5070	0.5015	0.4889	0.5252
0.5077	0.4950	0.4971	0.5192	0.4907	0.5013	0.5148	0.4970	0.5047	0.5012	0.4882	0.4989	0.5024	0.5255	0.5071	0.5135	0.5070	0.5015	0.4889	0.5252
0.5077	0.4950	0.4971	0.5192	0.4907	0.5013	0.5148	0.4970	0.5047	0.5089	0.4882	0.4989	0.5024	0.5255	0.5071	0.5135	0.5070	0.4792	0.4889	0.5252
0.5077	0.4950	0.4971	0.5192	0.4907	0.5013	0.5148	0.4970	0.5047	0.5089	0.4882	0.4989	0.5024	0.5255	0.5071	0.5042	0.5059	0.4792	0.4889	0.5252
0.5077	0.4950	0.4971	0.5192	0.4907	0.5013	0.5148	0.4970	0.5047	0.5089	0.4882	0.4989	0.5024	0.5255	0.5071	0.5042	0.5059	0.4792	0.4889	0.5252
0.5077	0.4950	0.4971	0.5192	0.5155	0.5013	0.5148	0.4970	0.5047	0.5089	0.4882	0.4989	0.5024	0.5255	0.5071	0.5042	0.5059	0.4792	0.4889	0.5252
0.5077	0.4950	0.4971	0.5192	0.5155	0.5013	0.5148	0.4970	0.5047	0.5089	0.4882	0.4989	0.5024	0.5255	0.5071	0.5042	0.5059	0.4792	0.4889	0.5252
0.5077	0.4950	0.4971	0.5192	0.5155	0.5013	0.5148	0.4970	0.5047	0.5089	0.4882	0.4989	0.5024	0.5255	0.5071	0.5042	0.5059	0.4792	0.5174	0.5252
0.5077	0.5284	0.4971	0.5192	0.5155	0.5013	0.5148	0.4970	0.5047	0.5089	0.4882	0.4989	0.5024	0.5255	0.4989	0.5042	0.5059	0.4792	0.5174	0.5252
0.5077	0.5284	0.4971	0.5192	0.5155	0.5013	0.5148	0.4970	0.5047	0.5089	0.4882	0.4989	0.5024	0.5255	0.4989	0.5042	0.5059	0.4792	0.5174	0.5252
0.5077	0.5284	0.4971	0.5192	0.5155	0.5013	0.5148	0.4970	0.5047	0.5089	0.4882	0.4989	0.5024	0.5255	0.4989	0.5042	0.5059	0.4792	0.5174	0.5252
0.5077	0.5284	0.4971	0.5192	0.5155	0.5013	0.5148	0.4970	0.5047	0.5089	0.4882	0.4989	0.5024	0.5255	0.4989	0.5042	0.5059	0.4792	0.5174	0.5252
0.5077	0.5284	0.4971	0.5192	0.5155	0.5013	0.5148	0.4970	0.4935	0.5089	0.4882	0.4989	0.5024	0.4926	0.4989	0.5042	0.5059	0.4792	0.5174	0.5252
0.5077	0.5284	0.4971	0.5192	0.5155	0.5013	0.5148	0.4970	0.4935	0.5089	0.4882	0.4989	0.5024	0.4926	0.4989	0.5042	0.5059	0.4792	0.5174	0.5252
0.5077	0.5284	0.4971	0.5192	0.5155	0.5013	0.5148	0.4970	0.4935	0.5089	0.4882	0.4989	0.5024	0.4926	0.4989	0.5042	0.5059	0.4792	0.5174	0.5252
0.5077	0.5284	0.4971	0.5192	0.5155	0.5013	0.5148	0.4970	0.4935	0.5089	0.4882	0.4989	0.5024	0.4926	0.4989	0.5042	0.5059	0.4792	0.5174	0.5252
0.5077	0.5284	0.4989	0.5192	0.5155	0.5013	0.5148	0.4970	0.4935	0.5089	0.4882	0.4989	0.5024	0.4926	0.4989	0.5042	0.5059	0.4792	0.5174	0.5151
0.5077	0.5284	0.4989	0.5192	0.5155	0.5013	0.4884	0.4970	0.4935	0.5089	0.4882	0.4989	0.5024	0.4926	0.4989	0.5042	0.5059	0.4792	0.5174	0.5151
0.5077	0.5284	0.4989	0.5192	0.5155	0.5013	0.4884	0.4970	0.4935	0.5089	0.4882	0.4989	0.5024	0.4926	0.4989	0.5042	0.5059	0.4852	0.5174	0.5151
0.5077	0.5284	0.5046	0.5192	0.5155	0.5013	0.4884	0.4970	0.4935	0.5089	0.4882	0.4989	0.5024	0.4926	0.4989	0.5042	0.5059	0.4852	0.5174	0.5151
0.5077	0.5284	0.5046	0.5192	0.5155	0.5013	0.4884	0.4970	0.4935	0.5089	0.4882	0.4989	0.5024	0.4926	0.4989	0.5042	0.4807	0.4852	0.5174	0.5151
0.5077	0.5284	0.5046	0.5192	0.5155	0.5013	0.4884	0.4970	0.4935	0.5089	0.4882	0.4989	0.5024	0.4926	0.4989	0.5042	0.4807	0.4852	0.5174	0.5151
0.5077	0.5284	0.5046	0.5192	0.5155	0.5013	0.4884	0.4970	0.4935	0.5089	0.4882	0.4989	0.5024	0.4926	0.4989	0.5042	0.4807	0.5056	0.5174	0.5151
0.5077	0.5284	0.5046	0.5192	0.5155	0.5013	0.4884	0.4970	0.4935	0.5089	0.4882	0.4989	0.5024	0.4926	0.4989	0.5042	0.4807	0.5056	0.5112	0.5151
0.5077	0.5284	0.5046	0.5192	0.5155	0.5013	0.4884	0.4970	0.4935	0.5089	0.4882	0.4989	0.5024	0.4926	0.4989	0.5042	0.4807	0.5056	0.5112	0.5151
0.5077	0.5284	0.5046	0.5192	0.5155	0.5013	0.4884	0.4970	0.4935	0.5089	0.4882	0.4989	0.5024	0.4926	0.4989	0.5042	0.4807	0.5056	0.5112	0.5151
0.5077	0.5284	0.5046	0.5192	0.5155	0.5013	0.4884	0.4970	0.4935	0.5089	0.4882	0.4989	0.5024	0.4926	0.4989	0.5042	0.4807	0.5056	0.5112	0.5151
0.5077	0.5284	0.5046	0.5192	0.5155	0.5013	0.4884	0.4970	0.4935	0.5089	0.4882	0.4989	0.5024	0.4926	0.4989	0.5042	0.4807	0.5056	0.5112	0.5151
0.5077	0.5284	0.5046	0.5192	0.5155	0.5013	0.4884	0.4970	0.4935	0.5089	0.4882	0.4989	0.5024	0.4926	0.4989	0.5042	0.4807	0.5056	0.5112	0.5151
0.5077	0.5284	0.5046	0.5192	0.5155	0.5013	0.4884	0.4970	0.4935	0.5089	0.4882	0.4989	0.5024	0.4926	0.4989	0.5042	0.4807	0.5056	0.5112	0.5151
