0.2062	0.8733	0.9076	0.4259	0.5971	0.0406	0.9763	0.2978	0.5783	0.2069	0.6935	0.1386	0.8049	0.9344	0.7800	0.5419	0.2888	0.3242	0.2078	0.9138
0.4225	0.6088	0.4563	0.5664	0.7442	0.3245	0.4883	0.4047	0.9875	0.2068	0.4332	1.0000	0.9231	0.5681	0.3930	0.5057	0.0000	0.1923	0.5614	1.0000
0.3464	1.0000	0.7282	1.0000	0.4999	0.3245	0.0645	1.0000	0.3832	1.0000	0.9562	0.6770	0.0176	0.7729	0.6176	0.3557	0.3813	0.0000	0.3238	0.8891
0.4479	0.7051	0.5526	1.0000	0.4899	0.3666	0.5552	0.7974	0.3832	0.3377	0.0000	0.0662	0.5582	0.5723	0.3864	0.1412	0.3813	0.5509	0.2149	0.4583
0.4344	1.0000	0.4416	0.6148	0.6574	0.7229	0.6315	0.1651	0.5092	1.0000	0.6744	1.0000	0.0265	1.0000	0.3824	0.6742	0.3813	1.0000	1.0000	0.6281
0.4344	0.3796	0.4416	1.0000	1.0000	0.3245	0.4280	0.4245	0.2488	0.4968	0.6744	1.0000	0.5308	0.5062	0.0000	0.3256	0.3813	0.0563	0.7455	0.3809
0.6258	0.2748	0.4416	0.0000	0.9070	0.3245	0.4600	1.0000	1.0000	0.4968	0.6744	1.0000	0.2025	0.5062	0.0000	0.2105	0.3813	1.0000	0.5640	0.1875
0.6715	0.7979	0.4416	0.8460	0.4365	0.5134	0.4401	0.8307	0.6333	0.5087	0.6744	0.6218	0.5619	0.5062	0.0000	0.1160	0.4433	0.0000	0.3199	0.0442
1.0000	0.6100	0.4416	0.7360	0.4372	0.4519	0.6119	0.2929	0.6377	0.5096	0.6744	0.5665	1.0000	0.5062	0.4823	0.9879	0.4433	0.6135	0.6866	0.1882
0.4721	1.0000	0.4416	0.1619	0.2645	0.4919	0.6119	0.5141	0.4336	0.4456	0.6744	0.5001	0.7890	0.5062	0.6919	0.2222	0.4433	1.0000	0.3101	0.4988
0.7668	0.0000	0.0000	0.5002	0.2344	0.0000	0.3167	0.5141	0.4483	0.4456	0.6744	0.0935	0.4284	0.6254	0.0000	0.6012	0.4392	0.1280	0.5451	0.2154
0.4005	0.4466	0.0078	0.0000	0.2156	0.0000	0.3167	0.5053	0.2022	0.4456	0.4191	0.4954	0.6189	0.3344	0.6417	0.6696	0.4392	0.9980	0.4391	0.0712
0.3786	0.4466	0.0000	0.0000	0.5106	0.7719	0.3167	0.6593	0.1926	0.4456	0.8536	0.6271	0.8745	0.3344	0.2015	0.2494	0.4392	0.3208	0.6816	0.6178
0.6780	0.5640	0.0607	0.5505	0.6381	0.4547	0.3167	0.3228	0.7280	0.4456	0.6782	0.4294	0.2731	0.3344	1.0000	0.4974	0.4392	0.3208	0.5484	0.6178
0.2770	0.5640	0.2722	0.5019	0.9168	0.9122	0.5541	0.3228	0.9422	0.4456	0.3241	0.6092	0.7309	0.3344	0.0000	0.0000	0.4392	0.3208	0.4408	0.6178
0.6134	0.5640	0.6656	0.4921	0.0000	0.3727	0.5541	0.3228	0.6291	0.4456	0.4305	0.5892	0.3247	0.7316	0.5204	0.6897	0.4418	0.3208	0.5526	0.6178
0.4479	0.5640	0.5689	0.4379	0.8730	0.0000	0.5659	0.3228	0.7939	0.4525	0.5540	0.0000	0.3247	0.5515	0.3175	0.5543	0.3586	0.3208	0.2636	0.6178
0.4479	0.5640	0.4423	0.4379	0.3071	1.0000	0.4949	0.3228	0.3086	0.3822	0.5540	0.6592	0.3247	0.5515	0.3175	0.6701	0.0868	1.0000	0.6683	0.4911
0.5726	0.6167	0.4423	0.5109	0.2617	0.0000	0.4373	0.3228	0.0000	0.5076	0.5540	0.6233	0.3247	0.5515	0.3175	0.6140	0.7277	0.4445	0.6683	0.3209
1.0000	0.6167	0.4423	0.4996	0.7969	0.7262	0.4373	0.3228	0.5470	0.5076	0.5540	0.5068	0.8422	0.5020	0.5086	0.7408	0.7277	0.5077	0.0320	0.3209
1.0000	0.8197	0.4419	0.7859	0.4358	0.7359	0.4373	0.3228	0.4316	0.6160	0.5540	0.3155	0.3180	0.5020	0.4395	0.6779	0.7277	0.5077	0.5037	0.3209
0.0000	0.5006	0.4419	0.6804	0.3210	0.7359	0.4373	0.3848	0.3103	0.6148	0.5540	0.3833	0.7182	0.5020	0.4395	0.5424	0.4310	0.3786	0.5498	0.3209
0.4822	0.5006	0.4419	0.6230	0.5589	1.0000	0.4373	0.3848	0.6151	0.6148	0.5540	0.0000	0.7230	0.5020	0.4395	0.4668	0.6680	0.3663	0.5498	0.6205
0.9075	0.6052	0.4419	0.6230	0.5589	0.0000	0.4373	0.3848	0.6151	0.6148	0.5540	0.0000	0.3677	0.4409	0.4395	0.6669	0.6094	0.1873	0.5498	0.6205
0.6305	0.4468	0.4959	0.7193	0.5632	0.5639	0.4373	0.3848	0.6151	0.6148	0.5540	0.9234	0.6179	0.4409	0.4395	0.0000	0.3256	0.0000	0.5498	0.6205
0.6305	0.4468	0.4959	0.1511	0.5632	0.5639	0.4373	0.3848	0.6151	0.6148	0.5540	0.2605	0.6179	0.4409	0.4395	0.5461	0.3256	0.6722	0.6157	0.6205
1.0000	0.6241	0.4959	0.5102	0.5632	0.5639	0.4373	0.3848	0.5531	0.6148	0.5540	1.0000	0.6179	0.4409	0.4395	0.6748	0.6726	0.0000	0.6224	0.6205
0.3407	0.6241	0.4959	0.1997	0.6109	0.5639	0.4373	0.3848	0.5531	0.6148	0.5540	0.6117	0.6179	0.4409	0.4395	0.5652	0.6726	0.5539	0.5229	0.6205
0.4474	0.6241	0.4959	0.5293	0.6109	0.6362	0.4373	0.3848	0.5486	0.6148	0.5540	0.6117	0.6179	0.4409	0.4395	0.3740	0.6726	0.2597	0.9529	0.6205
0.4474	0.7279	0.4959	0.5874	0.6109	0.7305	0.4373	0.3848	0.3892	0.6148	0.5540	0.6117	0.6179	0.5062	0.4395	0.5608	0.4947	1.0000	0.0000	0.6205
0.3616	0.6788	0.4959	0.4425	0.6109	1.0000	0.4373	0.3848	0.3892	0.6148	0.5540	0.6117	0.6179	0.5062	0.4395	0.5608	0.4947	0.2668	0.6111	0.6205
0.2305	1.0000	0.4959	0.4425	0.6109	0.5605	0.4373	0.3848	0.2107	0.6148	0.4462	0.3894	0.6179	0.3253	0.4395	0.4444	0.4947	0.4368	0.6111	0.6205
0.2197	0.5550	0.4959	0.3822	0.4377	0.5605	0.4373	0.3848	0.5090	0.6148	0.4462	0.3894	0.4473	0.3253	0.4395	0.2101	0.4998	0.4443	0.6111	0.6205
0.6339	0.7511	0.4959	0.3822	0.4377	0.5605	0.4373	0.3848	0.8022	0.6148	0.4462	0.3894	0.4473	0.3253	0.4395	0.6724	0.4998	0.4443	0.6111	0.3835
0.6837	0.1872	0.4959	0.3822	0.4377	0.5605	0.4373	0.3848	0.5084	0.6148	0.4462	0.3894	0.4473	0.3253	0.4395	0.6724	0.4998	0.4533	0.6111	0.3835
0.6837	0.3899	0.4959	0.3822	0.4377	0.5605	0.4373	0.3848	0.2026	0.6148	0.4462	0.4343	0.4473	0.4979	0.4395	0.5621	0.5570	0.4533	0.5490	0.3835
0.6837	0.2542	0.3832	0.3822	0.4377	0.5605	0.4373	0.5111	0.5384	0.6148	0.4462	0.4343	0.4473	0.4979	0.4395	0.5621	0.5570	0.4533	0.6781	0.3835
0.4898	0.2542	0.3832	0.3822	0.4377	0.5605	0.4373	0.5111	0.3820	0.6148	0.4462	0.4343	0.4473	0.4979	0.4395	0.5621	0.5570	0.5703	0.6781	0.3835
0.4898	0.7245	0.4999	0.6241	0.4377	0.5605	0.4373	0.5111	0.3820	0.6148	0.4462	0.4343	0.4473	0.4979	0.4395	0.5621	0.5570	0.5703	0.6781	0.3835
0.4898	0.6275	0.4999	0.6241	0.4377	0.5605	0.4373	0.5111	0.3820	0.6148	0.4462	0.4343	0.5631	0.4979	0.5638	0.5621	0.5570	0.6750	0.6781	0.3835
0.4898	0.6263	0.4999	0.6241	0.4377	0.4341	0.4373	0.5055	0.3820	0.6148	0.4462	0.3889	0.4941	0.4979	0.5638	0.5621	0.5570	0.6750	0.6781	0.6142
0.4898	0.6263	0.4346	0.6777	0.4377	0.4341	0.4373	0.5055	0.3820	0.6148	0.4462	0.3889	0.3173	0.4979	0.5638	0.4489	0.5570	0.6750	0.6713	0.6142
0.4898	0.6263	0.4346	0.5604	0.4377	0.4341	0.4373	0.5055	0.3820	0.6148	0.4462	0.4292	0.3173	0.4979	0.5638	0.4489	0.5584	0.6741	0.6713	0.6142
0.4898	0.6263	0.4358	0.5604	0.4377	0.4341	0.4444	0.5055	0.5637	0.6148	0.4462	0.6198	0.3173	0.4979	0.5638	0.4489	0.5584	0.6741	0.5535	0.6142
0.4898	0.6263	0.4358	0.5604	0.4377	0.6150	0.5546	0.5055	0.5637	0.6148	0.4462	0.5692	0.4434	0.4979	0.5638	0.4489	0.5584	0.6741	0.5535	0.6142
0.4898	0.6263	0.4358	0.6261	0.4377	0.6150	0.5546	0.3238	0.5637	0.6148	0.4462	0.6131	0.4434	0.4979	0.5638	0.4489	0.5562	0.6741	0.6693	0.6142
0.4898	0.4994	0.4358	0.6261	0.4377	0.6150	0.5077	0.3238	0.5637	0.6148	0.4462	0.4926	0.4434	0.4979	0.5638	0.4489	0.3848	0.6741	0.6851	0.6142
0.4898	0.4994	0.4358	0.6261	0.4377	0.6150	0.5077	0.5555	0.5637	0.6148	0.4462	0.4926	0.4434	0.4979	0.5638	0.4489	0.3848	0.6741	0.3855	0.6142
0.5010	0.4994	0.5570	0.6261	0.5641	0.6150	0.6178	0.5555	0.5637	0.6148	0.4462	0.4926	0.4434	0.4979	0.5638	0.6086	0.3848	0.4951	0.3855	0.6142
0.5010	0.4994	0.5570	0.5698	0.5641	0.6150	0.6178	0.5555	0.5637	0.6148	0.4462	0.4926	0.4434	0.4979	0.5638	0.4438	0.3885	0.4951	0.3855	0.6142
0.5010	0.6128	0.5570	0.5698	0.5641	0.6150	0.6178	0.5555	0.5637	0.6148	0.4462	0.4926	0.4434	0.5657	0.5638	0.4438	0.3885	0.4951	0.3855	0.6142
0.5010	0.6128	0.5570	0.5698	0.5641	0.6150	0.6178	0.5555	0.5637	0.6148	0.4462	0.4926	0.4434	0.5657	0.4406	0.4438	0.3885	0.4951	0.3855	0.6142
0.5010	0.6128	0.3807	0.5698	0.5641	0.6150	0.6178	0.5555	0.5637	0.6148	0.4462	0.4926	0.4434	0.5023	0.4406	0.4438	0.3885	0.4951	0.5561	0.6142
0.3868	0.6128	0.3807	0.5698	0.5641	0.6150	0.6178	0.5555	0.5637	0.6148	0.4462	0.4926	0.4434	0.4992	0.4406	0.4375	0.3885	0.4951	0.5561	0.6142
0.3868	0.4948	0.3807	0.6692	0.5641	0.6150	0.6178	0.5555	0.5637	0.6148	0.4462	0.5691	0.4434	0.4992	0.4406	0.4375	0.3885	0.4951	0.5561	0.6142
0.3868	0.4948	0.3807	0.6692	0.5641	0.5005	0.6178	0.5555	0.5637	0.4440	0.4462	0.5691	0.4434	0.4992	0.4406	0.4375	0.3885	0.4951	0.5561	0.6142
0.3868	0.4948	0.3807	0.3845	0.5641	0.5005	0.6178	0.5555	0.5514	0.4440	0.4462	0.5691	0.4434	0.4992	0.4406	0.4375	0.3885	0.4951	0.5561	0.6142
0.3868	0.4948	0.3807	0.3845	0.5641	0.5005	0.6178	0.5555	0.5514	0.4440	0.4462	0.6121	0.4434	0.4992	0.4406	0.6183	0.4399	0.4951	0.5561	0.6142
0.3868	0.4948	0.3807	0.3845	0.5641	0.5005	0.6178	0.5555	0.5514	0.4440	0.4462	0.6121	0.4434	0.4992	0.4406	0.6183	0.4516	0.4951	0.3229	0.6142
0.6781	0.4948	0.3807	0.3845	0.5529	0.5005	0.6178	0.5555	0.5514	0.4440	0.4462	0.6121	0.4434	0.4992	0.4406	0.6183	0.3208	0.4951	0.3229	0.6142
0.4310	0.4948	0.3807	0.3845	0.5529	0.5005	0.6178	0.5555	0.5514	0.4440	0.4462	0.6121	0.4434	0.4992	0.4406	0.6183	0.3208	0.4951	0.4451	0.6142
0.5066	0.4948	0.3807	0.3845	0.5529	0.5005	0.6178	0.5555	0.5514	0.4440	0.4462	0.6121	0.4434	0.4992	0.4406	0.6183	0.4945	0.4951	0.4451	0.6142
0.5066	0.4948	0.3807	0.3845	0.5529	0.5005	0.6178	0.5555	0.5510	0.4440	0.4462	0.6157	0.4434	0.4992	0.4406	0.6183	0.4945	0.6145	0.4451	0.6142
0.5066	0.4948	0.3807	0.3845	0.5529	0.5005	0.6178	0.5555	0.5510	0.4440	0.4462	0.6157	0.4434	0.4992	0.4406	0.6183	0.4945	0.6145	0.4451	0.6142
0.5066	0.4948	0.3807	0.3845	0.5529	0.5005	0.6178	0.5555	0.5510	0.4440	0.4462	0.6157	0.4434	0.4992	0.4406	0.6183	0.4945	0.5611	0.4451	0.6142
0.5066	0.4948	0.3807	0.3845	0.5529	0.5005	0.6178	0.4999	0.5621	0.4440	0.4462	0.6157	0.4434	0.4992	0.4406	0.6183	0.4945	0.5611	0.4451	0.6142
0.6121	0.4948	0.3807	0.3845	0.5529	0.5005	0.6178	0.4999	0.3828	0.4440	0.4462	0.6157	0.4434	0.4992	0.4406	0.6214	0.4945	0.4384	0.4451	0.6142
0.6121	0.4948	0.3807	0.3845	0.5529	0.5005	0.6178	0.4999	0.3828	0.4440	0.4462	0.6157	0.4434	0.4992	0.4406	0.6214	0.4945	0.4384	0.4451	0.6142
0.6121	0.4948	0.3807	0.3845	0.5529	0.5005	0.6178	0.4999	0.3828	0.4440	0.4462	0.6157	0.4434	0.4992	0.4406	0.4463	0.4945	0.4384	0.4451	0.6142
0.6121	0.4948	0.3807	0.3845	0.5529	0.5005	0.6178	0.4999	0.3828	0.4440	0.4462	0.6157	0.4434	0.4992	0.4406	0.4463	0.4945	0.4384	0.4451	0.6142
0.6121	0.4948	0.3807	0.3845	0.5529	0.5005	0.6178	0.4999	0.5014	0.4440	0.4462	0.6157	0.4434	0.4992	0.4406	0.4463	0.4945	0.4384	0.4451	0.6142
0.6121	0.4948	0.3807	0.3845	0.5529	0.5005	0.6178	0.4999	0.5014	0.4440	0.4462	0.6157	0.4434	0.4992	0.4406	0.4463	0.4945	0.4384	0.4451	0.6142
0.4433	0.4948	0.3807	0.3845	0.3802	0.5005	0.6178	0.4999	0.5014	0.4440	0.4462	0.6157	0.4434	0.4992	0.4406	0.4463	0.4945	0.4384	0.4451	0.5060
0.4433	0.4948	0.3807	0.3845	0.3802	0.5005	0.6178	0.4999	0.5014	0.4440	0.4462	0.6157	0.4434	0.4992	0.4406	0.4463	0.4945	0.4384	0.4451	0.5060
0.6162	0.4948	0.3807	0.3845	0.3802	0.5005	0.6178	0.4999	0.5014	0.4440	0.4462	0.4472	0.4434	0.4992	0.4406	0.4463	0.4945	0.4384	0.4451	0.5060
0.6162	0.4948	0.3807	0.3845	0.3802	0.5005	0.5654	0.4999	0.5014	0.4440	0.4462	0.4472	0.4434	0.4992	0.4406	0.4463	0.4945	0.4384	0.4451	0.5060
0.6162	0.4948	0.3807	0.3845	0.3802	0.5005	0.5654	0.4999	0.5014	0.4440	0.4462	0.4472	0.4434	0.4992	0.4406	0.4463	0.5657	0.4384	0.4451	0.5060
0.6162	0.4948	0.3807	0.3845	0.3802	0.5005	0.5654	0.5018	0.5014	0.4440	0.4424	0.4472	0.4434	0.4992	0.4406	0.4463	0.5657	0.5584	0.4451	0.5060
0.6162	0.4948	0.3807	0.3845	0.3802	0.5005	0.5654	0.5018	0.5014	0.4440	0.4424	0.4472	0.4434	0.4992	0.4406	0.4463	0.5657	0.5584	0.4451	0.5060
0.6162	0.4948	0.3807	0.3845	0.5529	0.5005	0.5564	0.5018	0.5014	0.4440	0.4424	0.4472	0.4434	0.4992	0.4406	0.4463	0.5657	0.5584	0.4451	0.5060
0.5593	0.4948	0.3807	0.3845	0.5529	0.5005	0.5564	0.5018	0.5014	0.4440	0.4424	0.4472	0.4434	0.4992	0.4406	0.4463	0.3839	0.5584	0.4451	0.5060
0.5593	0.4948	0.3807	0.3845	0.5529	0.5005	0.5564	0.5018	0.5014	0.4440	0.4424	0.4472	0.4434	0.4992	0.4406	0.4463	0.3839	0.5584	0.4451	0.5060
0.5593	0.4948	0.3807	0.3845	0.5529	0.5005	0.5564	0.5018	0.5014	0.4440	0.4424	0.4929	0.4434	0.4992	0.4406	0.4463	0.3839	0.5584	0.4451	0.5060
0.5593	0.4948	0.3807	0.3845	0.5529	0.5005	0.5564	0.5018	0.5014	0.4440	0.4424	0.4929	0.4434	0.4992	0.4406	0.4463	0.4968	0.5584	0.4451	0.5060
0.5593	0.4948	0.3807	0.3845	0.5529	0.5005	0.5564	0.5018	0.5014	0.4440	0.4424	0.4929	0.4434	0.4992	0.4406	0.4463	0.4968	0.5584	0.4451	0.5060
0.5593	0.4948	0.3807	0.3845	0.5619	0.5005	0.5564	0.5018	0.5014	0.4440	0.4424	0.4929	0.4434	0.4992	0.4406	0.4463	0.4968	0.5584	0.4451	0.5060
0.5593	0.4948	0.3807	0.3845	0.5606	0.5005	0.5564	0.5018	0.5014	0.4440	0.4424	0.4929	0.4434	0.4992	0.4406	0.4463	0.4968	0.5584	0.4451	0.5060
0.5593	0.4948	0.3807	0.3845	0.5606	0.5005	0.5564	0.5018	0.5014	0.4440	0.4424	0.4929	0.4434	0.4992	0.4406	0.4463	0.4968	0.5584	0.4451	0.5060
0.5593	0.4948	0.3807	0.3845	0.5606	0.5005	0.5564	0.5018	0.5014	0.4440	0.4424	0.4929	0.4434	0.4992	0.4406	0.4463	0.4968	0.5584	0.4451	0.5060
0.5593	0.4948	0.3807	0.3845	0.5606	0.5005	0.5564	0.5018	0.5014	0.4415	0.4424	0.4929	0.4434	0.4992	0.4406	0.4463	0.4968	0.5584	0.4451	0.5060
0.5593	0.4948	0.3807	0.3845	0.5606	0.5005	0.5564	0.5018	0.5014	0.4415	0.4424	0.4929	0.4434	0.4992	0.4406	0.4463	0.4968	0.5584	0.4451	0.5060
0.5593	0.4948	0.3807	0.3845	0.5606	0.5005	0.5564	0.5018	0.5014	0.4415	0.4424	0.4929	0.4434	0.4992	0.4406	0.4463	0.4968	0.5584	0.4451	0.5060
0.5593	0.4948	0.3807	0.3845	0.5606	0.5005	0.5564	0.5018	0.5014	0.4415	0.4424	0.4929	0.4434	0.4992	0.4406	0.4463	0.4968	0.5584	0.4451	0.5060
0.5593	0.4948	0.3807	0.3845	0.5606	0.5005	0.5564	0.5018	0.5014	0.4415	0.4424	0.4929	0.4434	0.4992	0.4406	0.4463	0.4968	0.5584	0.4451	0.5060
0.5593	0.4948	0.3807	0.3845	0.5606	0.5005	0.5564	0.5018	0.5014	0.4415	0.4424	0.4929	0.4434	0.4992	0.4406	0.4463	0.4988	0.5584	0.4451	0.5060
0.5593	0.4948	0.3834	0.3845	0.5606	0.5005	0.5564	0.5018	0.5014	0.4415	0.4424	0.5558	0.4434	0.4992	0.4406	0.4463	0.4988	0.5584	0.4451	0.5060
0.5593	0.4948	0.3834	0.3845	0.5606	0.5005	0.5564	0.5018	0.5014	0.4415	0.4424	0.5558	0.4434	0.4992	0.4406	0.4463	0.4988	0.5584	0.4451	0.5060
0.5593	0.4948	0.3834	0.3845	0.5606	0.5005	0.4401	0.5018	0.5014	0.4415	0.4424	0.5558	0.4434	0.4992	0.4406	0.4463	0.4988	0.5584	0.4451	0.5060
0.5593	0.4948	0.3834	0.3845	0.5606	0.5005	0.4401	0.5018	0.5014	0.4415	0.4424	0.5558	0.4434	0.4992	0.4406	0.4463	0.4988	0.5584	0.4451	0.5060
0.5593	0.4948	0.3834	0.3845	0.5606	0.5005	0.4401	0.5018	0.5014	0.4415	0.4424	0.5558	0.4434	0.4992	0.4406	0.4463	0.4988	0.5584	0.4451	0.5060
0.5593	0.4948	0.3834	0.3845	0.5606	0.5005	0.4401	0.5018	0.5014	0.4415	0.4424	0.5558	0.4434	0.4992	0.4406	0.4463	0.4988	0.5584	0.4451	0.5060
