0.4137	0.0238	0.2003	0.2164	0.0985	0.0476	0.3090	0.6113	0.7552	0.0716	0.8737	0.3799	0.9429	0.2070	0.8954	0.3821	0.1332	0.6699	0.3729	0.3157
0.3439	0.3046	0.9684	0.4407	0.5287	0.1022	0.4973	0.4286	0.7565	0.6212	0.5460	0.3713	0.5098	0.7233	0.0000	0.2701	0.7269	0.0000	0.4885	0.2142
0.5613	1.0000	0.3973	0.6152	0.5639	0.3265	0.2600	0.6187	0.3198	0.6212	0.0000	0.5947	0.4232	0.0000	0.6240	0.7377	0.6617	0.9618	0.3868	0.7761
0.0000	0.4481	0.4405	0.5069	0.5705	0.3758	0.8607	0.6165	0.0000	1.0000	0.2641	0.4526	0.5628	0.1349	0.8278	0.7377	0.5686	0.4922	0.3342	0.1950
0.6694	0.4481	0.6851	0.2725	0.6855	0.4975	0.0000	0.6165	0.6021	0.4373	0.4214	0.0000	0.5610	0.5556	0.6357	0.1633	1.0000	0.4922	0.9009	0.5680
0.5051	0.4481	0.6202	0.7322	0.0000	0.5585	0.3958	0.6492	0.7776	0.0000	0.6565	0.2996	0.5610	0.6675	0.0000	0.0000	0.0000	0.4922	0.3683	0.5623
0.1951	0.6271	0.6115	0.2157	0.4444	0.5074	0.8054	0.8846	0.1815	0.6231	0.0000	0.0000	0.2080	0.4914	0.5403	0.5741	0.5076	0.5579	0.8300	0.3934
0.3779	0.5505	0.3752	0.6545	0.4444	0.3134	1.0000	0.7954	0.5442	0.4927	0.4431	0.7239	0.3237	0.4589	0.7531	0.2662	0.6818	0.5579	0.4456	0.6363
0.3779	0.3345	0.3812	0.6822	0.4444	0.5479	0.7000	0.2310	0.9629	0.4927	0.4431	0.3318	0.0000	0.6166	0.7268	0.2546	0.3875	0.2573	0.0000	0.4996
0.5072	0.3345	0.5621	0.6822	0.4179	0.3258	0.6685	0.9883	0.0000	0.5041	0.7519	0.6702	0.2115	0.6166	0.8021	0.7412	0.4370	0.7166	0.3735	0.8102
0.5539	0.3291	0.5621	0.6822	0.5073	1.0000	0.6117	0.4876	0.5828	0.5041	0.4864	0.4336	0.4373	0.4950	0.6899	0.4299	0.3969	0.5352	0.7827	0.2023
0.5539	0.3967	0.5621	0.4373	0.0128	1.0000	0.0000	0.2281	0.6092	0.5041	0.7704	0.5562	0.0000	0.4422	0.0000	0.5630	0.6700	0.3155	0.7982	0.0000
0.5539	0.2577	0.5621	0.8643	0.2746	0.7229	0.5453	0.0000	0.6137	0.5041	0.5087	0.5562	0.4693	0.4422	0.5580	0.5630	0.3727	0.3155	0.4871	0.3847
0.5539	0.5501	0.5621	1.0000	0.7179	0.2617	0.6042	0.5480	0.3747	0.6170	0.5087	0.5562	0.1521	0.4422	0.4377	0.5630	0.7954	0.0313	1.0000	0.3802
0.5539	0.4376	0.5621	0.3188	0.5069	0.3920	0.0000	0.4935	0.5606	0.6170	0.5087	0.5562	0.3183	0.4422	0.4377	0.5630	0.7504	0.7413	0.8001	0.3802
0.5539	0.0311	0.5621	0.5107	0.5069	0.3729	0.3147	0.0000	0.6134	0.6170	0.5087	0.5562	1.0000	0.4422	0.4377	0.4881	0.4311	0.5034	0.3245	0.3802
0.5539	0.4457	0.5621	0.5566	0.5069	0.4422	0.3194	0.7864	0.6134	0.6170	0.6137	0.5562	0.6095	0.4422	0.4377	0.4881	0.4311	0.5034	0.5613	0.5014
0.6168	1.0000	0.5621	0.5566	0.5069	0.4422	0.3194	0.5520	0.3201	0.5032	0.6137	0.5562	0.0000	0.4422	0.4377	0.6873	0.4311	0.5034	0.5613	0.4983
0.6168	0.4962	0.5621	0.5566	0.5069	0.0000	0.4342	0.5675	0.5695	0.5032	0.6137	0.5026	0.7691	0.4422	0.4377	1.0000	0.4311	0.5034	0.5613	0.4983
0.6168	0.4962	0.5621	0.5566	0.5069	0.0000	0.8738	0.5675	0.2663	0.5032	0.6137	0.5026	0.3811	0.4422	0.4377	0.5525	0.4446	0.5034	0.5613	0.4983
0.6168	0.4962	0.5621	0.2140	0.5069	0.4290	0.2539	0.4482	0.6155	0.5032	0.6137	0.5026	0.5033	0.4385	0.4377	0.7636	0.8329	0.5034	0.5613	0.4983
0.6168	0.4378	0.5621	1.0000	0.5069	0.4464	0.4499	0.4482	0.5139	0.5032	0.6137	0.5026	0.5033	0.4385	0.4377	0.5589	0.7027	0.5034	0.6823	0.4983
0.6168	0.4378	0.4391	0.2732	0.5069	0.4464	0.6725	0.4482	0.3162	0.5032	0.6137	0.5026	0.4362	0.4385	0.4377	0.7413	0.4889	0.5034	0.6823	0.3218
0.0000	0.0000	0.4391	0.4972	0.5069	0.5617	0.4921	0.4482	0.2685	0.5032	0.6137	0.5026	0.3239	0.4385	0.4377	0.6170	0.4889	0.4921	0.6823	0.6154
0.2496	0.5544	0.4391	0.4972	0.5069	0.7058	0.4921	0.4482	0.4536	0.5032	0.6137	0.5026	0.3239	0.4385	0.4377	1.0000	0.5098	0.5556	0.3862	0.6154
0.2621	0.5544	0.4391	0.3798	0.5069	0.2669	0.4921	0.4482	0.3179	0.5032	0.6137	0.4433	0.6757	0.4385	0.4377	0.1469	0.7770	0.5556	0.3862	0.6154
0.6204	0.5544	0.4463	0.3798	0.4467	0.4492	0.5475	0.4482	0.3179	0.5032	0.6137	0.4433	0.7023	0.4385	0.4377	1.0000	0.3781	0.5556	0.3862	0.4996
0.6204	0.5544	0.4463	0.3798	0.4372	0.4492	0.9482	0.6781	0.4439	0.5032	0.6137	0.4433	0.7375	0.4385	0.4377	0.6258	0.6236	0.5556	0.3862	0.4996
0.4387	0.6202	0.5023	0.3798	0.4372	0.4492	0.0000	0.4425	0.4439	0.5032	0.6137	0.4433	0.4041	0.4385	0.4377	0.6258	0.0897	0.5556	0.6788	0.4996
0.4387	0.2112	0.5023	0.3798	0.4372	0.6245	0.4487	0.4425	0.5486	0.5032	0.6137	0.4433	0.7783	0.4385	0.4377	0.6258	0.5510	0.5556	0.4938	0.4996
0.4387	0.3283	0.5023	0.4413	0.4372	0.5099	0.4487	0.4425	0.5625	0.5032	0.6137	0.4433	0.5561	0.4385	0.4377	0.5572	0.3861	0.5556	0.4938	0.4996
0.6159	0.3283	0.5023	0.4413	0.4372	0.5099	0.4487	0.4425	0.5625	0.5032	0.6137	0.5034	0.6142	0.4385	0.5681	0.5572	0.3861	0.5556	0.4440	0.6168
0.6159	0.0000	0.5023	0.4413	0.4372	0.5099	0.4487	0.4425	0.5625	0.5032	0.6137	0.5034	0.6142	0.4385	0.5681	0.6823	0.5659	0.5556	0.4426	0.6168
0.6712	1.0000	0.5023	0.4413	0.4372	0.5099	0.4487	0.4425	0.5625	0.5032	0.6137	0.5034	0.6142	0.4385	0.5681	0.6823	0.3167	0.5556	0.4426	0.6168
0.6712	0.4383	0.5023	0.4413	0.4372	0.5099	0.4487	0.4425	0.6161	0.5032	0.6137	0.5034	0.5109	0.4385	0.5681	0.6760	0.3695	0.5556	0.4426	0.6168
0.6712	0.4383	0.5023	0.4413	0.4372	0.7282	0.4487	0.4425	0.6161	0.5032	0.6137	0.5034	0.5109	0.4385	0.5681	0.6134	0.5513	0.5556	0.4426	0.6168
0.6166	0.4383	0.5023	0.4413	0.4372	0.5593	0.3853	0.4416	0.6250	0.5032	0.6137	0.5034	0.5109	0.4385	0.5579	0.5552	0.5513	0.5556	0.4426	0.3197
0.3145	0.3922	0.5023	0.4413	0.4372	0.5602	0.3853	0.4416	0.6250	0.5032	0.6137	0.5034	0.5109	0.4385	0.5579	0.5552	0.5513	0.5556	0.4426	0.3197
0.3145	0.5605	0.5023	0.4413	0.4372	0.5602	0.3853	0.4416	0.6250	0.5032	0.5011	0.5034	0.5109	0.4385	0.5579	0.5552	0.3160	0.5556	0.4426	0.3197
0.5539	0.5605	0.4410	0.4413	0.4372	0.5602	0.3853	0.4416	0.6250	0.5032	0.5011	0.5034	0.5109	0.4385	0.5579	0.5552	0.3160	0.5556	0.4426	0.3197
0.5539	0.5605	0.4410	0.4413	0.4372	0.5602	0.3853	0.4416	0.6250	0.5032	0.5011	0.5034	0.5109	0.4385	0.5579	0.5552	0.3908	0.5556	0.4426	0.6100
0.5539	0.5605	0.4410	0.4413	0.4372	0.5602	0.3853	0.4416	0.6250	0.5032	0.5011	0.5034	0.5109	0.4385	0.5579	0.5552	0.2581	0.5556	0.4426	0.6100
0.5539	0.5605	0.4410	0.4413	0.4372	0.5602	0.6183	0.4416	0.6250	0.5032	0.5011	0.5034	0.5109	0.4385	0.4351	0.5552	0.3316	0.5556	0.4426	0.6100
0.5539	0.5605	0.4410	0.4413	0.4372	0.3752	0.6183	0.4416	0.6250	0.5032	0.5011	0.5034	0.5109	0.4385	0.4351	0.5552	0.3805	0.5556	0.4426	0.6100
0.5539	0.5605	0.4410	0.4413	0.4372	0.3752	0.6183	0.4416	0.6250	0.5032	0.5011	0.5034	0.5109	0.4385	0.4351	0.5552	0.3805	0.5556	0.4426	0.5566
0.5539	0.5605	0.4410	0.6235	0.4372	0.3752	0.6183	0.4416	0.6250	0.5032	0.5011	0.5034	0.5109	0.4385	0.4351	0.5552	0.3805	0.5556	0.4426	0.5566
0.5637	0.5605	0.4410	0.6235	0.4372	0.3752	0.6183	0.4416	0.6250	0.5032	0.5011	0.5034	0.5109	0.4385	0.4351	0.5552	0.3805	0.5556	0.4426	0.5566
0.5637	0.5605	0.4410	0.6235	0.4372	0.3752	0.6183	0.4416	0.6250	0.5032	0.5011	0.5034	0.5109	0.4385	0.4351	0.5552	0.3776	0.5556	0.4426	0.5560
0.5637	0.5605	0.4410	0.6235	0.4372	0.3752	0.6183	0.4416	0.6250	0.5032	0.5011	0.5034	0.4362	0.4385	0.4351	0.5552	0.4375	0.5556	0.4426	0.5560
0.5637	0.5605	0.4410	0.6235	0.4372	0.3752	0.6183	0.4416	0.6250	0.5032	0.5011	0.5034	0.5061	0.4385	0.4351	0.5552	0.4375	0.5556	0.4426	0.5560
0.5637	0.5605	0.4410	0.6235	0.4372	0.3752	0.6183	0.4416	0.6250	0.4982	0.5011	0.5034	0.5061	0.4385	0.4351	0.5552	0.4375	0.5556	0.4426	0.5560
0.5637	0.4336	0.4410	0.6235	0.4372	0.3752	0.6183	0.4416	0.6250	0.4982	0.5599	0.5034	0.3824	0.4385	0.4351	0.3837	0.4375	0.5556	0.4426	0.5560
0.5637	0.3913	0.4410	0.6235	0.4372	0.3752	0.6183	0.4416	0.6250	0.4982	0.5599	0.5034	0.3824	0.4385	0.4351	0.3837	0.4375	0.5556	0.4426	0.5560
0.5637	0.3913	0.4410	0.6235	0.4372	0.3752	0.6183	0.4416	0.6250	0.4982	0.5599	0.5034	0.3824	0.4385	0.4351	0.3837	0.4375	0.5556	0.4426	0.5560
0.5637	0.3913	0.4410	0.6235	0.4957	0.5093	0.5092	0.4416	0.6250	0.4982	0.5599	0.5034	0.3824	0.4385	0.4351	0.3837	0.4375	0.5556	0.4426	0.5560
0.5637	0.4998	0.4410	0.6235	0.4957	0.5093	0.5092	0.4416	0.6250	0.4982	0.5599	0.5034	0.3824	0.4385	0.4351	0.3837	0.4375	0.5556	0.4426	0.5560
0.5637	0.4998	0.4410	0.6235	0.4957	0.5093	0.5092	0.4416	0.6250	0.4982	0.5599	0.5034	0.3824	0.4385	0.4351	0.3837	0.4375	0.5556	0.4426	0.5560
0.5637	0.4998	0.4410	0.6235	0.4957	0.5093	0.5092	0.4416	0.6250	0.4982	0.5599	0.5034	0.3824	0.4385	0.4351	0.3837	0.4375	0.5556	0.4426	0.5001
0.5637	0.4998	0.4410	0.6235	0.4957	0.5093	0.5092	0.4416	0.5612	0.4982	0.5599	0.5034	0.6155	0.4385	0.4351	0.3837	0.4375	0.5556	0.4426	0.5001
0.5637	0.4998	0.4410	0.4952	0.4957	0.6734	0.5092	0.4416	0.5612	0.4982	0.5599	0.5034	0.6155	0.4385	0.4351	0.3837	0.4375	0.5556	0.4426	0.5001
0.5637	0.4998	0.4410	0.4952	0.4957	0.6734	0.5092	0.4416	0.5612	0.4982	0.5599	0.5034	0.6155	0.4385	0.4351	0.3837	0.4375	0.5556	0.4426	0.5001
0.5637	0.4998	0.4410	0.4952	0.4957	0.6734	0.5092	0.4416	0.5612	0.4982	0.5599	0.5034	0.6155	0.4385	0.4351	0.3837	0.4970	0.5556	0.4426	0.5001
0.5637	0.4998	0.4410	0.4952	0.4957	0.6734	0.5092	0.4416	0.5612	0.4982	0.5599	0.5034	0.6155	0.4385	0.4351	0.3837	0.4970	0.5556	0.4426	0.5001
0.5637	0.4998	0.4410	0.4952	0.4957	0.6734	0.5092	0.4416	0.3261	0.4982	0.5599	0.5034	0.4993	0.4385	0.4351	0.3837	0.4970	0.5556	0.4426	0.5001
0.5637	0.6217	0.4410	0.4952	0.4957	0.6734	0.5092	0.4416	0.3261	0.4982	0.5599	0.5034	0.4993	0.4427	0.4351	0.3837	0.4970	0.5556	0.4426	0.5001
0.5637	0.6217	0.4410	0.4952	0.4957	0.5577	0.5092	0.4416	0.4464	0.4982	0.5599	0.5034	0.4993	0.4427	0.4351	0.3837	0.4970	0.5556	0.4426	0.5001
0.5637	0.6217	0.4410	0.4952	0.4957	0.5577	0.5092	0.4416	0.4464	0.4982	0.5599	0.5034	0.4993	0.4427	0.4351	0.3837	0.4970	0.5556	0.4426	0.5001
0.5637	0.6217	0.4410	0.4382	0.4957	0.5577	0.5092	0.4416	0.4464	0.4982	0.5599	0.5034	0.4993	0.4470	0.4351	0.5525	0.4970	0.5556	0.4426	0.5001
0.5530	0.5531	0.4410	0.4382	0.4957	0.5577	0.5092	0.4416	0.4464	0.4982	0.5599	0.5034	0.4993	0.4470	0.4351	0.5525	0.4970	0.5556	0.4426	0.5001
0.5530	0.5055	0.4410	0.4382	0.4957	0.5577	0.4440	0.4416	0.4464	0.4982	0.5599	0.5034	0.4993	0.4369	0.4351	0.5525	0.4970	0.5556	0.4426	0.5001
0.5530	0.5055	0.4410	0.4382	0.4957	0.5577	0.4440	0.4416	0.4464	0.4982	0.5599	0.5034	0.4993	0.5020	0.4351	0.5525	0.4970	0.5556	0.4426	0.5001
0.5530	0.5055	0.4410	0.4382	0.4957	0.5577	0.4440	0.4416	0.4464	0.4982	0.5599	0.5034	0.4993	0.5020	0.4351	0.5525	0.4970	0.5556	0.4426	0.5001
0.5530	0.5055	0.4410	0.4382	0.4957	0.5577	0.3859	0.4416	0.4464	0.4982	0.5599	0.5034	0.4993	0.5020	0.4351	0.5525	0.4970	0.5556	0.4426	0.5001
0.5530	0.5055	0.4410	0.4382	0.4957	0.5577	0.5563	0.4416	0.4464	0.4982	0.5599	0.5034	0.4993	0.5020	0.4351	0.5525	0.4970	0.5556	0.4426	0.5001
0.5530	0.5055	0.4410	0.4382	0.4957	0.5577	0.5563	0.4416	0.4464	0.4982	0.5599	0.5034	0.4993	0.5020	0.4351	0.5525	0.6228	0.4448	0.4426	0.5001
0.5530	0.5055	0.4410	0.4382	0.4957	0.5577	0.5563	0.4416	0.4464	0.4982	0.5599	0.5034	0.4993	0.5020	0.4351	0.5525	0.6228	0.4448	0.4426	0.5001
0.5530	0.5055	0.4410	0.4382	0.4957	0.5577	0.5563	0.4416	0.4464	0.5002	0.5599	0.5034	0.4993	0.5020	0.4351	0.5525	0.5027	0.4448	0.4426	0.5001
0.5013	0.5055	0.4410	0.4382	0.4957	0.5577	0.5563	0.4416	0.4934	0.5002	0.5599	0.5034	0.4993	0.5020	0.4351	0.5525	0.5027	0.4448	0.4426	0.5001
0.5013	0.5055	0.4410	0.4382	0.4957	0.5577	0.5563	0.4416	0.4934	0.5002	0.5599	0.5034	0.4993	0.5020	0.4351	0.5525	0.5027	0.4448	0.4426	0.3815
0.5013	0.5055	0.4410	0.4382	0.4957	0.5577	0.5563	0.4416	0.4934	0.5002	0.5599	0.5034	0.4993	0.5020	0.4351	0.5525	0.5027	0.4448	0.4426	0.3815
0.5013	0.5055	0.4410	0.4382	0.4957	0.5577	0.5563	0.4416	0.4934	0.5002	0.5599	0.5034	0.4993	0.5020	0.4351	0.5525	0.5027	0.4448	0.4426	0.3815
0.5013	0.5055	0.4410	0.4382	0.4957	0.5577	0.5563	0.4416	0.4934	0.5002	0.5599	0.5034	0.4993	0.5020	0.4351	0.5525	0.4343	0.4448	0.4426	0.3815
0.5013	0.5055	0.4410	0.4382	0.4957	0.5577	0.5563	0.4416	0.4934	0.5002	0.5599	0.5034	0.4993	0.5020	0.4351	0.5525	0.4343	0.4448	0.4426	0.3815
0.5013	0.5055	0.4410	0.4382	0.4957	0.5577	0.5563	0.4416	0.4934	0.5002	0.5599	0.5034	0.4993	0.5020	0.4351	0.5525	0.4343	0.4448	0.4426	0.3815
0.5013	0.5055	0.4410	0.4382	0.4957	0.5577	0.5563	0.4416	0.4993	0.5002	0.5599	0.5034	0.4993	0.5020	0.4351	0.5525	0.3850	0.4448	0.4426	0.3815
0.4954	0.5055	0.4410	0.4382	0.4957	0.5577	0.5563	0.4416	0.4993	0.5002	0.5599	0.5034	0.4993	0.5020	0.4999	0.5540	0.3850	0.4448	0.4426	0.5063
0.4954	0.5055	0.4410	0.4382	0.4957	0.5577	0.5563	0.4416	0.4993	0.5002	0.5599	0.5034	0.4993	0.5020	0.4999	0.5540	0.3850	0.4448	0.4426	0.5063
0.4954	0.5055	0.4410	0.4382	0.4957	0.5577	0.5031	0.4416	0.4993	0.5002	0.5599	0.5034	0.4993	0.5020	0.4999	0.5540	0.3850	0.4448	0.4426	0.5063
0.4954	0.5055	0.4410	0.4382	0.4957	0.5577	0.5031	0.4416	0.4993	0.5002	0.5599	0.5034	0.4994	0.5020	0.4999	0.5540	0.3850	0.4448	0.4426	0.5063
0.4954	0.5055	0.4410	0.4382	0.4957	0.5577	0.5031	0.4416	0.4993	0.5002	0.5615	0.5034	0.4994	0.5020	0.4999	0.5540	0.3850	0.4448	0.4426	0.5063
0.4954	0.5055	0.4410	0.4382	0.4957	0.5577	0.5031	0.4416	0.4993	0.5002	0.5615	0.5034	0.4994	0.5020	0.4999	0.5540	0.3850	0.4448	0.4426	0.5063
0.4954	0.5055	0.4410	0.4382	0.4957	0.5577	0.5031	0.4416	0.4993	0.5002	0.5615	0.5034	0.4994	0.5020	0.4999	0.5540	0.3850	0.4448	0.4426	0.5063
0.4954	0.5055	0.4410	0.4382	0.4957	0.5577	0.5031	0.4416	0.4993	0.5002	0.5615	0.5034	0.4994	0.5020	0.4999	0.5540	0.3850	0.4448	0.4426	0.5063
0.4954	0.5055	0.4410	0.4382	0.4957	0.5577	0.5031	0.4416	0.4993	0.5002	0.5615	0.5034	0.4994	0.5020	0.4999	0.5540	0.3850	0.4448	0.4426	0.5063
0.4954	0.5055	0.4410	0.4382	0.4957	0.5577	0.5031	0.4416	0.4993	0.5002	0.5615	0.5034	0.4994	0.5020	0.4999	0.5540	0.3850	0.4448	0.4426	0.5063
0.4954	0.5055	0.4410	0.4382	0.4957	0.5577	0.5031	0.4416	0.4993	0.5002	0.5615	0.5034	0.4994	0.5020	0.4999	0.5540	0.3850	0.4448	0.4426	0.5063
0.4954	0.5055	0.4410	0.4382	0.4957	0.5577	0.5031	0.4416	0.4993	0.5002	0.5615	0.5034	0.4994	0.5020	0.4999	0.5540	0.3850	0.4448	0.4426	0.5063
0.4954	0.5055	0.4410	0.4382	0.4957	0.5577	0.5031	0.4416	0.4993	0.5002	0.5615	0.5034	0.4994	0.5020	0.4999	0.5540	0.3850	0.4448	0.4426	0.5063
0.4954	0.5055	0.5019	0.4382	0.4957	0.5577	0.5031	0.4416	0.4993	0.5002	0.5615	0.5034	0.4994	0.5020	0.4999	0.5540	0.3850	0.4448	0.4426	0.5063
0.4954	0.5055	0.5019	0.4382	0.4957	0.5577	0.5031	0.4416	0.4993	0.5002	0.5615	0.5034	0.4994	0.5020	0.4999	0.5540	0.3850	0.4448	0.4426	0.5063
0.4954	0.5055	0.5019	0.5011	0.4957	0.5577	0.5031	0.4416	0.4993	0.5002	0.5615	0.5034	0.4994	0.5020	0.4999	0.5540	0.3850	0.4448	0.4426	0.5063
