0.0079	0.1166	0.5848	0.4606	0.1358	0.4392	0.1934	0.4910	0.5817	0.6963	0.9377	0.9368	0.1192	0.2221	0.9903	0.6385	0.8030	0.9768	0.1501	0.9197
0.0000	0.0000	0.8122	0.6041	0.5315	1.0000	0.0000	0.1807	1.0000	0.4814	0.4783	0.8457	0.4793	0.8451	0.7327	0.9879	0.4890	0.2677	0.3518	0.6395
0.4928	1.0000	0.4691	0.1670	0.7744	0.3759	0.0187	0.1915	0.5130	0.8470	0.6480	0.0000	0.4793	0.3838	0.5612	0.3954	1.0000	0.9659	0.5266	0.3736
0.1040	1.0000	0.1946	0.0000	0.0000	0.0527	0.0000	0.3081	0.6817	0.2486	0.7359	0.3701	0.2794	0.4799	0.6064	0.2217	0.3129	0.3991	0.8012	1.0000
0.9444	0.6144	0.4436	0.7774	1.0000	1.0000	0.2451	0.6098	0.1833	0.4262	0.0000	0.0000	0.0000	0.4799	1.0000	0.2507	1.0000	0.6025	0.7179	0.6233
0.0000	0.2822	0.0000	0.0469	0.4136	0.6428	0.2559	0.6098	0.4673	0.8835	0.5007	1.0000	0.5066	0.4799	0.0000	0.4878	0.0000	0.0293	0.6150	0.6233
0.2695	0.2822	0.2865	0.6036	0.4136	0.0000	0.3828	0.6098	0.6366	0.6226	0.5960	0.5891	1.0000	0.1541	1.0000	1.0000	0.6345	0.5084	0.5477	0.6233
0.2800	0.5246	0.5972	0.6036	0.1134	0.6745	0.4876	0.6045	0.4115	0.5716	0.5960	0.3968	0.0000	0.4684	1.0000	0.0000	0.5993	0.5084	0.1568	0.0000
0.1789	0.7125	0.7339	0.6036	0.3616	0.0000	1.0000	0.5131	0.1701	0.0000	0.6195	0.3968	1.0000	0.7446	0.4908	0.4888	0.5993	0.0000	0.3678	0.5587
1.0000	0.7125	0.7339	0.6036	0.4098	0.4879	0.3876	0.5131	0.5275	0.0000	0.7036	0.3968	0.4983	0.5041	0.4971	0.4888	0.5993	0.3044	0.0000	0.4973
0.3100	0.7125	0.7339	0.2748	0.5059	0.3614	0.3876	0.5131	0.0000	0.3979	0.8382	0.3968	0.5147	0.5041	0.4971	0.6129	0.5993	0.3148	0.0000	0.4973
0.9583	0.7125	1.0000	0.2748	0.4903	0.9937	0.3876	0.6025	0.4848	0.3835	0.5888	1.0000	0.6839	0.0000	0.4971	0.6129	0.5993	0.2864	0.0000	0.4973
0.2916	0.7125	1.0000	0.5041	0.4903	0.4891	0.3876	0.6025	0.4848	0.3835	0.5888	0.0000	0.2908	0.6554	0.4971	0.6129	0.6066	1.0000	0.0000	0.7230
0.6040	0.2683	0.2683	0.5064	0.4903	0.3847	0.3876	0.6025	0.3766	0.3835	0.5888	0.7093	0.0000	0.0713	0.4971	0.2762	0.0589	0.7919	0.0000	0.1561
0.6040	0.4827	0.5908	0.2413	0.1401	0.3847	0.4945	0.6025	0.3766	0.3835	0.4964	0.7093	0.7981	0.3072	0.4971	0.2762	0.6073	0.3300	0.6711	0.2935
0.6040	0.4827	0.2816	0.2492	0.0000	0.3922	0.0000	0.6025	0.5939	0.7149	0.5204	0.4954	0.9287	0.2905	0.4971	0.2762	0.6073	0.8651	0.7989	0.6734
0.6040	0.5118	0.7520	0.3813	0.5701	0.5056	1.0000	0.6025	0.2897	0.2954	0.2946	0.4954	0.0789	0.0000	0.6255	0.6045	0.3820	0.7948	0.4531	0.7717
0.6040	0.5118	0.5256	0.3813	0.6152	0.6960	0.5800	0.6025	0.2897	0.4991	0.5092	0.4954	0.2338	0.5158	0.6255	0.1724	0.3820	0.2328	0.5348	0.4810
0.6040	0.5118	0.5246	0.3856	0.5185	0.6260	0.3675	0.6025	0.6302	0.4991	0.5092	0.4954	0.5946	0.9458	0.4929	0.3932	0.3820	0.3917	0.4247	0.4810
0.6040	0.5118	0.5194	0.3856	0.4911	0.6078	0.6073	0.6025	0.1705	0.4991	0.5092	0.4954	0.5946	0.3968	0.5229	0.3932	0.6085	0.8504	1.0000	0.4810
0.5012	0.5118	0.3869	0.3856	0.4911	0.5129	0.6322	0.6025	0.3810	0.2871	0.5092	0.6200	0.5193	0.3968	0.5229	0.3932	0.6085	0.6044	0.5212	0.4810
0.5012	0.5118	0.3869	0.1700	0.4911	0.5129	0.5046	0.6025	0.3810	0.4921	0.5092	0.6071	0.5193	0.3968	0.4165	0.3932	0.6085	0.6854	0.4925	0.4810
0.3738	0.5118	0.3869	0.2487	0.4911	0.4925	0.2826	0.6025	0.3810	0.4912	0.1397	0.5811	0.5193	0.3968	0.8985	0.3932	0.4984	0.5197	0.6199	0.2627
0.5320	0.5118	0.3869	0.6543	0.4904	0.4925	0.2826	0.6025	0.3810	0.4912	0.6013	0.1716	0.5193	0.3968	0.3906	0.3932	0.4984	0.3869	0.6092	0.6227
0.4030	0.5118	0.3869	0.3970	0.4904	0.4925	0.2826	0.6025	0.3990	0.3909	0.6033	0.2692	0.5193	0.3954	0.4511	0.3932	0.4984	0.3869	0.3755	0.4730
0.6306	0.5118	0.2796	0.5012	0.4904	0.4925	0.7106	0.6025	0.4995	0.3909	0.5945	0.2692	0.3774	0.3954	0.4998	0.3932	0.4984	0.3869	0.3755	0.4730
0.6306	0.5118	0.3682	0.5012	0.4904	0.4925	0.7106	0.6123	0.0000	0.3909	0.6197	0.5819	0.3869	0.3954	0.4998	0.3932	0.4984	0.5102	0.2803	0.3747
0.6306	0.5118	0.7313	0.5012	0.4904	0.4925	0.6145	0.6123	0.3917	0.5073	0.6197	0.6174	0.5071	0.6170	0.4998	0.6117	0.4984	0.4965	0.2803	0.5176
0.3927	0.5118	0.5190	0.5012	0.4904	0.4925	0.6145	0.5959	0.2918	0.5073	0.5061	1.0000	0.5071	0.3848	0.4998	0.6117	0.4984	0.4066	0.2803	0.5176
0.3927	0.5118	0.5190	0.5012	0.4904	0.4925	0.6145	0.5914	0.6194	0.5073	0.3825	0.8252	0.3793	0.3848	0.4998	0.6117	0.4984	0.5150	0.1733	0.5176
0.2641	0.5118	0.4888	0.5012	0.4904	0.4925	0.6067	0.5914	0.3974	0.5073	0.2853	0.3950	0.6072	0.3848	0.3861	0.6055	0.4984	0.6053	0.8297	0.5176
0.6093	0.5118	0.6090	0.5012	0.4904	0.4925	0.6067	0.5914	0.6263	0.5073	0.2853	0.5140	0.6072	0.3848	0.3861	0.6055	0.4984	0.6053	0.4130	0.6187
0.7171	0.5118	0.6090	0.5012	0.4904	0.4925	0.6174	0.5914	0.2713	0.5073	0.3755	0.5111	0.6072	0.3848	0.3861	0.5986	0.4984	0.6053	0.6256	0.5117
0.7171	0.3927	0.3906	0.5012	0.4904	0.4925	0.6062	0.5914	0.6125	0.5073	0.6051	0.5111	0.6072	0.4037	0.4954	0.5134	0.4984	0.6053	0.6256	0.3958
0.7171	0.3927	0.3906	0.5012	0.4904	0.4925	0.6062	0.5914	0.5988	0.5073	0.6051	0.5111	0.6140	0.4990	0.4954	0.5977	0.4984	0.6053	0.7209	0.3958
0.7171	0.3927	0.3906	0.5012	0.4904	0.4925	0.6062	0.4970	0.4207	0.5073	0.6051	0.5111	0.4079	0.4990	0.4954	0.5977	0.4984	0.6053	0.7423	0.3958
0.4826	0.3927	0.3906	0.5012	0.4904	0.4925	0.6171	0.4813	0.5822	0.5073	0.6051	0.4733	0.3798	0.4990	0.4954	0.5020	0.4984	0.3908	0.6261	0.3958
0.4826	0.3927	0.3906	0.5012	0.4904	0.4925	0.6171	0.6046	0.5892	0.5073	0.6051	0.3599	0.3798	0.4990	0.4954	0.5020	0.4984	0.3908	0.3908	0.3958
0.6146	0.3927	0.3906	0.5012	0.4904	0.4925	0.6064	0.6046	0.5892	0.5073	0.7116	0.1535	0.3779	0.4990	0.4954	0.5034	0.4984	0.6145	0.6003	0.3958
0.6146	0.3927	0.3906	0.5012	0.4904	0.4925	0.6192	0.4972	0.4061	0.5073	0.2944	0.4892	0.4919	0.4990	0.4954	0.5034	0.4984	0.6145	0.6161	0.3958
0.6146	0.3927	0.3906	0.5012	0.4904	0.4925	0.6192	0.4972	0.2824	0.5073	0.2944	0.4892	0.4919	0.4990	0.4954	0.5034	0.4984	0.5070	0.6161	0.3958
0.6146	0.3927	0.3906	0.5012	0.4904	0.4925	0.6192	0.4972	0.2824	0.5073	0.3751	0.4892	0.4919	0.4990	0.4954	0.5034	0.4984	0.5070	0.6161	0.3958
0.6146	0.3927	0.3906	0.5012	0.4888	0.4925	0.6192	0.4972	0.3850	0.5073	0.3751	0.4892	0.4919	0.4990	0.4954	0.5034	0.4984	0.5070	0.6161	0.3958
0.6146	0.3927	0.3906	0.5012	0.4888	0.4925	0.6192	0.4972	0.5066	0.5073	0.3751	0.4892	0.4919	0.4990	0.5108	0.5034	0.4984	0.5070	0.6170	0.3958
0.6146	0.3927	0.3906	0.3892	0.4888	0.4925	0.6192	0.4972	0.5066	0.5073	0.3751	0.3988	0.5144	0.4990	0.5108	0.5034	0.4984	0.5953	0.6170	0.3958
0.3927	0.3927	0.3906	0.3892	0.4888	0.4925	0.6192	0.4927	0.5066	0.5073	0.4061	0.3988	0.5144	0.4990	0.5108	0.5034	0.4984	0.5953	0.6170	0.5113
0.3927	0.3927	0.3906	0.3892	0.4888	0.4925	0.6192	0.4927	0.5066	0.5073	0.6017	0.3855	0.5144	0.4990	0.5108	0.5034	0.4984	0.5953	0.6049	0.5113
0.3927	0.3927	0.3906	0.3895	0.6020	0.4955	0.6192	0.4927	0.5066	0.5073	0.4926	0.3855	0.5144	0.4990	0.5108	0.5034	0.4984	0.5953	0.4921	0.5113
0.3927	0.3927	0.3906	0.3895	0.6020	0.4955	0.6192	0.4927	0.5066	0.5073	0.4926	0.3855	0.5144	0.4990	0.5108	0.5034	0.4984	0.5953	0.4921	0.4882
0.3927	0.3927	0.3906	0.3895	0.6020	0.4955	0.6192	0.4927	0.5066	0.5073	0.4926	0.3855	0.5144	0.4990	0.5108	0.5034	0.4984	0.5176	0.4921	0.4882
0.3927	0.3927	0.3906	0.3895	0.6020	0.4955	0.6192	0.4927	0.5022	0.5073	0.6343	0.3855	0.5144	0.4990	0.5108	0.5034	0.4984	0.5176	0.6035	0.4882
0.3927	0.3927	0.3906	0.3895	0.6020	0.4955	0.6192	0.4927	0.5022	0.5073	0.4002	0.6159	0.5144	0.4990	0.5108	0.5034	0.4984	0.5176	0.6035	0.4882
0.3927	0.3927	0.3906	0.3895	0.6020	0.4955	0.6192	0.4927	0.5022	0.5073	0.4002	0.6159	0.5144	0.4990	0.5108	0.5034	0.4984	0.5176	0.6035	0.4882
0.3927	0.3927	0.3906	0.3895	0.6020	0.4955	0.6192	0.4927	0.6115	0.5073	0.4002	0.6159	0.5144	0.5004	0.5108	0.5034	0.4984	0.5176	0.6035	0.4882
0.3927	0.3927	0.3906	0.3895	0.3865	0.4955	0.6192	0.4927	0.6115	0.5073	0.4002	0.6159	0.5144	0.5004	0.5108	0.5034	0.4984	0.3743	0.6035	0.4882
0.6221	0.3927	0.3906	0.3895	0.3865	0.4955	0.6192	0.4927	0.6115	0.5073	0.4002	0.6159	0.5144	0.5004	0.5108	0.5034	0.4984	0.3743	0.6035	0.4882
0.6221	0.3927	0.3906	0.3895	0.3865	0.4955	0.6192	0.4927	0.6115	0.5073	0.4002	0.6159	0.3987	0.5004	0.5108	0.5034	0.4984	0.3743	0.6035	0.4882
0.6221	0.3927	0.3906	0.3895	0.3865	0.4955	0.6192	0.4927	0.6115	0.5073	0.4002	0.6159	0.3987	0.5004	0.5108	0.5034	0.4984	0.3743	0.6035	0.4882
0.6221	0.3927	0.3906	0.3895	0.3865	0.4955	0.6192	0.4927	0.6115	0.5073	0.4002	0.6159	0.3987	0.5004	0.5108	0.5034	0.4984	0.3743	0.6035	0.4882
0.6221	0.3927	0.3906	0.3895	0.3865	0.4955	0.6192	0.4927	0.6115	0.5073	0.4002	0.6159	0.3987	0.5004	0.5108	0.5034	0.4984	0.3743	0.6035	0.4882
0.3930	0.3927	0.3906	0.3895	0.3865	0.4955	0.6192	0.4927	0.5098	0.5073	0.4002	0.6159	0.3987	0.5004	0.5108	0.5034	0.4984	0.3743	0.6035	0.4882
0.3930	0.3927	0.3906	0.3895	0.3865	0.4955	0.6192	0.4927	0.5098	0.5073	0.4002	0.6159	0.3987	0.5004	0.5108	0.5034	0.4984	0.3743	0.6035	0.4882
0.3930	0.3927	0.3906	0.3895	0.3865	0.4955	0.6192	0.4927	0.5098	0.5073	0.4901	0.6159	0.3987	0.5004	0.5108	0.5034	0.4984	0.5162	0.6035	0.4882
0.3930	0.3927	0.3906	0.3895	0.3865	0.4955	0.4987	0.4927	0.5098	0.5073	0.4901	0.6159	0.3987	0.5004	0.5108	0.5034	0.4984	0.5162	0.6035	0.4882
0.3930	0.3927	0.3906	0.3895	0.3865	0.4955	0.4987	0.4927	0.5098	0.5073	0.4901	0.6159	0.3987	0.5004	0.5108	0.5034	0.4984	0.4907	0.6035	0.4882
0.3930	0.3927	0.3906	0.3895	0.3865	0.5097	0.4987	0.4927	0.5098	0.5073	0.4901	0.6159	0.3987	0.5004	0.5108	0.5034	0.4984	0.4907	0.6035	0.4882
0.3930	0.3927	0.3906	0.3895	0.3865	0.5097	0.4987	0.4927	0.5098	0.5073	0.4901	0.6159	0.3987	0.5004	0.5108	0.5034	0.4984	0.4907	0.6035	0.4882
0.3930	0.3927	0.3906	0.3895	0.3865	0.5097	0.4987	0.4927	0.5098	0.5073	0.4901	0.6159	0.3987	0.5004	0.5108	0.5034	0.4984	0.4907	0.6035	0.4882
0.3930	0.3927	0.3906	0.3895	0.3865	0.5097	0.4987	0.4927	0.5098	0.5073	0.4901	0.6159	0.3987	0.5004	0.5108	0.5034	0.4984	0.4907	0.6035	0.4882
0.3930	0.3927	0.3906	0.3895	0.3865	0.5097	0.4987	0.4927	0.5098	0.5073	0.4901	0.6159	0.3987	0.5004	0.4982	0.5034	0.4984	0.4907	0.6035	0.4882
0.3930	0.3927	0.3906	0.3895	0.3865	0.5097	0.4987	0.4927	0.5098	0.5073	0.4901	0.6159	0.3987	0.5004	0.4982	0.5034	0.4984	0.4907	0.6035	0.4882
0.3930	0.3927	0.3906	0.3895	0.3865	0.5097	0.4987	0.4927	0.5098	0.5073	0.4901	0.6159	0.3987	0.5004	0.4982	0.5034	0.4984	0.4907	0.6035	0.4882
0.3930	0.3927	0.3906	0.3895	0.3865	0.5097	0.4987	0.4927	0.5098	0.5073	0.4901	0.6159	0.3987	0.5004	0.4982	0.5034	0.4984	0.4907	0.6035	0.4882
0.3930	0.3927	0.3906	0.3895	0.3865	0.5097	0.4987	0.4927	0.5098	0.5073	0.4901	0.6159	0.3987	0.5004	0.4982	0.5034	0.4984	0.4907	0.6035	0.4882
0.3930	0.3927	0.3906	0.3895	0.3865	0.5097	0.4987	0.4927	0.5098	0.5073	0.4901	0.6159	0.3987	0.5004	0.4982	0.5034	0.4984	0.4907	0.6035	0.4882
0.3930	0.3927	0.6115	0.3895	0.3865	0.5097	0.4987	0.4927	0.5098	0.5073	0.4901	0.6159	0.3987	0.5004	0.4982	0.5034	0.4984	0.4907	0.6035	0.4882
0.3930	0.3927	0.6115	0.3895	0.3865	0.5097	0.4987	0.4927	0.5098	0.5073	0.4901	0.6159	0.3987	0.5004	0.4982	0.5034	0.4984	0.4907	0.6035	0.4882
0.3930	0.3927	0.6115	0.3895	0.3865	0.5097	0.4987	0.4927	0.5100	0.5073	0.4901	0.6159	0.3987	0.5004	0.4982	0.5034	0.4984	0.4907	0.6035	0.4882
0.3930	0.3927	0.6115	0.3895	0.3865	0.5097	0.4987	0.4927	0.5100	0.5073	0.4901	0.6159	0.3987	0.5004	0.4982	0.5034	0.4984	0.4907	0.6035	0.4882
0.3930	0.3927	0.6115	0.3895	0.3865	0.5097	0.4987	0.4927	0.5100	0.5073	0.4901	0.6159	0.3987	0.5004	0.4982	0.5034	0.4984	0.4907	0.6035	0.4882
0.5064	0.3927	0.6115	0.3895	0.3865	0.5097	0.4987	0.4927	0.5100	0.5073	0.4901	0.6159	0.3987	0.5004	0.4982	0.5034	0.4984	0.4907	0.6035	0.4882
0.5064	0.3927	0.6115	0.3895	0.3865	0.5097	0.4987	0.4927	0.5100	0.5073	0.4901	0.6159	0.3987	0.5004	0.4982	0.5034	0.4984	0.4907	0.6035	0.4882
0.5064	0.3927	0.6115	0.3895	0.3865	0.5097	0.4987	0.4927	0.5100	0.5073	0.4901	0.6159	0.3987	0.5004	0.4982	0.5034	0.4984	0.4907	0.6035	0.4882
0.5064	0.3927	0.6115	0.3895	0.3865	0.5097	0.4987	0.4927	0.5100	0.5073	0.4901	0.6159	0.3987	0.5004	0.4982	0.5034	0.4984	0.4907	0.6035	0.4882
0.5064	0.3927	0.6115	0.3895	0.3865	0.5097	0.4987	0.4927	0.5100	0.5073	0.4901	0.6159	0.3987	0.5004	0.4982	0.5034	0.4984	0.4907	0.6035	0.4882
0.5064	0.3927	0.6115	0.3895	0.3865	0.5097	0.4987	0.4927	0.5100	0.5073	0.4901	0.6159	0.3987	0.5004	0.4982	0.5034	0.5024	0.4907	0.6035	0.4882
0.5064	0.3927	0.6115	0.3895	0.3865	0.5097	0.4987	0.4927	0.5100	0.5073	0.4901	0.6159	0.3987	0.5004	0.4982	0.5034	0.5024	0.4907	0.6035	0.4882
0.5064	0.3927	0.6115	0.3895	0.3865	0.5097	0.4987	0.4927	0.5100	0.5073	0.4901	0.6159	0.3987	0.5004	0.4982	0.5034	0.5024	0.4907	0.6035	0.4882
0.5064	0.3927	0.6115	0.3895	0.3865	0.5097	0.4987	0.4927	0.5100	0.5073	0.4901	0.6159	0.3987	0.5004	0.4982	0.5034	0.5024	0.4907	0.6035	0.4882
0.5064	0.3927	0.6115	0.3895	0.3865	0.5097	0.4987	0.4927	0.5100	0.5073	0.4901	0.6159	0.3987	0.5004	0.4982	0.5034	0.5024	0.4907	0.6035	0.4882
0.5064	0.3927	0.6115	0.3895	0.3865	0.5097	0.4987	0.4927	0.5100	0.5073	0.4901	0.6159	0.3987	0.5004	0.4982	0.5034	0.5024	0.4907	0.6035	0.4882
0.5064	0.3927	0.6115	0.3895	0.3865	0.5097	0.4987	0.4927	0.5100	0.5073	0.4901	0.6159	0.3987	0.5004	0.4982	0.5034	0.5024	0.4907	0.6035	0.4882
0.3949	0.3927	0.6115	0.3895	0.3865	0.5097	0.4987	0.4927	0.5100	0.5073	0.4901	0.6159	0.3987	0.5004	0.4982	0.5034	0.5024	0.4907	0.6035	0.4882
0.3949	0.3927	0.6115	0.3895	0.3865	0.5097	0.4987	0.4927	0.5100	0.5073	0.4901	0.6159	0.3987	0.5004	0.4982	0.5034	0.5024	0.4907	0.6035	0.4882
0.3949	0.3927	0.6115	0.3895	0.3865	0.5097	0.4987	0.4927	0.5100	0.5073	0.4901	0.6159	0.3987	0.5004	0.4982	0.5034	0.5024	0.4907	0.6035	0.4882
0.3949	0.3927	0.6115	0.3895	0.3865	0.5097	0.4987	0.4927	0.5100	0.5073	0.4901	0.6159	0.3987	0.5004	0.4982	0.5034	0.5024	0.4907	0.6035	0.4882
0.3949	0.3927	0.6115	0.3895	0.3865	0.5097	0.4987	0.4927	0.5100	0.5073	0.4901	0.6159	0.3987	0.5004	0.4982	0.5034	0.5024	0.4907	0.6035	0.4882
0.3949	0.3927	0.6115	0.3895	0.3865	0.5097	0.4987	0.4927	0.5100	0.5073	0.4901	0.6159	0.3987	0.5004	0.4982	0.5034	0.5024	0.4907	0.6035	0.4882
0.3949	0.3927	0.6115	0.3895	0.3865	0.5097	0.4987	0.4927	0.5100	0.5073	0.4901	0.6159	0.3987	0.5004	0.4982	0.5034	0.5024	0.4907	0.6035	0.4882
0.3949	0.3927	0.6115	0.3895	0.3865	0.5097	0.4987	0.4927	0.5100	0.5073	0.4901	0.6159	0.3987	0.5004	0.4982	0.5034	0.5024	0.4907	0.6035	0.4882
0.3949	0.3927	0.6115	0.3895	0.3865	0.5097	0.4987	0.4927	0.5100	0.5073	0.4901	0.6159	0.6111	0.5004	0.4982	0.5034	0.5024	0.4907	0.6035	0.4882
