0.5340	0.3581	0.3061	0.9085	0.0071	0.9414	0.1495	0.5715	0.3104	0.4389	0.4702	0.3554	0.6062	0.4776	0.5967	0.1606	0.4691	0.0333	0.6530	0.1191
0.5100	0.9915	0.5701	0.0057	0.4777	0.7798	0.0000	0.7422	0.7861	0.4243	0.2420	0.0000	0.0000	0.5808	0.7151	1.0000	0.4626	0.9854	0.7873	0.3360
0.0000	0.0000	0.0000	0.3206	1.0000	0.4002	0.4124	0.5974	0.5556	0.0000	0.0000	0.7853	0.6892	0.6990	0.7571	1.0000	1.0000	1.0000	0.5630	0.0000
0.5918	0.8403	0.6682	0.7039	0.0913	0.4002	0.8991	0.0598	0.5951	0.7715	0.6018	0.0000	0.4051	0.5164	0.5477	0.4390	0.7701	0.5707	0.0000	0.0000
0.7369	0.5765	0.4066	0.4904	0.6667	1.0000	0.4024	0.9695	0.8049	0.6538	0.5709	0.5968	1.0000	0.5050	0.0000	0.5879	0.4046	0.5707	1.0000	0.4920
0.5880	1.0000	0.4066	0.4904	0.4804	0.5057	0.6762	0.8796	0.5207	0.3695	0.5709	0.5044	0.5695	0.5050	0.3747	0.5879	0.0940	0.3143	0.4011	0.7654
0.3213	0.6007	0.4066	0.5703	0.4804	0.6283	0.4105	0.0000	0.8105	1.0000	0.4242	0.5044	0.5695	1.0000	0.6506	0.5879	0.2053	0.3143	0.4011	0.0000
0.3213	0.6007	0.4870	0.3167	0.5107	0.0713	0.4105	1.0000	0.4034	0.8750	0.4242	0.4090	0.5947	0.4168	0.0000	0.3784	0.5207	0.3307	0.4011	0.5956
0.2421	0.6007	0.5838	0.5836	0.5107	0.1186	0.5778	0.6874	0.5123	0.4218	0.5083	0.4090	0.7010	0.7600	0.7800	0.7606	0.4795	0.3307	0.6019	0.4647
0.0000	0.6007	0.5838	0.5836	0.5107	0.9586	0.5778	0.4750	1.0000	0.4203	0.5202	0.4090	0.2423	0.5942	0.9664	0.8749	0.9126	0.6705	0.5009	0.4826
0.6899	0.6007	0.5838	0.5836	0.6847	0.0000	0.5008	0.3175	0.2463	0.3154	0.6781	0.4090	0.5634	0.4013	0.5798	0.6322	0.8481	0.4199	0.3965	0.6083
0.4928	0.6007	0.5838	0.5836	0.5951	0.8927	0.5006	0.6951	0.0000	0.5977	0.5890	0.4110	0.7488	0.9732	0.5798	0.5967	0.4536	0.4488	0.3965	0.4675
0.4928	0.3168	0.5838	0.5836	0.5951	0.6748	0.5006	0.6192	0.4985	0.2632	0.5890	0.4110	0.5832	0.6537	0.1355	0.5965	0.0879	0.4983	0.4969	0.0000
0.4928	0.3168	0.5838	0.5836	1.0000	0.5652	0.5006	0.5997	0.4038	0.6903	1.0000	0.4110	0.4284	0.0621	0.6990	0.5965	0.6111	0.4983	0.7983	0.6031
0.4928	0.3168	0.6873	0.5836	0.9426	0.4169	0.5006	0.5158	0.4038	0.1468	0.0000	0.4110	0.0533	0.5076	0.6185	0.5965	0.5762	0.4983	0.4134	0.2707
0.4928	0.3168	0.3178	0.5836	0.3993	0.7610	0.5006	0.5158	0.4038	0.7060	0.7288	0.4110	0.2028	0.4999	0.4109	0.5965	0.4869	0.4983	0.3307	0.4081
0.4928	0.4996	0.3178	0.3982	0.5654	0.6863	0.5006	0.7487	0.4038	0.5882	0.4005	0.4993	0.0000	0.4085	0.5103	0.5965	0.3320	0.4983	0.2285	0.7597
0.4928	0.4996	0.3178	0.3982	0.5186	1.0000	0.5006	0.0000	0.4038	0.4892	0.4005	0.4993	0.1755	0.4085	0.5103	0.5965	0.4277	0.4983	0.0000	0.2124
0.4928	0.4996	0.3178	0.3973	0.9409	0.5847	0.5006	0.4628	0.4914	0.6967	0.4005	0.4993	0.4653	0.4085	0.3254	0.5965	0.3375	0.4983	0.4245	0.6147
0.4928	0.4996	0.3178	0.3973	0.6558	0.5847	0.5006	0.7046	0.4914	0.6048	0.4005	0.4993	0.5151	0.4085	0.9459	0.5965	0.2167	0.4983	0.4245	0.5971
0.4928	0.4996	0.3178	0.6891	0.7547	0.5847	0.5006	0.6016	0.4090	0.3361	0.4005	0.4993	0.3416	0.4085	0.6251	0.3733	0.6649	0.4983	0.3158	0.5971
0.4928	0.4996	0.4273	0.6891	0.7610	0.5847	0.5006	0.4207	0.4907	0.6895	0.4005	0.4993	0.3472	0.4085	0.6037	0.3885	0.6028	0.4983	0.3158	0.6795
0.4928	0.4996	0.4902	0.6891	0.0931	0.5847	0.5006	0.4257	0.3981	0.6895	0.4005	0.4993	0.6935	0.4934	0.5958	0.2523	0.3982	0.4983	0.3158	0.6021
0.4928	0.4010	0.6092	0.5922	0.3332	0.5847	0.5006	0.0000	0.3981	0.4126	0.4005	0.5916	0.1516	0.4934	0.4192	0.5222	0.3982	0.4983	0.3158	0.3149
0.4928	0.4010	0.6092	0.5922	0.4225	0.5847	0.5006	0.4851	0.3981	0.0000	0.5994	0.5916	0.3296	0.4934	0.4192	0.3270	0.3982	0.4894	0.3158	0.3082
0.4928	0.4010	0.6872	0.5922	0.4965	0.5847	0.5006	0.3233	0.3981	0.5626	0.3239	0.5916	0.3296	0.4934	0.4192	0.3270	0.3982	0.4894	0.3158	0.4120
0.6649	0.4010	0.7614	0.5922	0.4965	0.5847	0.5006	0.6063	0.3981	0.5714	0.3239	0.5916	0.3296	0.4934	0.4192	0.4026	0.3982	0.4894	0.4162	0.4120
0.6649	0.6840	1.0000	0.5922	0.6046	0.5847	0.5006	0.6063	0.4134	0.4256	0.3239	0.5916	0.3296	0.4934	0.9804	0.4026	0.3982	0.4894	0.4162	0.4120
0.4014	0.5115	0.4773	0.5922	0.5845	0.5847	0.5006	0.4058	0.4134	0.4256	0.3239	0.5916	0.4894	0.4839	0.7646	0.5011	0.3982	0.3251	0.4162	0.4120
0.4014	0.5115	0.2293	0.6008	0.5845	0.5847	0.5006	0.4058	0.4134	0.4191	0.3239	0.5916	0.3100	0.9765	0.4085	0.5019	0.3982	0.3251	0.4162	0.4120
0.4014	0.4939	0.4046	0.6008	0.5845	0.5847	0.5006	0.4058	0.4134	0.4191	0.3239	0.5916	0.3100	1.0000	0.4085	0.5019	0.5039	0.5031	0.4162	0.5051
0.5928	0.4939	0.4046	0.6008	0.5845	0.5847	0.5006	0.4058	0.4134	0.4191	0.3239	0.5916	0.3100	0.3012	0.4085	0.5019	0.5039	0.5031	0.5081	0.5051
0.5086	0.4999	0.4046	0.6008	0.5877	0.5847	0.5006	0.4058	0.4134	0.6059	0.3239	0.5916	0.3100	0.6836	0.4115	0.5019	0.6024	0.5031	0.5081	0.5051
0.4995	0.4999	0.4046	0.6008	0.5877	0.5847	0.5006	0.4058	0.4134	0.3988	0.3239	0.5916	0.3100	0.6899	0.4115	0.5019	0.6024	0.4936	0.5081	0.5051
0.4176	0.4999	0.4046	0.6008	0.5877	0.5847	0.5006	0.4058	0.4134	0.3988	0.6835	0.5916	0.3100	0.6899	0.4115	0.5019	0.5958	0.4936	0.5081	0.5051
0.4176	0.4999	0.4046	0.5988	0.5877	0.5847	0.5006	0.4058	0.4134	0.3988	0.6835	0.5916	0.4108	0.6899	0.4115	0.5019	0.6843	0.4936	0.5081	0.5051
0.3125	0.4999	0.4046	0.5988	0.4171	0.4092	0.5006	0.4058	0.4134	0.3988	0.6835	0.5916	0.4108	0.6899	0.4115	0.4965	0.3005	0.4936	0.5081	0.5051
0.3173	0.4999	0.4046	0.5988	0.4171	0.4092	0.5006	0.4058	0.4134	0.3986	0.6835	0.5916	0.4108	0.6899	0.4115	0.4965	0.4111	0.4936	0.5081	0.5051
0.3173	0.4999	0.5774	0.5988	0.4171	0.4092	0.5006	0.4058	0.4134	0.4197	0.6835	0.5916	0.4108	0.3326	0.4115	0.4965	0.4111	0.4936	0.5081	0.5051
0.3173	0.4999	0.5774	0.5988	0.4171	0.4092	0.5006	0.4058	0.4134	0.5866	0.6835	0.5916	0.4108	0.2349	0.4115	0.6035	0.4111	0.4936	0.5081	0.5012
0.3173	0.4999	0.5774	0.5988	0.4171	0.4092	0.5006	0.4058	0.4134	0.5866	0.6835	0.5916	0.3139	0.4175	0.4115	0.5804	0.4111	0.4936	0.5839	0.5012
0.3173	0.4999	0.5766	0.5988	0.4171	0.4092	0.5006	0.4058	0.4134	0.5866	0.6835	0.5916	0.5172	0.4175	0.4115	0.5804	0.4111	0.4936	0.5839	0.5012
0.3173	0.4999	0.5766	0.5988	0.4171	0.4092	0.5006	0.4058	0.4134	0.3155	0.6835	0.5916	0.5172	0.4175	0.4115	0.5804	0.5061	0.4936	0.5839	0.5012
0.3173	0.4999	0.5766	0.5988	0.4171	0.4092	0.5006	0.4058	0.4134	0.6672	0.6835	0.5916	0.5172	0.4175	0.4115	0.5804	0.5061	0.4936	0.5839	0.5012
0.3173	0.4999	0.5766	0.5988	0.4171	0.4092	0.5006	0.4058	0.4134	0.5723	0.6835	0.5916	0.5172	0.4175	0.4115	0.5804	0.5061	0.4936	0.5800	0.5012
0.4009	0.4999	0.5766	0.5988	0.4171	0.4092	0.5006	0.4058	0.4134	0.3954	0.6835	0.5916	0.5172	0.4175	0.4115	0.5804	0.5061	0.4936	0.5800	0.5012
0.4009	0.4999	0.5766	0.5988	0.4171	0.4092	0.5006	0.4058	0.4134	0.3954	0.6835	0.5916	0.5172	0.4175	0.4115	0.5804	0.5061	0.4936	0.5800	0.5012
0.4009	0.4999	0.4872	0.5988	0.4171	0.4092	0.5006	0.4058	0.4134	0.3954	0.6835	0.5916	0.5172	0.4175	0.4115	0.5804	0.5061	0.4936	0.5800	0.5012
0.5912	0.4999	0.4872	0.5988	0.4171	0.4092	0.5006	0.4058	0.4134	0.5919	0.6835	0.5916	0.4094	0.4175	0.4115	0.5804	0.5061	0.4936	0.5800	0.5012
0.5912	0.4999	0.5856	0.5988	0.4171	0.4092	0.5006	0.4058	0.4134	0.5919	0.6835	0.5916	0.4094	0.4175	0.4115	0.5094	0.5061	0.4936	0.4983	0.5012
0.5912	0.4999	0.5856	0.5988	0.4171	0.4092	0.5006	0.4058	0.4134	0.5919	0.6835	0.5916	0.4094	0.4175	0.4115	0.5094	0.5061	0.4936	0.4983	0.5012
0.5912	0.4999	0.5856	0.5988	0.4171	0.4092	0.5006	0.4058	0.4083	0.5919	0.6835	0.5916	0.4094	0.4175	0.4115	0.5094	0.5061	0.4936	0.4983	0.5012
0.5912	0.4999	0.5856	0.5945	0.4171	0.4092	0.5006	0.4058	0.4083	0.5919	0.6835	0.5916	0.4094	0.5106	0.5033	0.5094	0.5061	0.4936	0.4983	0.5012
0.5912	0.4999	0.5856	0.5945	0.4078	0.4092	0.5006	0.4058	0.4083	0.5919	0.6835	0.5916	0.4101	0.4099	0.5033	0.5094	0.5061	0.4936	0.4983	0.5012
0.5912	0.4999	0.5856	0.5945	0.4078	0.4092	0.5006	0.4947	0.4083	0.5919	0.6835	0.5916	0.4101	0.4099	0.5033	0.5094	0.5061	0.5029	0.4983	0.5012
0.5912	0.4999	0.5856	0.5945	0.4078	0.4092	0.5006	0.4947	0.4083	0.5919	0.6835	0.5916	0.4101	0.4099	0.5033	0.5094	0.5061	0.5029	0.4983	0.5012
0.5912	0.4999	0.5856	0.5945	0.4078	0.4092	0.5006	0.4947	0.4083	0.5919	0.6835	0.5916	0.4101	0.4099	0.5033	0.5094	0.5061	0.5029	0.4983	0.5012
0.5912	0.4999	0.5856	0.5945	0.4078	0.4092	0.5006	0.4947	0.4083	0.5919	0.6835	0.5916	0.4101	0.4099	0.5033	0.5066	0.5061	0.5029	0.4983	0.5012
0.4148	0.4999	0.5856	0.5945	0.4078	0.4092	0.5006	0.4947	0.4083	0.5919	0.6835	0.5916	0.4101	0.4099	0.5033	0.5066	0.5061	0.5029	0.4983	0.5012
0.4148	0.4999	0.5856	0.5945	0.4078	0.4092	0.5006	0.4947	0.4083	0.5919	0.4193	0.5916	0.4101	0.4099	0.5033	0.5066	0.5061	0.5029	0.4983	0.5012
0.4148	0.4999	0.5856	0.5945	0.4078	0.4092	0.5006	0.4947	0.4083	0.5919	0.4193	0.5916	0.4101	0.4099	0.5033	0.5066	0.5061	0.5029	0.4983	0.5012
0.4148	0.4999	0.5856	0.5945	0.4078	0.4092	0.5006	0.4947	0.4083	0.5919	0.4193	0.5916	0.4101	0.4099	0.5033	0.5066	0.5061	0.5072	0.4983	0.5012
0.4148	0.4999	0.5856	0.5945	0.4078	0.4092	0.5006	0.4947	0.4083	0.5919	0.4193	0.5916	0.4101	0.4099	0.5033	0.5066	0.5061	0.5072	0.4983	0.5012
0.4148	0.4999	0.5856	0.5945	0.4078	0.4092	0.5006	0.4947	0.4083	0.5919	0.4193	0.5916	0.4101	0.4099	0.5033	0.5066	0.5061	0.5072	0.4983	0.5012
0.4148	0.4999	0.5856	0.5945	0.4078	0.4092	0.5006	0.4947	0.4083	0.5919	0.4193	0.5916	0.4101	0.4099	0.5033	0.5066	0.5061	0.4023	0.4983	0.5012
0.4148	0.4999	0.5856	0.5945	0.4078	0.4092	0.5006	0.4947	0.4083	0.5919	0.5025	0.5916	0.4101	0.4099	0.5033	0.5066	0.5061	0.4023	0.4983	0.5012
0.4148	0.4999	0.5856	0.5945	0.4078	0.4092	0.5006	0.4947	0.4083	0.5919	0.5025	0.5916	0.4101	0.4099	0.5033	0.5066	0.5061	0.4023	0.4983	0.5012
0.4148	0.4999	0.5856	0.5945	0.4078	0.4092	0.5006	0.4947	0.4083	0.5919	0.5025	0.5916	0.4101	0.4099	0.5033	0.5066	0.5061	0.5780	0.4983	0.5012
0.4148	0.4999	0.5856	0.5945	0.4078	0.4092	0.5006	0.4947	0.4083	0.5919	0.5025	0.5916	0.4101	0.4099	0.4990	0.5066	0.5061	0.5780	0.4983	0.5012
0.4148	0.4999	0.5856	0.5945	0.4078	0.4092	0.5006	0.4947	0.4083	0.5919	0.5025	0.5916	0.4101	0.4935	0.4990	0.5066	0.5037	0.5780	0.4983	0.5012
0.4148	0.4999	0.5856	0.5945	0.4078	0.4092	0.5006	0.4947	0.4083	0.5919	0.5025	0.5916	0.4101	0.4935	0.4990	0.5066	0.5037	0.5780	0.4983	0.5012
0.4148	0.4999	0.5856	0.5945	0.4078	0.4092	0.5050	0.4947	0.4083	0.5919	0.5025	0.5916	0.4101	0.4935	0.4977	0.5066	0.5037	0.4069	0.4983	0.5012
0.4148	0.4999	0.5856	0.5945	0.4078	0.4092	0.5050	0.4947	0.4083	0.5919	0.5025	0.5916	0.4101	0.4935	0.4977	0.5066	0.5037	0.4069	0.4983	0.5012
0.4148	0.4999	0.5856	0.5945	0.4078	0.4092	0.5050	0.4947	0.4083	0.5919	0.5025	0.5916	0.4101	0.4935	0.4977	0.5066	0.5037	0.4069	0.4983	0.5012
0.4148	0.4999	0.5856	0.5945	0.4078	0.4092	0.5050	0.4947	0.4083	0.5919	0.5025	0.5916	0.4101	0.4935	0.4977	0.5066	0.5037	0.4069	0.4983	0.5012
0.4148	0.4999	0.5856	0.5945	0.4078	0.4092	0.5050	0.4947	0.4083	0.5919	0.5025	0.5916	0.4101	0.4935	0.4977	0.5066	0.5037	0.4069	0.4983	0.5012
0.4148	0.4999	0.5856	0.5945	0.4078	0.4092	0.5050	0.4947	0.4083	0.5919	0.5025	0.5916	0.4101	0.4935	0.4977	0.5066	0.5037	0.4069	0.4983	0.5012
0.4148	0.4999	0.5856	0.5945	0.4078	0.4092	0.5050	0.4947	0.4083	0.5919	0.5025	0.5916	0.4101	0.4935	0.4977	0.5066	0.5037	0.4069	0.4983	0.5012
0.4148	0.4999	0.5856	0.5945	0.4078	0.4092	0.5050	0.4947	0.4083	0.5919	0.5025	0.5916	0.4101	0.4935	0.4977	0.5066	0.5037	0.4069	0.4983	0.5012
0.4148	0.4999	0.5856	0.5945	0.4078	0.4092	0.5050	0.4947	0.4083	0.5919	0.5025	0.5916	0.4101	0.4935	0.4977	0.5066	0.5037	0.4069	0.4983	0.5012
0.4148	0.4999	0.5856	0.5945	0.4078	0.4092	0.5050	0.4947	0.4083	0.5919	0.5025	0.5916	0.4101	0.4935	0.4977	0.5066	0.4067	0.4069	0.4983	0.5012
0.4997	0.4999	0.5856	0.5945	0.4078	0.4092	0.5050	0.4947	0.4083	0.5919	0.5025	0.5916	0.4101	0.4935	0.4977	0.5066	0.4067	0.4069	0.4983	0.5012
0.4997	0.4999	0.5856	0.5945	0.4078	0.4092	0.5050	0.4947	0.4083	0.5919	0.5025	0.5916	0.4101	0.4935	0.4977	0.5066	0.4067	0.4069	0.4983	0.5012
0.4997	0.4999	0.5856	0.5945	0.4078	0.4092	0.5050	0.4947	0.4083	0.5919	0.5025	0.5916	0.4101	0.4935	0.4977	0.5066	0.4067	0.4069	0.4983	0.5012
0.4997	0.4999	0.5856	0.5945	0.4078	0.4092	0.5050	0.4947	0.4083	0.5919	0.5025	0.5916	0.4101	0.4935	0.4977	0.5066	0.4067	0.4069	0.4983	0.5012
0.4997	0.4999	0.5856	0.5945	0.4078	0.4092	0.5050	0.4947	0.4083	0.5919	0.5025	0.5916	0.4101	0.4935	0.4977	0.5066	0.4067	0.4069	0.4983	0.5012
0.4997	0.4999	0.5856	0.5945	0.4078	0.4092	0.5050	0.4947	0.4083	0.5919	0.5025	0.5916	0.4101	0.4935	0.4977	0.5066	0.4067	0.4069	0.4983	0.5012
0.4997	0.4999	0.5856	0.5945	0.4078	0.4092	0.5050	0.4947	0.4971	0.5919	0.5025	0.5916	0.4101	0.4935	0.4977	0.5066	0.4067	0.4069	0.4983	0.5012
0.4997	0.4999	0.5856	0.5945	0.4078	0.4092	0.5050	0.4947	0.4971	0.5919	0.5025	0.5916	0.4101	0.4935	0.4977	0.5066	0.4067	0.4069	0.4983	0.5012
0.4997	0.4999	0.5856	0.5945	0.4078	0.4092	0.5050	0.4947	0.4971	0.5919	0.5025	0.5916	0.4101	0.4935	0.4977	0.5066	0.4067	0.4069	0.4983	0.5012
0.4997	0.4999	0.5856	0.5945	0.4078	0.4092	0.5050	0.4947	0.4971	0.5919	0.5025	0.5916	0.4101	0.4935	0.4977	0.5066	0.4067	0.4069	0.4983	0.5012
0.4997	0.4999	0.5856	0.5945	0.4078	0.4092	0.5050	0.4947	0.4971	0.5919	0.5025	0.5916	0.4101	0.4935	0.4977	0.5066	0.4067	0.4069	0.5863	0.5878
0.4997	0.4999	0.5856	0.5945	0.4078	0.4092	0.5050	0.4947	0.4971	0.5919	0.5025	0.5916	0.4101	0.4935	0.4977	0.5066	0.4067	0.4069	0.5863	0.5878
0.4997	0.4999	0.5856	0.5945	0.4078	0.4092	0.5050	0.4947	0.4971	0.5919	0.5025	0.5916	0.4101	0.4935	0.4977	0.5066	0.4067	0.4069	0.5863	0.5878
0.4997	0.4999	0.5856	0.5945	0.4078	0.4092	0.5050	0.4947	0.4971	0.5919	0.5025	0.5916	0.4101	0.4935	0.4977	0.5066	0.4067	0.4069	0.5863	0.5878
0.4997	0.4999	0.5856	0.5945	0.4078	0.4092	0.5050	0.4947	0.4971	0.5919	0.5025	0.5916	0.4101	0.4935	0.4977	0.4122	0.4067	0.4069	0.5863	0.5878
0.4997	0.4999	0.5856	0.5945	0.4078	0.4092	0.5050	0.4947	0.4971	0.5919	0.5025	0.5916	0.4101	0.4935	0.4977	0.4122	0.4067	0.4069	0.5863	0.5878
0.4997	0.4999	0.5856	0.5945	0.4078	0.4092	0.5050	0.4947	0.4971	0.5919	0.5025	0.5916	0.4101	0.4935	0.4977	0.4122	0.4067	0.4069	0.5863	0.5878
0.4997	0.4999	0.5856	0.5945	0.4078	0.4092	0.5050	0.4947	0.4971	0.5919	0.5025	0.5916	0.4101	0.4935	0.4977	0.4122	0.4067	0.4069	0.5863	0.5878
0.4997	0.4999	0.5856	0.5945	0.4078	0.4092	0.5050	0.4947	0.4971	0.5919	0.5025	0.5916	0.4101	0.4935	0.4977	0.4122	0.4067	0.4069	0.5863	0.5878
0.4997	0.4999	0.5856	0.5945	0.4078	0.4092	0.5050	0.4947	0.4971	0.5919	0.5025	0.5916	0.4101	0.4935	0.4977	0.4122	0.4067	0.4069	0.5863	0.5878
