0.0540	0.7185	0.0279	0.3100	0.7416	0.7632	0.3232	0.3714	0.2922	0.0667	0.7102	0.7924	0.2633	0.7919	0.8618	0.2117	0.3651	0.9824	0.3218	0.8320
0.4665	0.0000	0.5210	0.3964	1.0000	0.5178	1.0000	0.0000	0.2930	0.6404	1.0000	1.0000	0.1865	0.0850	0.6086	0.7126	0.4629	0.5322	0.0000	0.0000
0.2707	0.5301	0.0000	0.3190	0.5228	0.4414	0.6536	0.5264	0.6615	0.4598	0.6850	0.4826	0.4874	0.4492	0.8506	0.0000	0.5476	0.5122	0.3425	0.1072
0.7024	0.3000	0.6088	0.9094	0.5350	0.6704	0.4490	0.4864	0.0000	0.3168	0.7098	0.5687	0.5355	0.3216	0.7107	1.0000	0.0000	0.5122	0.0000	0.8378
0.5337	0.0300	0.3517	0.8611	0.8005	0.1043	0.5249	0.3147	1.0000	0.9826	0.7984	0.0000	0.0000	0.5940	0.1586	1.0000	0.6942	0.5122	0.7087	0.3542
0.0293	0.4601	1.0000	0.5051	0.5019	0.5276	0.5178	0.2862	0.6928	0.7314	0.6736	0.1202	0.4867	0.5609	0.2908	0.4400	0.2645	0.5122	0.5300	0.8776
0.4462	0.7138	0.5178	0.2668	0.2748	0.0000	0.5178	0.4992	0.6928	1.0000	0.2905	0.3259	0.7020	0.5277	0.2908	0.3209	0.9695	0.5321	0.5103	0.5028
0.5374	0.4927	0.5178	0.4579	1.0000	0.5334	0.5178	0.4992	0.6928	0.4288	0.4886	0.5005	0.4940	0.0393	0.2908	0.3302	0.4530	0.4636	0.5103	0.5028
0.4946	0.4927	0.5178	0.3298	0.3466	0.0000	0.5178	0.4992	0.6928	0.8464	0.4886	0.5005	0.4622	0.0000	0.2908	0.7200	0.8701	1.0000	0.4806	0.5028
0.7352	0.5100	0.5178	0.2071	0.7096	0.2904	0.5178	0.4992	0.6928	0.7106	0.4886	0.4936	0.7007	0.5126	0.2908	0.4687	0.7242	0.4173	0.5160	0.5028
0.4743	0.5100	0.5178	0.5501	0.7096	0.6939	0.5178	0.4992	0.5224	0.6519	0.4886	0.5296	0.0000	0.5126	0.2908	0.4687	0.7320	0.4511	0.5160	0.5028
0.4743	0.5100	0.5178	0.7478	0.0000	0.7032	0.5123	0.4992	0.5224	0.2732	0.4886	0.5589	0.1472	0.5126	0.2908	0.4687	0.3256	0.6990	0.5160	0.5028
0.5304	0.5100	0.5178	0.0000	0.2910	0.7032	0.5123	0.4992	0.5224	0.6874	0.4886	0.2754	0.2187	0.5126	0.2908	0.3136	0.2739	0.4726	0.4738	0.5028
0.8250	0.5100	0.5178	0.5389	0.2910	0.6735	0.5123	0.4992	0.5224	0.6874	0.4886	0.7429	0.1277	0.5126	0.2908	0.3136	0.7098	0.4726	0.4738	0.5028
0.7297	0.5100	0.5178	0.0298	0.2910	0.7131	0.5118	0.4992	0.5224	0.4815	0.4886	0.6673	0.5348	0.5126	0.2908	0.3136	1.0000	0.4726	0.4738	0.5028
0.7421	0.5100	0.5035	0.4831	0.6755	0.5500	0.5118	0.4992	0.5224	0.5170	0.4886	0.0000	0.5348	0.5126	0.2908	0.7149	0.3433	0.4726	0.4738	0.5099
0.3408	1.0000	0.5035	0.2995	0.6755	0.4814	0.5118	0.4992	0.5317	0.5440	0.4886	0.2927	0.5348	0.5126	0.2908	0.5053	0.4540	0.4726	0.4696	0.5099
0.7008	0.3363	0.5035	0.3428	0.6755	0.5120	0.5267	0.4992	0.5317	0.4736	0.4886	0.8935	0.0000	0.5126	0.2908	0.5053	0.4540	0.4726	0.4696	0.5099
0.4804	0.4882	0.5035	0.4911	0.6755	0.4775	0.5267	0.4992	0.5317	0.4736	0.4886	0.6691	0.7246	0.5126	0.2908	0.4965	0.5620	0.4726	0.4696	0.5099
0.4986	0.3223	0.5035	0.4911	0.6755	0.5402	0.5267	0.4992	0.4745	0.4976	0.5106	0.6691	0.8657	0.5126	0.5357	0.6783	0.5151	0.4726	0.4696	0.5099
0.4986	0.2948	0.5035	0.4911	0.6755	0.5117	0.5267	0.4992	0.4745	0.4976	0.5106	0.5311	0.1893	0.5126	0.7074	0.3161	0.3825	0.4726	0.4696	0.5099
0.4986	0.2769	0.5035	0.4911	0.6755	0.2702	0.5267	0.4992	0.5015	0.4976	0.5106	0.5311	0.3201	0.5126	0.7074	0.3161	0.7074	0.4726	0.6886	0.5099
0.4965	0.4950	0.5035	0.4911	0.6755	0.3239	0.5267	0.4992	0.5015	0.4976	0.5106	0.3286	0.6925	0.5126	0.7074	0.4933	0.5915	0.4726	0.7908	0.5099
0.4965	0.4950	0.5035	0.4858	0.7065	0.3118	0.5267	0.4992	0.5015	0.4976	0.5106	0.4917	0.4153	0.5126	0.5072	0.5039	0.5080	0.4726	0.7129	0.5099
0.4965	1.0000	0.5035	0.5086	0.3313	0.4907	0.5267	0.4992	0.5015	0.4976	0.5106	0.5076	0.7016	0.4983	0.5072	0.5039	0.4680	0.4726	0.2543	0.5099
0.4965	0.6995	0.5035	0.5086	0.3313	0.4907	0.5267	0.4992	0.5015	0.4976	0.5106	0.4663	0.7016	0.4983	0.5072	1.0000	0.4680	0.4726	0.0000	0.5099
0.4965	0.4820	0.5035	0.5086	0.7052	0.4907	0.5407	0.4992	0.5015	0.4976	0.5106	0.6386	0.7016	0.4983	0.4938	0.7123	0.4680	0.4726	1.0000	0.5099
0.4965	0.4820	0.5035	0.3345	0.7052	0.5060	0.5407	0.4992	0.5015	0.4976	0.5106	0.2854	0.7016	0.4983	0.4938	0.7123	0.4680	0.4726	0.7356	0.5099
0.4965	0.5093	0.5035	0.4985	0.7052	0.5060	0.3073	0.4992	0.5015	0.4976	0.5106	1.0000	0.7016	0.4983	0.4938	0.7123	0.4680	0.4803	0.5440	0.5099
0.4965	0.5093	0.5120	0.5188	0.7052	0.5060	0.3073	0.5157	0.5015	0.4976	0.5106	0.0000	0.7016	0.4983	0.4938	0.7123	0.4680	0.4803	0.5440	0.5099
0.4965	0.5093	0.5120	0.5188	0.7052	0.5060	0.3073	0.5157	0.5015	0.4976	0.5106	0.4390	0.6911	0.4983	0.5009	0.7123	0.4680	0.4803	0.5440	0.5099
0.4965	0.5093	0.5120	0.5188	0.3218	0.5060	0.3073	0.5157	0.5015	0.4976	0.5106	1.0000	0.5567	0.4983	0.5009	0.7123	0.4680	0.4803	0.4958	0.5099
0.4900	0.5089	0.5120	0.5188	0.3218	0.5060	0.3073	0.5157	0.5015	0.4976	0.5106	0.6446	0.3183	0.4983	0.5009	0.7123	0.4680	0.4803	0.4958	0.5099
0.4900	0.5089	0.5120	0.5188	0.5032	0.5060	0.3073	0.5157	0.5015	0.4976	0.5106	0.1541	0.3183	0.4983	0.5009	0.4921	0.4940	0.4803	0.4958	0.5099
0.4900	0.5089	0.5120	0.5188	0.5032	0.5060	0.3073	0.5157	0.5015	0.4976	0.5106	0.6248	0.7081	0.4983	0.5009	0.4921	0.4940	0.4803	0.4958	0.5099
0.4900	0.5089	0.5120	0.5188	0.5001	0.5060	0.3073	0.5157	0.5015	0.4976	0.5106	0.4794	0.6960	0.4983	0.4865	0.4921	0.4940	0.4803	0.4958	0.5099
0.4900	0.5089	0.5120	0.5188	0.5001	0.5060	0.3073	0.5157	0.5015	0.4976	0.5106	0.5378	0.5300	0.4983	0.4865	0.4921	0.4940	0.4803	0.4958	0.5099
0.4900	0.5089	0.5120	0.5188	0.5001	0.5060	0.4916	0.5157	0.5015	0.4863	0.5106	0.5378	1.0000	0.4983	0.4865	0.4921	0.4940	0.4803	0.4958	0.5099
0.4900	0.5089	0.5120	0.5188	0.5001	0.5060	0.4916	0.5157	0.5015	0.4863	0.5106	0.5378	0.5480	0.4983	0.4865	0.4921	0.4940	0.4803	0.4958	0.5099
0.4900	0.5089	0.5120	0.5188	0.3221	0.5060	0.4916	0.5157	0.5015	0.4863	0.5106	0.5378	0.4707	0.4983	0.4865	0.4887	0.4940	0.4803	0.4958	0.5099
0.4900	0.7046	0.5120	0.5188	0.4745	0.5060	0.4916	0.5157	0.5015	0.4863	0.5106	0.5378	1.0000	0.4983	0.4865	0.4887	0.4940	0.4803	0.4958	0.5099
0.4900	0.7046	0.5120	0.5188	0.4745	0.5060	0.4916	0.5157	0.5015	0.5114	0.5106	0.5378	0.3057	0.4983	0.4865	0.4887	0.4940	0.4803	0.4958	0.5099
0.4900	0.7046	0.5120	0.5188	0.4745	0.5060	0.4916	0.5157	0.5015	0.5114	0.5106	0.5378	0.4693	0.4983	0.4865	0.4887	0.4940	0.4803	0.4958	0.5099
0.4900	0.7046	0.5120	0.5188	0.4861	0.5060	0.4916	0.5157	0.5015	0.5114	0.5106	0.5378	0.4693	0.4983	0.4865	0.4887	0.4940	0.4803	0.4958	0.5099
0.4900	0.7046	0.5120	0.5188	0.3131	0.5060	0.4916	0.4868	0.5015	0.5114	0.5106	0.5378	0.4693	0.4983	0.4865	0.4887	0.4940	0.4803	0.4958	0.5099
0.4900	0.7046	0.5120	0.5188	0.3131	0.5060	0.4916	0.4868	0.5015	0.5114	0.5106	0.5378	0.4693	0.4983	0.4865	0.4887	0.4940	0.4803	0.4958	0.5099
0.4900	0.7046	0.5120	0.5188	0.3131	0.5060	0.4916	0.4868	0.5015	0.5114	0.5106	0.5170	0.4693	0.4983	0.4865	0.5255	0.4745	0.4803	0.4958	0.5099
0.4900	0.7046	0.5120	0.5188	0.3131	0.5060	0.4916	0.4868	0.5015	0.4958	0.5106	0.5170	0.5095	0.4983	0.4865	0.3060	0.4745	0.4803	0.4958	0.5099
0.4900	0.7046	0.5120	0.5188	0.3131	0.5060	0.4916	0.4868	0.5015	0.4958	0.5106	0.5170	0.5095	0.4983	0.4865	0.3060	0.4745	0.4803	0.4958	0.5099
0.4900	0.7046	0.5120	0.5188	0.3131	0.5060	0.4916	0.4868	0.5015	0.4958	0.5106	0.5170	0.5095	0.4983	0.4865	0.3060	0.4745	0.4803	0.4958	0.5099
0.4900	0.7046	0.5120	0.5188	0.3131	0.5060	0.4916	0.4868	0.5015	0.4958	0.5106	0.5170	0.5095	0.4983	0.4865	0.3060	0.4745	0.4803	0.4958	0.5099
0.4900	0.7046	0.5120	0.5188	0.3131	0.5060	0.4916	0.4868	0.5015	0.4958	0.5106	0.6812	0.5095	0.4983	0.4865	0.3060	0.4745	0.4803	0.4958	0.5099
0.4900	0.5081	0.5120	0.5188	0.4743	0.5060	0.4916	0.4868	0.5015	0.4958	0.5106	0.3186	0.5095	0.4983	0.4865	0.3060	0.4745	0.4803	0.4958	0.5099
0.4900	0.5081	0.5120	0.5188	0.4743	0.5060	0.4916	0.4868	0.5015	0.4958	0.5065	0.5112	0.5095	0.4983	0.3051	0.3060	0.4745	0.4803	0.4958	0.5099
0.4900	0.5081	0.5120	0.5188	0.4726	0.5060	0.4916	0.4868	0.5015	0.4958	0.5065	0.5112	0.5095	0.4983	0.3051	0.3060	0.4745	0.4803	0.4958	0.5099
0.4900	0.5304	0.5120	0.5188	0.4726	0.5060	0.4916	0.4868	0.5015	0.4958	0.5065	0.5318	0.5095	0.4983	0.3051	0.3060	0.4745	0.4803	0.4958	0.5099
0.4900	0.4716	0.5120	0.5188	0.4726	0.5060	0.4916	0.4868	0.5015	0.4958	0.5065	0.6958	0.5095	0.4983	0.3051	0.3060	0.4745	0.4803	0.4958	0.5099
0.4900	0.5249	0.5120	0.5188	0.4726	0.5060	0.4916	0.4868	0.5015	0.4958	0.5065	0.6958	0.5095	0.4983	0.3051	0.3060	0.4745	0.4803	0.4958	0.5099
0.4900	0.4888	0.5120	0.5188	0.4726	0.5060	0.4916	0.4868	0.5015	0.4958	0.5065	0.6958	0.5095	0.4983	0.3051	0.3060	0.4745	0.4803	0.4958	0.5099
0.4900	0.4888	0.5120	0.5188	0.4726	0.5060	0.4916	0.4868	0.5015	0.4958	0.5065	0.6958	0.5095	0.4983	0.3051	0.3060	0.5060	0.4803	0.4958	0.5099
0.4900	0.4888	0.5120	0.5188	0.4726	0.5060	0.4916	0.4868	0.5015	0.4958	0.5065	0.3095	0.5095	0.4983	0.3051	0.3060	0.5060	0.4803	0.4958	0.5099
0.4900	0.4888	0.5120	0.5188	0.4726	0.5060	0.4916	0.4868	0.5015	0.4958	0.5065	0.3095	0.5095	0.4983	0.3051	0.3060	0.5060	0.4803	0.4958	0.5099
0.4900	0.4888	0.5120	0.5188	0.4726	0.5060	0.4916	0.4868	0.5015	0.4958	0.5065	0.3095	0.5095	0.4983	0.3051	0.3060	0.5060	0.4803	0.4958	0.5099
0.4900	0.4888	0.5120	0.5188	0.4726	0.5060	0.4916	0.4868	0.5015	0.4958	0.5065	0.3095	0.5095	0.4983	0.3051	0.5017	0.5060	0.4803	0.4958	0.5099
0.4900	0.4888	0.5120	0.5188	0.4726	0.5060	0.4916	0.4868	0.5015	0.4958	0.5065	0.3095	0.5095	0.4983	0.3051	0.4831	0.5060	0.4803	0.4958	0.5099
0.4900	0.4888	0.5120	0.5188	0.4726	0.5060	0.4916	0.4868	0.5015	0.4958	0.5065	0.3095	0.5095	0.4983	0.3051	0.4831	0.5060	0.4803	0.4958	0.5099
0.4900	0.4888	0.5120	0.5188	0.4726	0.5060	0.4916	0.4868	0.5015	0.4958	0.5065	0.3095	0.5095	0.4983	0.3051	0.4831	0.4925	0.4803	0.4958	0.5099
0.4900	0.4888	0.5120	0.5188	0.4726	0.5060	0.4916	0.4868	0.5015	0.4958	0.5065	0.3095	0.5095	0.4983	0.3051	0.4831	0.4925	0.4803	0.4958	0.5099
0.4900	0.4888	0.5120	0.5188	0.5259	0.5060	0.4916	0.4868	0.5015	0.4958	0.5065	0.3095	0.4924	0.4983	0.3051	0.4831	0.4925	0.4803	0.4958	0.5099
0.4900	0.4888	0.5120	0.5188	0.5259	0.5060	0.4916	0.4868	0.5015	0.4958	0.5065	0.3095	0.4924	0.4983	0.3051	0.4831	0.4925	0.4803	0.4958	0.5099
0.4900	0.4888	0.5120	0.5188	0.5259	0.5060	0.4916	0.4868	0.5015	0.4958	0.5065	0.3095	0.4924	0.4983	0.3051	0.4831	0.4925	0.4803	0.4958	0.5099
0.4900	0.4888	0.5120	0.5188	0.5259	0.5060	0.4916	0.4868	0.5015	0.4958	0.5065	0.3095	0.4924	0.4991	0.3051	0.4831	0.4925	0.4803	0.4958	0.5099
0.4900	0.4888	0.5120	0.5188	0.5259	0.5060	0.4916	0.4868	0.5015	0.4958	0.5065	0.3095	0.4924	0.4991	0.4874	0.4831	0.4925	0.4803	0.4958	0.5099
0.4900	0.4888	0.5120	0.5188	0.5259	0.5060	0.4916	0.4868	0.5015	0.4958	0.5065	0.3095	0.4924	0.4991	0.4874	0.4831	0.4925	0.4803	0.4958	0.5099
0.4900	0.4888	0.5120	0.5188	0.5259	0.5060	0.4916	0.4868	0.5015	0.4958	0.5065	0.5051	0.4924	0.4991	0.4874	0.4793	0.4925	0.4803	0.4958	0.5099
0.4900	0.4888	0.5120	0.5188	0.5259	0.5060	0.4916	0.4868	0.5015	0.4958	0.5065	0.5051	0.4924	0.4991	0.4874	0.4793	0.4925	0.4803	0.4958	0.5099
0.4900	0.4888	0.5120	0.5188	0.5259	0.5060	0.4916	0.4868	0.5015	0.4958	0.5065	0.5051	0.4924	0.4991	0.4874	0.4793	0.4925	0.4803	0.5109	0.5099
0.4900	0.4888	0.5120	0.5188	0.5259	0.5060	0.4916	0.4868	0.5015	0.4958	0.5065	0.5051	0.4924	0.4991	0.4874	0.4793	0.4925	0.4803	0.4949	0.5099
0.4900	0.4888	0.5120	0.5188	0.5259	0.5060	0.4916	0.4868	0.5015	0.4958	0.5065	0.5051	0.4924	0.4991	0.4874	0.4793	0.4925	0.4803	0.4949	0.5099
0.4770	0.4888	0.5120	0.5188	0.5259	0.5060	0.4916	0.4868	0.5015	0.4958	0.5065	0.5051	0.4924	0.4991	0.4874	0.4793	0.4925	0.4803	0.4949	0.4916
0.4770	0.4888	0.5120	0.5188	0.4868	0.5060	0.4916	0.4868	0.5015	0.4958	0.5065	0.5051	0.4924	0.4991	0.4874	0.4793	0.4925	0.4803	0.4949	0.4916
0.4770	0.4888	0.5120	0.5188	0.4868	0.5060	0.4916	0.4868	0.5015	0.4958	0.5065	0.5051	0.4924	0.4991	0.4874	0.4793	0.4925	0.4803	0.4949	0.4916
0.4770	0.4888	0.5120	0.5188	0.4868	0.5060	0.4916	0.4868	0.5015	0.4958	0.5065	0.5051	0.4924	0.4991	0.4766	0.4793	0.4925	0.4803	0.4949	0.4916
0.4770	0.4888	0.4918	0.5188	0.4868	0.5060	0.4916	0.4868	0.5015	0.4958	0.5065	0.5051	0.4924	0.4991	0.4766	0.4793	0.4925	0.4803	0.4949	0.4931
0.4770	0.4888	0.4918	0.5201	0.4868	0.5060	0.4916	0.4868	0.5015	0.4958	0.5065	0.5051	0.4924	0.4991	0.4766	0.4793	0.4925	0.4803	0.4949	0.4931
0.4770	0.4888	0.4918	0.5201	0.4868	0.5060	0.4916	0.4868	0.5015	0.4958	0.5065	0.5051	0.4924	0.4991	0.4766	0.4793	0.4925	0.4803	0.4949	0.4931
0.4770	0.4888	0.4918	0.5201	0.4868	0.5060	0.4916	0.4868	0.5015	0.4958	0.5065	0.5051	0.4924	0.4991	0.4766	0.4793	0.4925	0.4803	0.4949	0.4931
0.4770	0.4888	0.4918	0.5201	0.4868	0.5060	0.4916	0.4868	0.5015	0.4958	0.5065	0.5051	0.4924	0.4991	0.4766	0.4793	0.4925	0.4803	0.4949	0.4931
0.4770	0.4888	0.4918	0.5201	0.4868	0.5060	0.4916	0.4868	0.5015	0.4958	0.5065	0.5051	0.4924	0.4991	0.4766	0.4793	0.4925	0.4803	0.4949	0.4931
0.4770	0.4888	0.4918	0.5201	0.4868	0.5060	0.4916	0.4868	0.5015	0.4958	0.5065	0.5051	0.4924	0.4991	0.4766	0.5061	0.4925	0.4803	0.4949	0.4931
0.4770	0.4888	0.4909	0.5201	0.4868	0.5060	0.4916	0.4868	0.5015	0.4958	0.5065	0.5051	0.4924	0.4991	0.4766	0.5061	0.4925	0.4803	0.4949	0.4931
0.4770	0.4888	0.4909	0.5201	0.4868	0.5060	0.4916	0.4868	0.5015	0.4958	0.5065	0.5051	0.4924	0.4991	0.4766	0.5061	0.4925	0.4803	0.4949	0.4931
0.4770	0.4888	0.4909	0.5201	0.4868	0.5060	0.4916	0.4868	0.5015	0.4958	0.5065	0.5051	0.4924	0.4991	0.4766	0.5061	0.4925	0.4969	0.4949	0.4931
0.4770	0.4888	0.4909	0.5201	0.4868	0.5060	0.4916	0.4868	0.5015	0.4958	0.5065	0.5051	0.4924	0.4991	0.4766	0.5061	0.4925	0.4969	0.4949	0.4931
0.4946	0.4888	0.4909	0.5201	0.4868	0.5060	0.4916	0.4868	0.5015	0.4958	0.5065	0.5051	0.4924	0.4991	0.4766	0.5061	0.4925	0.4969	0.4949	0.4931
0.4946	0.4888	0.4909	0.5201	0.4958	0.5060	0.4916	0.4868	0.5015	0.4958	0.5065	0.5051	0.4924	0.4991	0.4766	0.5061	0.4925	0.4804	0.4949	0.4931
0.4946	0.4888	0.4909	0.5201	0.4958	0.5060	0.4916	0.4868	0.5015	0.4958	0.5065	0.5051	0.4924	0.4991	0.4766	0.5061	0.4925	0.4804	0.4949	0.4931
0.4946	0.4888	0.4909	0.5201	0.4958	0.5060	0.4916	0.4868	0.5015	0.4958	0.5065	0.5051	0.4924	0.4991	0.4766	0.5061	0.4925	0.4804	0.4949	0.4931
0.4946	0.4888	0.4909	0.5201	0.4958	0.5060	0.4916	0.4868	0.5015	0.4958	0.5065	0.5051	0.4924	0.4991	0.4766	0.5061	0.4925	0.4804	0.4949	0.4931
0.4946	0.4993	0.4909	0.5201	0.4958	0.5060	0.4916	0.4868	0.5015	0.4958	0.5065	0.5051	0.4924	0.4991	0.4766	0.5061	0.4925	0.4804	0.4949	0.4931
0.4946	0.4993	0.4909	0.5201	0.4958	0.5060	0.4916	0.4868	0.5015	0.4958	0.5065	0.5051	0.4924	0.4991	0.4766	0.5061	0.4925	0.4804	0.4949	0.4931
