0.9671	0.1613	0.5518	0.8881	0.4381	0.7235	0.7352	0.3032	0.6685	0.2170	0.7379	0.2173	0.0285	0.8301	0.4199	0.2018	0.7545	0.3652	0.0696	0.9908
0.6015	0.2900	0.0000	0.4772	0.1001	0.2993	1.0000	0.8160	0.5801	0.0404	0.0000	0.7136	0.5544	0.5672	0.2018	1.0000	0.0000	0.5735	0.2424	0.4579
0.2598	0.7672	0.4597	0.6185	0.3600	0.8744	0.5341	0.0000	0.2514	0.5565	0.4675	0.3824	0.3270	0.2012	0.4101	0.0000	0.4050	0.9590	0.7387	1.0000
0.6147	1.0000	1.0000	0.1860	0.4677	0.4812	0.4625	0.9715	0.4984	0.5565	0.2098	0.0000	0.5178	0.9934	0.5404	0.2319	1.0000	0.4768	0.7926	0.6609
1.0000	0.0000	0.5176	0.5516	1.0000	0.4812	0.5121	0.5638	0.7775	0.5565	0.3585	0.5452	0.0000	0.5621	0.5404	0.5376	0.7794	0.5406	0.7923	0.6401
0.4431	0.4738	1.0000	0.0000	0.0000	0.1016	0.7730	0.4165	0.3021	0.5981	0.5419	0.5552	0.6622	0.0000	0.5404	0.4997	1.0000	0.5406	0.1579	0.4806
0.4431	0.0000	0.9100	0.0000	0.4848	0.5097	1.0000	0.8098	0.4025	0.3310	0.7254	0.5552	0.0312	1.0000	0.5404	1.0000	0.5683	0.1670	1.0000	0.7329
0.5596	0.5400	0.0000	0.5966	0.5041	0.5097	1.0000	0.7583	0.4851	0.8382	0.3293	0.3791	0.1754	1.0000	0.5404	1.0000	0.4510	0.2223	0.4054	1.0000
0.5596	0.4913	0.0000	0.6739	0.5563	0.5097	0.5176	0.0000	0.4851	0.1603	0.2606	0.4818	0.5495	0.0000	0.4600	0.4898	0.0000	0.0035	0.4715	0.5335
0.4858	0.5153	0.0000	0.4602	0.4788	0.6608	1.0000	0.3718	0.5174	0.3974	0.5082	0.4420	0.2737	0.0000	0.4600	0.2592	0.4030	0.4816	0.4715	1.0000
0.4468	0.0130	0.3337	0.4855	0.4788	0.4567	0.4424	0.4498	0.5174	0.4328	0.5082	0.4420	1.0000	1.0000	0.4841	0.0000	0.7535	0.8400	0.4715	0.8156
0.4635	0.7799	0.1831	0.4855	0.4863	0.8251	0.4424	0.5289	0.5174	0.4328	0.5082	0.1992	0.4871	0.4759	0.4946	0.5829	0.1700	0.5581	0.4715	0.0000
0.4635	0.4447	0.1831	0.5231	0.7309	0.5396	0.4424	0.4687	0.6112	0.4328	0.5082	0.8635	0.4871	0.4759	0.4946	0.9828	0.2865	0.5125	0.4715	0.1548
0.4635	0.0000	0.5851	0.5231	0.5288	1.0000	0.8175	0.4687	0.8185	0.4328	0.5082	0.8294	0.4871	0.4759	0.4946	0.4854	1.0000	0.5646	0.4715	0.9196
0.4635	0.4265	0.7995	0.5231	0.5288	0.7921	0.4706	0.4687	1.0000	0.4419	0.5082	0.4633	0.4871	0.5213	0.4946	0.0000	0.4728	0.1089	0.4715	0.5027
0.4635	0.4638	0.7995	0.5231	0.5288	0.2830	0.8069	0.5744	1.0000	0.4419	0.5082	0.5743	0.4915	0.5213	0.4946	0.5380	0.5131	0.6505	0.4927	0.5167
0.4635	0.4638	0.4457	0.5231	0.5288	0.5627	0.8145	1.0000	0.1413	0.5253	0.5082	0.5074	0.4476	0.5213	0.4946	0.5641	0.6469	0.7015	0.4889	0.8048
0.4635	0.0427	0.7858	0.5231	0.5288	0.0000	1.0000	0.0000	0.4638	0.5253	0.5082	0.5074	0.5271	0.5213	0.4946	0.5641	0.4597	0.0731	0.4889	0.4514
0.4635	0.5190	0.5374	0.5231	0.5303	0.0000	0.0000	0.4348	0.5038	0.5253	0.5082	0.5074	0.5271	0.5213	0.4946	0.5641	0.4670	0.4409	0.4774	0.4233
0.4914	0.5190	0.8207	0.5211	0.5303	0.0000	0.4178	0.4348	0.5429	0.5253	0.5082	0.5074	0.2880	0.4698	0.4601	0.8935	0.5578	0.4409	0.4774	0.1372
0.4914	0.4277	0.4898	0.5211	0.5303	0.4210	0.5064	0.1060	0.5429	0.5253	0.5286	0.5074	0.6373	0.4698	0.5360	0.9409	0.5578	0.4409	0.4774	0.5601
0.4914	0.4612	0.4898	0.5211	0.4996	0.2069	0.5064	0.3805	0.4722	0.5253	0.5286	0.5074	0.4988	0.4698	0.5360	0.4925	0.5578	0.4409	0.4774	0.0000
0.4914	0.4612	0.4898	0.5211	0.4495	0.5296	0.5064	1.0000	0.5390	0.5030	0.5286	0.5074	0.4988	0.4698	0.5360	0.1869	0.4718	0.5163	0.4774	0.1978
0.4914	0.5316	0.4898	0.5211	0.4495	0.9248	0.5064	0.4851	0.5390	0.8741	0.5286	0.5074	0.4988	0.4698	0.5360	0.7224	0.5119	0.5163	0.4774	0.4916
0.4914	0.5316	0.4898	0.5211	0.4495	0.5011	0.5064	0.4851	0.5456	0.5078	0.5286	0.5074	0.4988	0.4698	0.5360	0.1489	0.5119	0.5163	0.4774	0.4916
0.4914	0.5316	0.4898	0.5211	0.4495	0.5011	0.2284	0.4851	0.5456	0.6941	0.5286	0.5074	0.4988	0.4698	0.5360	0.5189	0.5119	0.5163	0.4774	0.4916
0.4914	0.5316	0.5158	0.5211	0.4495	0.5011	0.4247	0.4958	0.5456	1.0000	0.5286	0.4767	0.4988	0.4698	0.5360	0.0000	0.5119	0.5163	0.4774	0.4916
0.4914	0.4971	0.5158	0.5211	0.4495	0.5011	0.4637	0.4958	0.5014	0.4911	0.5286	0.4767	0.4988	0.4698	0.5360	0.1121	0.5119	0.5163	0.4774	0.4916
0.4914	0.4971	0.5158	0.5211	0.4495	0.5011	0.4637	0.4958	0.4781	0.4911	0.5286	0.4767	0.4988	0.4698	0.4584	0.5262	0.5119	0.5163	0.4774	0.4916
0.4914	0.4971	0.5158	0.5211	0.4495	0.5011	0.4637	0.4958	0.4328	0.4911	0.5286	1.0000	0.4988	0.4698	0.4584	0.5737	0.5119	0.5163	0.4774	0.4916
0.4914	0.5625	0.5158	0.4699	0.4636	0.5011	0.4637	0.4958	1.0000	0.4911	0.5286	0.5929	0.4988	0.4698	0.4584	0.4559	0.5119	0.5163	0.4774	0.4916
0.4914	0.5625	0.5158	0.4699	0.4636	0.5011	0.4637	0.4958	0.8322	0.4911	0.5286	0.4503	0.4988	0.4698	0.4584	0.5457	0.5119	0.5163	0.4774	0.4916
0.4914	0.5625	0.5158	0.4699	0.4636	0.5011	0.4637	0.4958	0.5080	0.4911	0.5286	0.1672	0.4988	0.4698	0.4584	0.4610	0.5119	0.5163	0.4774	0.4916
0.4914	0.5625	0.5158	0.4806	0.5357	0.5011	0.4637	0.4958	0.5080	0.4911	0.5286	0.4983	0.4988	0.4698	0.4584	0.4610	0.5025	0.5163	0.4774	0.4875
0.4939	0.4664	0.5158	0.4806	0.4496	0.5011	0.4637	0.5141	0.5080	0.4911	0.5286	0.4413	0.4988	0.4698	0.5105	0.4610	0.5025	0.5163	0.4774	0.4875
0.4939	0.4664	0.5158	0.4806	0.4496	0.5011	0.4637	0.5141	0.5198	0.4911	0.5286	0.4413	0.4988	0.4698	0.5105	0.4610	0.5025	0.4645	0.4774	0.4875
0.4939	0.4664	0.5158	0.4806	0.4496	0.5011	0.4637	0.5141	0.5198	0.4911	0.5286	0.5303	0.4988	0.4683	0.5105	0.4610	0.5025	0.4645	0.4774	0.4875
0.4939	0.5535	0.5158	0.4806	0.4496	0.5011	0.4637	0.5141	0.5198	0.4650	0.5286	0.5303	0.4988	0.4683	0.5105	0.4610	0.5025	0.4645	0.5203	0.4875
0.4939	0.5092	0.5158	0.4806	0.4496	0.5011	0.4637	0.5141	0.5198	0.4650	0.5043	0.5303	0.4988	0.4683	0.5105	0.4610	0.5025	0.4645	0.5203	0.4875
0.4939	0.5092	0.5158	0.4806	0.5819	0.5011	0.4637	0.5134	0.5198	0.4650	0.5043	0.5303	0.4988	0.4683	0.5105	0.4610	0.5025	0.4645	0.5203	0.4771
0.4939	0.5092	0.5158	0.4806	0.4617	0.5011	0.4637	0.5134	0.5198	0.4650	0.5043	0.5303	0.4988	0.4683	0.5105	0.4543	0.5025	0.4645	0.5203	0.4771
0.4939	0.5092	0.5158	0.4806	0.4617	0.5011	0.4637	0.5134	0.5198	0.4650	0.5043	0.5303	0.4988	0.4683	0.4855	0.4543	0.5027	0.5293	0.5203	0.4771
0.4939	0.5092	0.5158	0.4806	0.4617	0.5011	0.5222	0.5134	0.5198	0.4650	0.5043	0.5284	0.4988	0.4683	0.4855	0.4543	0.5027	0.5293	0.5203	0.4771
0.4939	0.5092	0.5158	0.4806	0.4617	0.5011	0.5222	0.5134	0.5198	0.4650	0.5043	0.5284	0.4988	0.4683	0.4855	0.4543	0.5027	0.5293	0.5203	0.4771
0.4939	0.5092	0.4983	0.4806	0.4617	0.5011	0.5222	0.5134	0.5198	0.4650	0.5043	0.5284	0.4988	0.4683	0.4855	0.4769	0.5027	0.5293	0.5203	0.4771
0.4939	0.5009	0.4983	0.4806	0.4617	0.5011	0.5222	0.5134	0.5198	0.5441	0.5043	0.4923	0.4988	0.4683	0.4859	0.4769	0.5027	0.5293	0.5203	0.4771
0.4939	0.5009	0.4983	0.4806	0.4617	0.5011	0.5222	0.5134	0.5198	0.4722	0.5043	0.4923	0.4988	0.4683	0.4859	0.4609	0.5027	0.4808	0.5203	0.4771
0.4939	0.5009	0.4983	0.4806	0.4617	0.5011	0.5222	0.5134	0.5198	0.4722	0.5043	0.4923	0.4988	0.4683	0.4859	0.4609	0.5027	0.4808	0.5170	0.4771
0.4939	0.5009	0.4983	0.4806	0.4617	0.5011	0.5222	0.5134	0.5198	0.4722	0.5043	0.4923	0.4988	0.4683	0.4859	0.4609	0.5027	0.4808	0.5170	0.4771
0.4939	0.5009	0.4983	0.4806	0.4617	0.5011	0.5222	0.5134	0.5198	0.5453	0.5043	0.5037	0.4988	0.4683	0.4859	0.4609	0.5028	0.4808	0.5170	0.4771
0.4939	0.5009	0.4983	0.4806	0.4620	0.5011	0.5222	0.5134	0.4685	0.5453	0.5043	0.5037	0.4988	0.4683	0.4859	0.4609	0.5028	0.4808	0.5170	0.4771
0.4939	0.5009	0.4983	0.4806	0.4620	0.5011	0.5222	0.5134	0.4685	0.5453	0.5043	0.5037	0.4988	0.4683	0.4859	0.4609	0.5028	0.4808	0.5170	0.4771
0.4939	0.5009	0.4983	0.4806	0.4620	0.5011	0.5222	0.5134	0.4685	0.5453	0.5043	0.5037	0.4882	0.4683	0.4981	0.4609	0.5028	0.4808	0.5170	0.4771
0.4939	0.5009	0.4983	0.4806	0.4620	0.5011	0.5222	0.5134	0.4685	0.5453	0.5043	0.5037	0.4882	0.4683	0.4981	0.4609	0.5028	0.4808	0.5170	0.4771
0.5006	0.5009	0.4941	0.4806	0.4620	0.5011	0.5222	0.5134	0.4685	0.5453	0.5043	0.5037	0.4882	0.4683	0.4981	0.4609	0.5028	0.4808	0.5170	0.4771
0.5006	0.5009	0.4941	0.4806	0.4620	0.5011	0.5222	0.5134	0.4985	0.4778	0.5043	0.5037	0.4882	0.4683	0.4981	0.4609	0.5028	0.4808	0.5170	0.4771
0.5006	0.5009	0.4941	0.4806	0.4620	0.5011	0.5222	0.5134	0.4985	0.4778	0.5043	0.5037	0.4882	0.4683	0.4981	0.4609	0.5028	0.4808	0.5170	0.4771
0.5006	0.5009	0.4941	0.5140	0.4620	0.5011	0.5222	0.5134	0.4985	0.4778	0.5043	0.5037	0.4882	0.4683	0.4981	0.4609	0.5028	0.4808	0.5170	0.4771
0.5006	0.5009	0.4941	0.5140	0.4620	0.5011	0.5222	0.5134	0.4985	0.4778	0.5043	0.5037	0.4882	0.4683	0.4981	0.4609	0.5028	0.4808	0.5170	0.4771
0.5006	0.5009	0.4941	0.5140	0.4620	0.5011	0.5222	0.4821	0.4985	0.4778	0.5043	0.5037	0.4882	0.4683	0.4981	0.4609	0.5028	0.4808	0.5170	0.4771
0.5006	0.5009	0.4941	0.5140	0.4620	0.5011	0.5222	0.4821	0.4985	0.4778	0.5043	0.5037	0.4882	0.4683	0.4981	0.4742	0.5028	0.4808	0.5170	0.4771
0.5006	0.5009	0.4941	0.5140	0.4620	0.5011	0.5222	0.5088	0.4985	0.4778	0.5043	0.4690	0.4882	0.4683	0.4981	0.4742	0.5028	0.4808	0.5170	0.4913
0.5006	0.5009	0.4941	0.5140	0.4620	0.5011	0.5222	0.5106	0.4985	0.4778	0.5043	0.4821	0.5143	0.4683	0.4981	0.4742	0.5028	0.4808	0.5170	0.4913
0.5006	0.5009	0.4941	0.5140	0.4620	0.5011	0.5222	0.5106	0.4985	0.4778	0.5043	0.4821	0.5143	0.4683	0.4981	0.4742	0.5028	0.4808	0.5170	0.4913
0.5006	0.5009	0.4941	0.5140	0.4620	0.5011	0.5222	0.5106	0.4985	0.4778	0.5094	0.4821	0.5143	0.4683	0.4981	0.4742	0.5028	0.4897	0.5170	0.5115
0.5006	0.5009	0.4941	0.5140	0.4620	0.5011	0.5222	0.5106	0.5337	0.4778	0.5094	0.4821	0.5143	0.4683	0.4981	0.4742	0.5028	0.4897	0.5170	0.5115
0.5006	0.5009	0.5066	0.5140	0.4620	0.5011	0.5222	0.5106	0.5337	0.4778	0.5094	0.4821	0.5143	0.4683	0.4981	0.4742	0.5028	0.4897	0.5170	0.5115
0.5006	0.5009	0.5066	0.5140	0.4669	0.5011	0.5222	0.5106	0.5337	0.4778	0.5094	0.4821	0.5143	0.4683	0.4981	0.4742	0.5028	0.4897	0.5170	0.5115
0.5006	0.5009	0.5066	0.5140	0.4669	0.5011	0.5222	0.5106	0.5337	0.4778	0.5094	0.4821	0.5024	0.4683	0.4981	0.4742	0.5028	0.4897	0.5170	0.5115
0.5006	0.5009	0.5066	0.5140	0.4669	0.5011	0.5222	0.5106	0.5337	0.4778	0.5094	0.4821	0.5024	0.4683	0.4981	0.4742	0.5028	0.4897	0.5170	0.5115
0.5006	0.5009	0.5066	0.5140	0.4669	0.5011	0.5222	0.5106	0.5337	0.4778	0.5094	0.4821	0.5024	0.4683	0.4981	0.4742	0.5028	0.4897	0.5170	0.5115
0.5006	0.5009	0.5066	0.5140	0.4669	0.5011	0.5222	0.5106	0.5337	0.4778	0.5094	0.4821	0.5024	0.4683	0.4981	0.4742	0.5028	0.4897	0.5019	0.5115
0.5006	0.5009	0.5066	0.5140	0.4669	0.5011	0.5222	0.5106	0.5337	0.4778	0.5094	0.4821	0.5024	0.4683	0.4981	0.4742	0.5028	0.4897	0.5019	0.5115
0.5006	0.5009	0.5066	0.5140	0.4669	0.5011	0.5222	0.5106	0.5337	0.4778	0.5094	0.4893	0.5024	0.4683	0.4981	0.4742	0.5028	0.4897	0.5019	0.5115
0.5006	0.5009	0.5066	0.5140	0.4669	0.5011	0.5222	0.5106	0.5337	0.4778	0.5094	0.4893	0.4689	0.4683	0.4981	0.4742	0.5028	0.4897	0.5019	0.5115
0.5006	0.5009	0.5066	0.5140	0.4669	0.5011	0.5222	0.5106	0.5337	0.4778	0.5094	0.4893	0.4689	0.4683	0.4981	0.4742	0.5028	0.4897	0.5109	0.5115
0.5006	0.5009	0.5127	0.5039	0.4797	0.5011	0.5222	0.5106	0.5337	0.4778	0.5094	0.5258	0.4689	0.5179	0.4981	0.4742	0.5028	0.4897	0.5109	0.5115
0.5006	0.5009	0.5127	0.5039	0.4797	0.5011	0.5222	0.5106	0.5337	0.4778	0.5094	0.5258	0.4689	0.5179	0.4981	0.4742	0.5028	0.4897	0.5096	0.5115
0.5006	0.5009	0.5127	0.5039	0.4797	0.5011	0.5222	0.5106	0.5337	0.4778	0.5094	0.5258	0.4689	0.5179	0.4981	0.4766	0.5028	0.4897	0.5096	0.5115
0.5006	0.5009	0.5127	0.5039	0.4797	0.5011	0.5222	0.5106	0.5337	0.4778	0.5094	0.5258	0.4689	0.5179	0.4981	0.4766	0.5028	0.4897	0.5096	0.5115
0.5006	0.5009	0.5127	0.5039	0.4797	0.4880	0.5222	0.5106	0.5337	0.4859	0.5094	0.5258	0.4689	0.5179	0.4981	0.4766	0.5028	0.4897	0.5096	0.5115
0.5006	0.5009	0.5127	0.5039	0.4797	0.4880	0.5025	0.5106	0.5337	0.4859	0.5094	0.5258	0.4689	0.5179	0.4981	0.4766	0.5028	0.4897	0.5096	0.5115
0.5006	0.5009	0.5127	0.5039	0.4797	0.4880	0.5025	0.5106	0.4944	0.4859	0.5094	0.5258	0.4689	0.5179	0.4981	0.4766	0.5028	0.4897	0.5096	0.5115
0.5006	0.5009	0.5127	0.5039	0.4797	0.4880	0.5025	0.5106	0.4944	0.4859	0.5094	0.5258	0.4689	0.5179	0.4981	0.4766	0.5028	0.4897	0.5096	0.5115
0.5006	0.5009	0.5127	0.5039	0.4797	0.4880	0.5025	0.5106	0.4944	0.4859	0.5094	0.5258	0.4689	0.5179	0.4981	0.4986	0.5028	0.4897	0.5096	0.5115
0.5006	0.5009	0.5127	0.5039	0.4797	0.4880	0.5025	0.5106	0.4944	0.4859	0.5094	0.5258	0.4689	0.5179	0.4981	0.4770	0.5028	0.4897	0.5096	0.5115
0.5006	0.5009	0.5127	0.5039	0.4797	0.4880	0.5025	0.5106	0.4944	0.4859	0.5094	0.5258	0.4689	0.5179	0.4981	0.4770	0.5028	0.4897	0.5096	0.5115
0.5006	0.5009	0.5127	0.5039	0.4797	0.4945	0.5025	0.5106	0.4944	0.4859	0.5094	0.5258	0.4689	0.5179	0.4981	0.4770	0.5028	0.5211	0.5089	0.5115
0.5006	0.5009	0.5127	0.5039	0.4797	0.4945	0.5025	0.4906	0.4944	0.4859	0.5094	0.5258	0.4689	0.5179	0.4981	0.4770	0.5028	0.5211	0.5089	0.5115
0.5006	0.5009	0.5127	0.5039	0.4797	0.4945	0.5025	0.4906	0.4944	0.4859	0.5094	0.5258	0.4689	0.5179	0.4981	0.4770	0.5028	0.5211	0.5089	0.5115
0.5006	0.5009	0.5127	0.5039	0.4797	0.4945	0.5025	0.4906	0.4944	0.4859	0.5094	0.5258	0.4689	0.5179	0.4981	0.4770	0.5028	0.5211	0.5089	0.5115
0.5006	0.5009	0.5127	0.5039	0.4797	0.4945	0.5025	0.4906	0.4944	0.4859	0.5094	0.5258	0.5020	0.5179	0.4981	0.4770	0.5028	0.5211	0.5089	0.5115
0.5006	0.5009	0.5127	0.5039	0.4797	0.4945	0.5025	0.4906	0.4944	0.4859	0.5094	0.5258	0.5020	0.5179	0.4981	0.4770	0.5028	0.5211	0.5089	0.5115
0.5006	0.5009	0.5127	0.5039	0.4797	0.4945	0.5025	0.4906	0.4944	0.4859	0.5094	0.5258	0.5020	0.5179	0.4981	0.4770	0.5028	0.5211	0.5089	0.5115
0.5006	0.5009	0.5127	0.5039	0.4797	0.4945	0.5025	0.4906	0.4944	0.4859	0.5094	0.5258	0.5020	0.5179	0.4981	0.4770	0.5028	0.5211	0.5089	0.5115
0.5006	0.5009	0.5127	0.5039	0.4797	0.4945	0.5025	0.4906	0.4944	0.4859	0.5094	0.5258	0.5020	0.5179	0.4981	0.4770	0.5028	0.5211	0.5089	0.5115
0.5006	0.5009	0.5127	0.5039	0.4797	0.4945	0.5025	0.4906	0.4871	0.4859	0.5094	0.5258	0.5020	0.5179	0.4981	0.4770	0.5028	0.5211	0.5089	0.5115
0.5006	0.5009	0.5127	0.5039	0.4797	0.4945	0.5025	0.5015	0.4871	0.4859	0.5094	0.5202	0.5020	0.5179	0.4981	0.4770	0.5028	0.5211	0.5089	0.5111
0.5006	0.5009	0.5127	0.5039	0.4797	0.4945	0.5025	0.5015	0.4871	0.4859	0.5094	0.5202	0.5020	0.5179	0.4981	0.4770	0.5028	0.5211	0.5089	0.5111
0.5006	0.5009	0.5127	0.5039	0.4797	0.4945	0.5025	0.5015	0.4871	0.4859	0.5094	0.5202	0.5020	0.5179	0.4981	0.4770	0.5028	0.5211	0.5089	0.5111
0.5006	0.5009	0.5127	0.5039	0.4797	0.4945	0.5025	0.5015	0.4871	0.4859	0.5094	0.5202	0.5020	0.5179	0.4981	0.4770	0.5028	0.5211	0.5089	0.5111
