0.8646	0.1552	0.2090	0.6240	0.7348	0.8618	0.4516	0.0147	0.2856	0.1415	0.6722	0.9127	0.9309	0.2579	0.8708	0.8999	0.1513	0.2952	0.2321	0.6220
0.3549	1.0000	0.3534	0.2669	0.0839	0.5288	0.2378	1.0000	0.4864	0.5045	1.0000	0.5168	0.6513	0.1037	0.0491	0.0560	0.9563	0.3669	0.0000	0.7020
0.3413	0.7904	0.7242	0.5272	0.5556	0.2357	0.4502	0.6720	0.2690	0.0000	0.6969	0.6942	0.4581	0.1026	0.7016	0.5102	0.3124	0.1708	0.0000	0.5176
0.7260	0.2983	0.7242	0.3976	0.4317	0.6638	1.0000	0.8775	0.2929	0.0193	0.2580	0.7461	0.6974	0.3357	0.7016	0.5102	0.1597	0.6211	0.5745	0.4646
0.0280	0.1879	0.7218	0.4825	0.0000	0.5067	1.0000	0.4671	0.2269	0.8804	0.2922	0.0000	0.0000	0.1214	0.6847	0.5102	0.4419	0.4894	0.0494	0.6699
0.2137	0.5155	0.7053	0.3713	0.8272	0.2922	0.0754	0.3059	0.0000	0.4826	0.5083	0.4978	0.3055	0.0000	0.5313	0.5102	0.3175	0.4894	0.2708	0.3123
0.4712	0.5155	0.7053	0.3089	0.3547	0.3076	0.2942	0.4631	0.3045	1.0000	0.4876	0.4978	1.0000	0.2552	0.0000	0.5102	0.5517	0.4894	0.4901	0.5581
0.4712	0.7332	0.6881	0.5189	0.6514	0.2930	0.6813	0.2549	0.3045	0.6171	0.4876	0.4978	0.6516	0.2842	0.6605	0.5102	0.4922	0.4894	0.4901	0.4407
0.4947	0.5264	0.6881	0.6711	0.4873	0.1286	0.6813	0.4866	1.0000	0.4730	0.4876	0.4978	0.2387	0.5209	0.5905	0.5102	0.4894	0.4894	0.4901	0.7517
0.4963	0.5264	0.6806	0.7395	0.4873	0.3182	0.5429	0.4866	0.7816	0.0000	0.4876	0.4978	0.6787	0.6652	1.0000	0.5102	0.4894	0.4894	0.5124	0.6392
0.9268	0.8837	0.6806	1.0000	0.4873	0.2729	0.6312	0.6825	0.5392	0.2821	1.0000	0.4978	0.4636	0.5682	0.6735	0.5102	0.2754	0.4894	0.5333	0.4733
0.0000	0.5118	0.6806	0.1212	0.4873	0.3082	0.0000	0.3742	0.5392	0.7380	0.7397	0.4978	0.4636	0.5654	0.6735	0.5102	0.6354	0.3379	0.0578	0.0000
0.5113	0.5118	0.7490	0.4573	0.4873	0.4738	0.2838	0.9329	0.9236	0.0000	0.5107	0.4978	0.7039	0.8129	0.6965	0.5102	0.0000	0.2942	0.5404	1.0000
0.5051	0.4791	0.4720	0.0914	0.4873	0.8551	0.1445	0.6910	0.9142	0.5339	0.5107	0.4887	0.4833	0.3743	0.5359	0.5102	0.8213	0.5180	0.3212	1.0000
0.6866	0.5470	0.4949	0.0000	0.4873	0.6945	0.8979	0.0000	0.2825	0.6886	0.5107	0.4887	0.4833	0.4739	0.3278	0.5102	0.5327	0.1169	0.4626	0.8324
0.5130	0.6816	0.4949	0.5041	0.4873	0.6725	0.4684	0.5147	0.3374	0.6597	0.5107	0.2809	0.4833	0.5013	0.4766	0.5102	0.5327	0.4865	0.2798	0.8886
0.3014	0.3464	0.4949	0.6988	0.4873	0.0000	0.4684	0.5102	0.3371	0.4624	0.5107	0.2797	0.4833	0.3322	0.5231	0.5102	0.4751	0.6859	0.2798	0.0000
0.4955	0.6954	0.4949	1.0000	0.4873	0.0000	0.5079	0.5102	0.3371	0.4624	0.5107	0.6971	0.5347	0.3322	0.5231	0.5102	0.7661	0.0000	0.2798	0.5465
0.5165	0.6693	0.4949	0.9485	0.4873	0.7025	0.6220	0.5102	0.7401	0.4624	0.4941	0.6971	0.5347	0.3322	0.5231	0.5102	0.9251	0.0000	0.2798	0.3202
0.5165	1.0000	0.4759	0.4617	0.4873	0.3238	0.4684	0.5014	0.4717	0.5081	0.4941	0.6971	0.5013	0.3322	0.5231	0.5102	0.8914	0.2683	0.6253	0.3202
0.5084	0.4442	0.6458	0.2966	0.4873	0.7145	0.4939	1.0000	0.4975	0.5081	0.4941	0.6971	0.5013	0.6624	0.5231	0.5102	0.9792	0.3032	0.4802	0.3202
0.6870	0.0000	0.5367	1.0000	0.4873	0.7145	0.4939	0.3263	0.4975	0.5081	0.4941	0.5227	0.5160	0.6624	0.5231	0.5102	0.5323	0.3032	0.6494	0.3202
0.5323	0.0000	0.3204	0.5274	0.4873	0.7145	0.4939	0.2821	0.4975	0.5081	0.4941	0.4927	0.5160	0.6624	0.5231	0.5102	0.5236	0.3032	0.2458	0.3155
0.5323	0.8394	0.4948	0.5274	0.4873	0.7145	0.4939	0.2821	0.5118	0.5414	0.4941	0.4927	0.5101	0.6624	0.5231	0.5099	0.5236	0.3032	0.5173	0.6670
0.5323	0.7138	0.7183	0.4884	0.4873	0.7145	0.4939	0.5223	0.5118	0.3190	0.4941	0.4927	0.5101	0.6624	0.5231	0.5099	0.5236	0.5001	0.4512	0.6670
0.7259	0.3182	0.7183	0.4687	0.4873	0.7145	0.4939	0.5223	0.5118	0.5155	0.4941	0.4927	0.1944	0.6624	0.5231	0.5099	0.5236	0.5001	0.6705	0.6688
0.7055	0.3027	0.7183	0.4687	0.4873	0.4911	0.4939	0.5223	0.5118	0.5155	0.4941	0.4927	0.5292	0.6624	0.5231	0.5099	0.5236	0.5001	0.6705	0.6721
0.7055	0.6453	0.5132	0.4687	0.4873	0.4911	0.4939	0.5074	0.5118	0.5155	0.4941	0.4927	0.5292	0.3108	0.5231	0.5099	0.5236	0.5001	0.7143	0.6721
0.7055	0.2745	0.5132	0.4687	0.4873	0.4911	0.4939	0.5074	0.5118	0.5155	0.4845	0.4927	0.7171	0.3173	0.5231	0.5099	0.4718	0.5001	0.6632	0.6881
0.7055	0.7224	0.4969	0.4687	0.4873	0.4911	0.4939	0.5074	0.5118	0.5155	0.4845	0.4737	0.6934	0.3173	0.5231	0.5099	0.4718	0.5001	0.4180	0.4809
0.7055	0.6824	0.4969	0.4687	0.4873	0.4911	0.4939	0.5074	0.5118	0.5155	0.4845	0.4737	0.6952	0.5112	0.4807	0.5099	0.4718	0.5001	0.2615	0.2875
0.7055	0.4802	0.4969	0.4687	0.4873	0.4911	0.4939	0.5074	0.5118	0.4802	0.4845	0.4737	0.6952	0.5112	0.4807	0.5099	0.4703	0.5001	0.2615	0.4961
0.2540	0.4802	0.4661	0.3175	0.4873	0.4911	0.3050	0.5074	0.5118	0.4802	0.4845	0.4737	0.4701	0.5112	0.4807	0.5099	0.4703	0.5001	0.5430	0.4961
0.6922	0.4802	0.4712	0.7120	0.4873	0.4911	0.3063	0.5074	0.5118	0.2579	0.4845	0.4737	0.4701	0.5112	0.4807	0.5099	0.7136	0.5001	0.5449	0.3006
0.6922	0.4802	0.4712	0.7120	0.4977	0.5298	0.2198	0.5074	0.5118	0.3104	0.4845	0.4737	0.4701	0.5112	0.4807	0.5099	0.4750	0.4807	0.7408	0.2876
0.6922	0.4802	0.4712	0.5151	0.4977	0.5298	0.5234	0.5074	0.5118	0.4947	0.4798	0.4737	0.4853	0.5112	0.4807	0.5099	0.4750	0.4807	0.6922	0.2876
0.6922	0.5202	0.4712	0.5151	0.4977	0.5298	0.6701	0.5074	0.5118	0.5082	0.5179	0.4737	0.4853	0.5112	0.4807	0.5099	0.4750	0.4807	0.6922	0.2876
0.6922	0.5202	0.4712	0.5151	0.4977	0.5298	0.4808	0.5074	0.5118	0.4838	0.4713	0.4737	0.4853	0.5112	0.4807	0.5099	0.4750	0.4807	0.6922	0.3138
0.6922	0.5202	0.4712	0.5151	0.4977	0.5298	0.5359	0.5074	0.5118	0.4838	0.4713	0.4737	0.4853	0.5112	0.4807	0.5099	0.4750	0.4807	0.6922	0.3138
0.6922	0.5202	0.4712	0.5151	0.4977	0.5298	0.5155	0.5074	0.5145	0.4838	1.0000	0.4737	0.4853	0.5112	0.4807	0.5099	0.4750	0.4807	0.6922	0.3138
0.6922	0.5202	0.4712	0.4818	0.4977	0.5298	0.5437	0.5074	0.5145	0.4838	0.4844	0.4737	0.4853	0.5112	0.4807	0.5099	0.4750	0.4807	0.5095	0.3138
0.6922	0.5202	0.4712	0.4818	0.4977	0.4945	0.3010	0.5074	0.5145	0.4838	0.4880	0.4737	0.4853	0.5112	0.4807	0.5099	0.4750	0.4807	0.5095	0.3144
0.5124	0.5202	0.4712	0.4818	0.4977	0.4945	0.4566	0.5074	0.5145	0.4838	0.4880	0.4737	0.4853	0.5112	0.4807	0.5099	0.4750	0.4807	0.5095	0.5123
0.5124	0.5202	0.4712	0.4818	0.4977	0.4945	0.4566	0.5074	0.5145	0.4838	0.4880	0.4737	0.4727	0.5112	0.4807	0.5099	0.4750	0.4807	0.5000	0.5123
0.5124	0.5202	0.4712	0.4818	0.4977	0.4945	0.6940	0.5074	0.5145	0.4838	0.4880	0.4737	0.4727	0.5112	0.4807	0.5099	0.4750	0.5026	0.5000	0.5123
0.5124	0.5202	0.4712	0.4818	0.4977	0.4945	0.6940	0.5074	0.5145	0.4838	0.4880	0.4737	0.4727	0.5112	0.4807	0.5099	0.4750	0.5026	0.5000	0.6746
0.5124	0.5202	0.4712	0.4818	0.4977	0.4945	0.6940	0.5074	0.5145	0.4838	0.4880	0.4737	0.4727	0.5112	0.4807	0.5099	0.4750	0.5026	0.5000	0.4956
0.5124	0.5202	0.4712	0.4818	0.4977	0.4945	0.4990	0.5074	0.5034	0.4838	0.4880	0.4737	0.4727	0.5112	0.4807	0.5099	0.4750	0.5026	0.5000	0.6853
0.4937	0.5202	0.4712	0.4818	0.4977	0.4945	0.4990	0.5074	0.5034	0.4838	0.4880	0.4737	0.4727	0.5112	0.4807	0.5099	0.4750	0.5026	0.5000	0.6853
0.4937	0.5202	0.5141	0.4818	0.4977	0.4945	0.4990	0.5074	0.5034	0.4838	0.4995	0.4737	0.4727	0.5112	0.4807	0.5099	0.4750	0.5026	0.5000	0.6853
0.4937	0.5202	0.5141	0.4818	0.4977	0.4945	0.4990	0.5074	0.5034	0.4838	0.4995	0.4737	0.4727	0.5112	0.4807	0.5069	0.4750	0.5026	0.5000	0.6853
0.4937	0.5202	0.5141	0.4818	0.4977	0.4945	0.4990	0.5074	0.5034	0.4838	0.4995	0.4737	0.4727	0.5112	0.4807	0.5069	0.4750	0.5026	0.5000	0.6853
0.4937	0.5202	0.5141	0.4818	0.4977	0.4945	0.4990	0.5074	0.5034	0.4838	0.4995	0.4737	0.4727	0.5112	0.4807	0.5069	0.4750	0.5026	0.5000	0.6853
0.4937	0.5202	0.5141	0.4818	0.4977	0.4945	0.6860	0.5074	0.5034	0.4838	0.5040	0.4737	0.4727	0.5112	0.4807	0.5069	0.4750	0.5026	0.5000	0.6853
0.4937	0.5202	0.5141	0.4818	0.4977	0.4945	0.6860	0.5074	0.5034	0.4838	0.5040	0.4737	0.4727	0.5112	0.4807	0.5069	0.4750	0.5026	0.5159	0.5125
0.4937	0.5202	0.5141	0.4818	0.4977	0.4945	0.4928	0.5074	0.5034	0.4838	0.5040	0.4737	0.5073	0.5112	0.4807	0.5069	0.4750	0.5026	0.5159	0.5125
0.4937	0.5202	0.5170	0.4818	0.4977	0.4945	0.4928	0.5074	0.5034	0.4838	0.5040	0.4737	0.5073	0.5112	0.4807	0.5069	0.4750	0.5026	0.5159	0.5125
0.4937	0.5202	0.5170	0.4818	0.4977	0.4945	0.4928	0.5074	0.5103	0.4838	0.5040	0.4737	0.5073	0.5112	0.4807	0.5069	0.4750	0.5026	0.5159	0.4918
0.4937	0.5202	0.7053	0.4954	0.4977	0.4945	0.4928	0.5074	0.5103	0.4838	0.5040	0.4737	0.5073	0.5112	0.4807	0.5069	0.4750	0.5026	0.5087	0.4918
0.4937	0.5202	0.6986	0.4954	0.4977	0.4945	0.4928	0.5074	0.5103	0.4838	0.5040	0.4737	0.5073	0.5112	0.4807	0.5069	0.4750	0.5026	0.5087	0.4918
0.4937	0.5202	0.6986	0.4954	0.4977	0.4945	0.4928	0.5074	0.5103	0.5184	0.5040	0.4737	0.5073	0.5112	0.4807	0.5069	0.4750	0.5026	0.5087	0.4859
0.4937	0.5107	0.6986	0.4954	0.4977	0.4945	0.4928	0.5074	0.5103	0.5184	0.5040	0.4737	0.5073	0.5112	0.4807	0.5069	0.4750	0.5026	0.5087	0.4905
0.4937	0.5107	0.5396	0.4954	0.4977	0.4945	0.4928	0.5074	0.5103	0.5184	0.5040	0.4907	0.5073	0.5112	0.4807	0.5069	0.4750	0.5026	0.5087	0.4905
0.4937	0.5107	0.5396	0.4954	0.4977	0.4945	0.4928	0.5074	0.5103	0.5184	0.5040	0.4907	0.5073	0.5112	0.4807	0.5069	0.4750	0.5026	0.5087	0.4905
0.4937	0.5107	0.5396	0.4954	0.4977	0.4945	0.4928	0.5074	0.5103	0.5184	0.5040	0.4907	0.5073	0.5112	0.4807	0.5069	0.4750	0.5026	0.5087	0.4905
0.4937	0.5107	0.4926	0.4954	0.4977	0.4945	0.4928	0.5074	0.5103	0.5184	0.5040	0.4907	0.5073	0.5112	0.4807	0.5069	0.4750	0.5026	0.5087	0.4905
0.4937	0.5107	0.4926	0.4954	0.4977	0.4945	0.4928	0.5074	0.5103	0.5184	0.5040	0.4907	0.5073	0.5112	0.4807	0.5069	0.4750	0.4731	0.5087	0.4905
0.4937	0.5107	0.4926	0.4954	0.4977	0.4945	0.4928	0.5074	0.5103	0.5184	0.5040	0.4907	0.5073	0.5112	0.5178	0.5069	0.4750	0.4923	0.5087	0.4905
0.4937	0.5107	0.4926	0.4954	0.4847	0.4945	0.4928	0.5074	0.5103	0.5184	0.5040	0.4907	0.5073	0.5112	0.5178	0.5069	0.4750	0.5152	0.5087	0.4905
0.4937	0.5107	0.4926	0.4954	0.4847	0.4945	0.4928	0.5074	0.5103	0.5184	0.5040	0.4907	0.5073	0.5112	0.5178	0.5069	0.4924	0.5152	0.5087	0.4905
0.4937	0.5107	0.4926	0.4954	0.4847	0.4945	0.4928	0.5074	0.5103	0.5184	0.5040	0.4907	0.5073	0.5112	0.4894	0.5069	0.4924	0.5152	0.5087	0.4905
0.4937	0.5107	0.4926	0.4954	0.4847	0.4945	0.4928	0.5074	0.5103	0.5184	0.5040	0.4907	0.5073	0.5112	0.4894	0.5069	0.4924	0.5152	0.5173	0.4905
0.4937	0.5107	0.4926	0.4954	0.4847	0.4945	0.4928	0.5074	0.5103	0.5184	0.5040	0.4907	0.5073	0.5112	0.4994	0.5069	0.4924	0.5152	0.5173	0.4905
0.4937	0.5107	0.4926	0.4954	0.4847	0.4945	0.4928	0.5074	0.5103	0.5184	0.5040	0.4907	0.5073	0.5112	0.4994	0.5069	0.4924	0.5152	0.5173	0.4905
0.4937	0.5107	0.4926	0.4954	0.4847	0.4945	0.4928	0.5074	0.5103	0.5184	0.5040	0.4907	0.5073	0.5112	0.4994	0.5069	0.4924	0.5152	0.5173	0.4905
0.4937	0.5107	0.4926	0.4954	0.4847	0.4945	0.4928	0.5074	0.5103	0.5184	0.5040	0.4907	0.5073	0.5112	0.4994	0.5069	0.4924	0.5152	0.5173	0.4905
0.4937	0.5107	0.4926	0.4954	0.4847	0.4945	0.4928	0.5074	0.5103	0.5184	0.5040	0.4907	0.5073	0.5112	0.4994	0.5069	0.4924	0.5152	0.5173	0.4905
0.4937	0.5107	0.4926	0.4954	0.4847	0.4945	0.4928	0.5074	0.5103	0.5184	0.5040	0.4907	0.5073	0.5112	0.4994	0.5069	0.4924	0.5152	0.5173	0.4905
0.4937	0.5107	0.4883	0.4954	0.4847	0.4945	0.4928	0.5074	0.5103	0.5184	0.5040	0.4907	0.5073	0.5112	0.4994	0.5069	0.4924	0.5152	0.5173	0.4905
0.4937	0.5107	0.4883	0.4954	0.4847	0.4945	0.4928	0.5074	0.4906	0.5184	0.5040	0.4907	0.5073	0.5112	0.4994	0.5069	0.4924	0.5152	0.5173	0.4905
0.4937	0.5107	0.4883	0.4954	0.4847	0.4945	0.4928	0.5074	0.4906	0.5184	0.5040	0.4907	0.5073	0.5112	0.4994	0.5069	0.4924	0.5152	0.5173	0.4905
0.4937	0.5107	0.4883	0.4954	0.4847	0.4945	0.4928	0.5074	0.4906	0.5184	0.5040	0.4907	0.5073	0.5112	0.4994	0.5069	0.4924	0.5152	0.5173	0.4905
0.4937	0.4819	0.4883	0.4954	0.4847	0.4945	0.4928	0.5074	0.4906	0.5184	0.5040	0.4907	0.5073	0.5112	0.4994	0.5069	0.4924	0.5152	0.5173	0.4905
0.4937	0.4819	0.4883	0.4954	0.4847	0.4945	0.4928	0.5074	0.4906	0.5184	0.5111	0.4907	0.5073	0.5112	0.4994	0.5069	0.4924	0.5152	0.5173	0.4905
0.4937	0.4819	0.4883	0.4954	0.4847	0.4945	0.4928	0.5074	0.4906	0.5184	0.5111	0.4907	0.5073	0.5112	0.4994	0.5069	0.4924	0.5152	0.5173	0.4905
0.4937	0.4819	0.4883	0.4954	0.4847	0.4945	0.4928	0.5074	0.4906	0.5184	0.5111	0.4907	0.5073	0.5112	0.4994	0.5069	0.4924	0.5152	0.5173	0.4938
0.4937	0.4819	0.4883	0.4954	0.4847	0.4945	0.4928	0.5074	0.4906	0.5184	0.5111	0.4907	0.5073	0.5112	0.4994	0.5069	0.4924	0.5152	0.5173	0.4938
0.4937	0.4819	0.4883	0.4954	0.4847	0.4945	0.4928	0.5074	0.4906	0.5184	0.5111	0.4907	0.5073	0.5112	0.4994	0.5069	0.4924	0.5152	0.5173	0.4938
0.4937	0.4819	0.4883	0.4954	0.4847	0.4945	0.4928	0.5074	0.4906	0.5184	0.5111	0.4907	0.5073	0.5112	0.4994	0.5069	0.4924	0.5152	0.5173	0.4938
0.4937	0.4819	0.4883	0.4954	0.4847	0.4945	0.4928	0.5074	0.4906	0.5184	0.5111	0.4907	0.5073	0.5112	0.4994	0.5069	0.4924	0.5152	0.5173	0.4938
0.4937	0.4819	0.4883	0.4954	0.4847	0.4945	0.4928	0.5074	0.4906	0.5184	0.5111	0.4907	0.5129	0.5112	0.4994	0.5069	0.4924	0.5152	0.5173	0.4938
0.4937	0.4819	0.4883	0.4954	0.4847	0.4945	0.4928	0.5074	0.4906	0.5184	0.5111	0.4907	0.5129	0.5112	0.4994	0.5069	0.4924	0.5152	0.5173	0.4938
0.4937	0.4819	0.4883	0.4954	0.4847	0.4945	0.4928	0.5074	0.4906	0.5184	0.5111	0.4907	0.5129	0.5112	0.4994	0.5069	0.4924	0.5152	0.5173	0.4938
0.4937	0.4819	0.4883	0.4954	0.4847	0.4945	0.4928	0.5074	0.4906	0.5184	0.5111	0.4907	0.5129	0.5112	0.4994	0.5069	0.4924	0.5152	0.5173	0.4938
0.4937	0.4819	0.4883	0.4954	0.4847	0.4945	0.4928	0.5074	0.4906	0.5184	0.5111	0.4907	0.5129	0.5112	0.4994	0.5069	0.4924	0.5152	0.5173	0.4938
0.4937	0.4897	0.4883	0.4954	0.4847	0.4945	0.4928	0.5074	0.4906	0.5184	0.5111	0.4907	0.5129	0.5112	0.4994	0.5069	0.4924	0.5152	0.5173	0.4938
0.4937	0.4897	0.4883	0.4954	0.4847	0.4945	0.4928	0.5074	0.4906	0.5184	0.5111	0.4907	0.5129	0.5112	0.4994	0.5069	0.4924	0.5042	0.5173	0.4938
0.4937	0.4897	0.4883	0.4954	0.4847	0.4945	0.4928	0.5074	0.4906	0.5184	0.5111	0.4907	0.5129	0.5112	0.4994	0.5069	0.4924	0.5042	0.5173	0.4938
0.4937	0.4897	0.4883	0.4954	0.4847	0.4945	0.4928	0.5074	0.4906	0.5184	0.5111	0.4907	0.5129	0.5112	0.4994	0.5069	0.4924	0.5042	0.5173	0.4938
0.4937	0.4897	0.4883	0.4954	0.4847	0.4945	0.4928	0.5074	0.4906	0.5184	0.5111	0.4907	0.5129	0.5112	0.4994	0.5069	0.4924	0.5042	0.5173	0.4938
0.4937	0.4897	0.4883	0.4954	0.4847	0.4945	0.4928	0.5074	0.4906	0.5184	0.5111	0.4907	0.5129	0.5112	0.4994	0.5069	0.4924	0.5042	0.5173	0.4938
