0.7369	0.7482	0.4260	0.3431	0.1450	0.4787	0.1843	0.8056	0.9055	0.0527	0.1951	0.5914	0.2038	0.5360	0.8687	0.4951	0.4253	0.5338	0.8453	0.2448
0.6193	0.6598	0.6652	0.3679	0.5603	0.0022	0.1792	0.5367	0.6630	0.2302	0.2995	0.6774	0.4797	1.0000	0.5826	0.6253	0.7657	0.1011	0.8686	0.2147
0.9353	0.6257	0.5120	0.4978	0.4896	0.2925	0.6076	0.9853	1.0000	0.8485	0.6330	0.0000	0.4209	0.8861	0.0000	0.3706	0.6325	0.0000	0.0000	0.6571
0.0032	0.7885	0.4108	0.4978	0.4379	0.0000	0.6588	0.3321	0.0460	0.3702	0.6433	0.0000	0.3124	0.6372	0.3779	0.3706	0.6325	0.4687	0.2300	0.2632
0.5099	0.3763	0.0268	0.0000	0.0000	0.2154	0.5713	0.1671	0.3466	0.2628	0.3457	0.5352	0.3480	0.6372	1.0000	0.0000	0.6325	0.9323	0.3648	0.3742
0.5099	0.5531	0.4338	0.5074	0.0291	0.4029	0.0000	1.0000	0.9661	0.3729	0.5173	0.3898	1.0000	0.5134	0.6174	0.3629	0.8672	0.3846	0.4879	0.1759
0.5099	0.8026	0.0671	0.5074	0.1368	1.0000	0.0000	0.6607	0.3521	0.0000	0.5099	0.7711	0.6516	0.5134	0.4980	0.6417	0.7618	0.4942	0.2716	1.0000
0.5099	0.4433	0.4676	0.5074	0.5524	0.2359	0.0000	1.0000	0.3521	0.9317	0.5099	0.3600	0.6516	0.5134	0.4980	0.0000	0.8279	0.4942	0.3588	0.3745
0.5099	0.5337	0.6576	0.3428	1.0000	0.3480	1.0000	0.1931	0.3521	0.1997	0.5099	0.5166	0.6516	0.5134	0.4980	0.6933	0.3403	0.4942	1.0000	0.0000
0.5099	0.1360	0.6576	0.6827	0.0000	0.6644	0.3602	0.6807	0.9491	0.9715	0.6526	0.5166	0.5220	0.5134	0.2478	0.0000	0.3403	0.5187	0.4381	0.0000
0.5099	0.1319	0.6576	0.6492	0.1278	0.5274	0.6678	0.3415	0.0579	0.3535	0.5236	0.5166	0.6606	0.5082	0.6349	0.3311	0.3403	0.5187	0.2587	0.3153
0.5099	0.2213	0.5396	0.6492	0.0000	0.1931	0.3517	0.2414	1.0000	0.6335	0.1984	0.5166	0.7809	0.5082	0.3429	0.3311	0.4976	0.5187	0.0000	0.7597
0.3548	0.1917	0.7593	0.4925	1.0000	0.5687	0.9868	0.7848	0.4816	0.4839	1.0000	0.5166	0.0000	0.6229	0.3429	0.3311	0.4976	0.5187	0.7576	0.9010
0.4911	0.2161	0.4038	0.6864	0.2465	0.5144	0.8537	0.3514	0.4816	0.2253	0.4756	0.5166	0.5308	0.6229	0.3429	0.6423	0.4976	0.5187	0.0000	0.3264
0.8173	0.2660	0.0231	0.1650	0.3518	0.5100	0.5818	0.3514	0.4816	0.6417	1.0000	0.5166	0.9462	0.6229	0.3429	0.4874	0.4976	0.5187	0.3911	0.1671
0.3749	0.3454	0.6873	0.3550	1.0000	0.5100	0.5236	0.3572	0.4816	0.8882	0.0000	0.5166	0.2248	0.6229	0.3429	0.4874	0.4976	0.5187	1.0000	0.3470
0.4692	0.3454	0.7994	0.1687	0.5003	0.6364	0.3491	0.3607	0.4816	0.0000	0.0780	0.5166	0.3381	0.6229	0.3429	0.4874	0.4976	0.5187	0.4492	0.5026
0.6290	0.3454	0.2839	0.6279	0.5003	0.6364	0.3491	0.7935	0.4816	0.4917	0.4816	0.5166	0.5048	0.6229	0.5430	0.4783	0.4976	0.5187	1.0000	1.0000
0.4921	0.3454	0.4743	0.7856	0.5003	0.5093	0.3491	0.4711	0.4816	0.3523	0.5218	0.5085	0.3892	0.6229	0.5787	0.3638	0.4976	0.5187	0.6043	0.1382
0.4921	0.3454	1.0000	0.6288	0.5003	1.0000	0.3491	0.3459	0.4816	0.3523	0.5023	0.5277	0.4295	0.6229	0.2024	0.3638	0.4976	0.5187	0.6320	0.4306
0.4331	0.3454	0.4807	0.6288	0.5003	1.0000	0.3491	0.3459	0.4816	0.3523	0.5023	0.5277	0.3493	0.6229	0.7271	0.6274	0.4976	0.5187	0.6320	0.6748
0.3878	0.3454	0.4807	0.6288	0.5003	1.0000	0.3286	0.3459	0.4816	0.6282	0.5023	0.5277	0.5679	0.6229	0.5492	0.6274	0.5078	0.8190	0.3477	0.1864
0.3556	0.3454	0.4807	0.5352	0.5003	1.0000	0.3286	0.3459	0.3335	0.6282	0.5023	0.5277	0.5046	0.6229	1.0000	0.6274	0.5078	0.4990	0.6325	0.5114
0.3470	0.4964	0.4807	0.3465	0.5003	0.6128	0.6329	0.3714	0.5326	0.5058	0.5023	0.4846	0.4826	0.6655	0.6172	0.6274	0.5078	0.4990	0.6325	0.5114
0.3470	0.4964	0.4807	0.3465	0.5003	0.2789	0.6329	0.6417	0.3784	0.5058	0.5023	0.3591	0.4826	0.6196	0.7397	0.6274	0.5078	0.4990	0.6325	0.5114
0.3658	0.4964	0.4807	0.3465	0.5003	0.0000	0.4814	0.5144	0.6177	0.5058	0.5023	0.3591	0.4826	0.6196	0.3301	0.6246	0.5078	0.4990	0.3261	0.5114
0.6305	0.4964	0.4807	0.3465	0.5003	0.7698	0.4814	0.6459	0.6410	0.5058	0.5023	0.3591	0.4826	0.4871	0.3588	0.6338	0.5078	0.4990	0.5006	0.5114
0.6305	0.4964	0.4807	0.3465	0.5003	0.3651	0.4814	0.6459	0.3938	0.5058	0.5023	0.6351	0.4826	0.4871	0.3588	0.6338	0.5078	0.5061	0.5006	0.5114
0.5099	0.3636	0.4807	0.3465	0.5003	0.3651	0.4814	0.6459	0.2045	0.5058	0.5023	0.6367	0.4826	0.4871	0.3588	0.6338	0.5078	0.5061	0.5006	0.6650
0.5099	0.3636	0.4965	0.4722	0.5003	0.3651	0.4814	0.6459	0.5195	0.5058	0.5023	0.6367	0.4826	0.4871	0.3665	0.6338	0.5078	0.5156	0.5006	0.6650
0.6402	0.3636	0.4965	0.3533	0.5003	0.3651	0.4814	0.5187	0.6493	0.5058	0.5023	0.5031	0.3605	0.4871	0.3665	0.6338	0.5078	0.5156	0.5006	0.6650
0.6402	0.3636	0.4965	0.2179	0.5003	0.6355	0.4814	0.5187	0.5089	0.5058	0.5023	0.3506	0.4774	0.4871	0.3665	0.6338	0.5078	0.5156	0.5006	0.4884
0.3741	0.3636	0.4965	0.0000	0.5003	0.5128	0.4814	0.5187	0.6487	0.5058	0.5023	0.3506	0.4774	0.4871	0.3665	0.6338	0.5078	0.6250	0.5006	0.4884
0.3741	0.3636	0.4965	0.6092	0.5003	0.6182	0.4814	0.5187	0.6487	0.5058	0.5023	0.3506	0.4774	0.4947	0.0000	0.6338	0.5078	0.6250	0.5006	0.4884
0.3741	0.3636	0.4965	0.7759	0.5003	0.6591	0.4814	0.5187	0.3775	0.5058	0.5023	0.3506	0.4774	0.3476	0.2485	0.4965	0.5078	0.3495	0.5006	0.4884
0.5228	0.3636	0.4965	0.7759	0.5003	0.5236	0.6388	0.5187	0.3775	0.5058	0.5023	0.4874	0.4774	0.3476	0.6444	0.4965	0.5078	0.5150	0.5006	0.4884
0.6249	0.3636	0.4965	0.7759	0.5003	0.5236	0.6388	0.5187	0.3775	0.5058	0.5023	0.5311	0.4845	0.4834	0.6397	0.4965	0.5078	0.5150	0.5062	0.4884
0.6249	0.3636	0.4965	0.7765	0.5003	0.5236	0.6388	0.5187	0.3775	0.5058	0.5023	0.5311	0.4845	0.4834	0.5030	0.4965	0.5078	0.5150	0.5062	0.4884
0.6249	0.3636	0.4965	0.3499	0.5003	0.5236	0.6388	0.5187	0.3775	0.5058	0.5023	0.4626	0.4845	0.4834	0.5030	0.4965	0.5078	0.5150	0.5062	0.4884
0.6564	0.3636	0.6332	0.3499	0.5003	0.5236	0.6388	0.5187	0.3775	0.5058	0.5023	0.4747	0.4845	0.4834	0.5030	0.4965	0.5078	0.5150	0.5062	0.4884
0.6564	0.3636	0.6332	0.4933	0.5003	0.5236	0.6388	0.5187	0.3775	0.5058	0.5023	0.6467	0.4845	0.4834	0.5030	0.4965	0.5078	0.5150	0.5062	0.4884
0.3425	0.3636	0.6332	0.4933	0.5003	0.5236	0.6388	0.4990	0.3775	0.5058	0.5023	0.6467	0.4845	0.4834	0.5030	0.4965	0.5078	0.5150	0.5062	0.4884
0.3425	0.3636	0.6332	0.4933	0.5003	0.5236	0.6388	0.6396	0.6644	0.4896	0.5023	0.6467	0.4845	0.3469	0.5030	0.4965	0.4896	0.5150	0.5062	0.4884
0.3633	0.3636	0.6332	0.4933	0.5003	0.5236	0.6388	0.3682	0.6644	0.4896	0.5023	0.3681	0.4845	0.3469	0.5030	0.4965	0.4896	0.5150	0.5062	0.4961
0.3633	0.3636	0.6332	0.4933	0.5003	0.5236	0.6388	0.6503	0.4860	0.4896	0.5023	0.3681	0.4845	0.3469	0.5030	0.4965	0.4896	0.5150	0.5062	0.4961
0.3633	0.3636	0.6332	0.4933	0.5003	0.6518	0.6388	0.5003	0.4860	0.4896	0.5023	0.3681	0.4845	0.3469	0.5030	0.4965	0.4896	0.5150	0.5062	0.4961
0.3633	0.3636	0.3538	0.4933	0.5003	0.6518	0.6388	0.5003	0.4860	0.4896	0.5023	0.3681	0.4845	0.3469	0.5030	0.4965	0.4896	0.4860	0.5062	0.4961
0.3633	0.3636	0.3538	0.4933	0.5003	0.6266	0.6388	0.5003	0.4860	0.4896	0.5023	0.3681	0.6570	0.3469	0.5030	0.4965	0.4896	0.4860	0.5062	0.4967
0.3633	0.3636	0.3538	0.4933	0.5003	0.5091	0.6388	0.5003	0.4860	0.4896	0.5023	0.3681	0.3412	0.4926	0.5030	0.4965	0.4896	0.4860	0.5062	0.4967
0.3633	0.3636	0.3538	0.3507	0.5003	0.5091	0.4985	0.5003	0.5167	0.4896	0.5023	0.3681	0.3412	0.4926	0.5030	0.4965	0.4896	0.4860	0.5062	0.4967
0.3633	0.3636	0.3538	0.3507	0.5003	0.4868	0.4985	0.5003	0.5167	0.4896	0.5023	0.3681	0.6314	0.4926	0.5030	0.4965	0.4896	0.4860	0.6382	0.4967
0.3633	0.3636	0.3538	0.3507	0.5003	0.4868	0.4985	0.5003	0.5167	0.5206	0.5023	0.3681	0.6314	0.4926	0.6474	0.4965	0.4896	0.4860	0.6382	0.4967
0.3633	0.3636	0.3538	0.3507	0.5003	0.4724	0.4985	0.5003	0.5167	0.5206	0.5023	0.3681	0.6314	0.4926	0.6474	0.4965	0.4896	0.4860	0.6382	0.4967
0.3633	0.3636	0.3538	0.3507	0.5003	0.3541	0.4985	0.5003	0.5167	0.5206	0.5023	0.3681	0.6314	0.4926	0.3591	0.4965	0.4896	0.4860	0.6382	0.4967
0.3633	0.3636	0.3538	0.3507	0.5003	0.3541	0.4985	0.5003	0.5167	0.5206	0.5023	0.3681	0.6314	0.4926	0.3591	0.4965	0.4806	0.5018	0.6382	0.4967
0.3633	0.3636	0.3538	0.3507	0.5003	0.3541	0.4963	0.5003	0.5167	0.5206	0.5023	0.3681	0.3508	0.4926	0.3591	0.4965	0.4806	0.5018	0.6382	0.4967
0.5150	0.3636	0.3538	0.3507	0.5003	0.3541	0.4963	0.5003	0.5167	0.5206	0.5023	0.3681	0.3508	0.4926	0.3591	0.4965	0.4806	0.5018	0.6382	0.4967
0.5150	0.3636	0.3538	0.3507	0.5003	0.3541	0.4963	0.5003	0.5167	0.5206	0.5023	0.3681	0.3508	0.4926	0.3591	0.4965	0.4806	0.5018	0.6382	0.4967
0.5150	0.3636	0.3538	0.3507	0.5003	0.3541	0.4963	0.5003	0.5167	0.3608	0.5023	0.3681	0.3508	0.4926	0.3591	0.4965	0.4806	0.5018	0.6382	0.4967
0.4843	0.3636	0.3712	0.3507	0.5003	0.3541	0.4963	0.5003	0.5167	0.4980	0.5023	0.3681	0.3508	0.4926	0.4851	0.4965	0.4806	0.5018	0.6382	0.4967
0.4843	0.3636	0.3712	0.3507	0.5003	0.3541	0.4963	0.5003	0.5167	0.4980	0.5023	0.3681	0.3508	0.4926	0.4851	0.4965	0.4806	0.5018	0.6382	0.4967
0.4843	0.3636	0.3712	0.3507	0.5003	0.3541	0.4963	0.5003	0.5167	0.4980	0.5023	0.3681	0.3508	0.4926	0.4851	0.4965	0.4806	0.5018	0.6382	0.4967
0.4843	0.3574	0.4968	0.3507	0.5003	0.3541	0.4963	0.5003	0.5167	0.4950	0.5023	0.6256	0.3508	0.4926	0.4851	0.4965	0.4806	0.5018	0.6382	0.4967
0.4843	0.3574	0.4968	0.3507	0.5003	0.3541	0.4963	0.5003	0.5167	0.4950	0.5023	0.6256	0.3508	0.4926	0.5014	0.4965	0.4806	0.5018	0.6382	0.4967
0.4843	0.3574	0.4968	0.3507	0.5003	0.3541	0.4963	0.5003	0.3451	0.4950	0.5023	0.6256	0.3508	0.4926	0.5014	0.4965	0.4806	0.5018	0.6382	0.4967
0.4843	0.3574	0.4968	0.3507	0.5003	0.3541	0.4963	0.5003	0.4868	0.4950	0.5023	0.6256	0.3508	0.4926	0.5014	0.4965	0.4806	0.5018	0.6382	0.4967
0.4843	0.3574	0.4968	0.3507	0.5003	0.3541	0.4963	0.5003	0.4868	0.4950	0.5023	0.6256	0.3508	0.4926	0.5014	0.4965	0.4806	0.5018	0.6382	0.4967
0.4843	0.3574	0.4968	0.3507	0.5003	0.3541	0.4963	0.5003	0.4868	0.4950	0.5023	0.6256	0.3508	0.4926	0.5014	0.4965	0.4806	0.5018	0.6382	0.4967
0.4843	0.3574	0.4968	0.3507	0.5003	0.3541	0.4963	0.5003	0.4868	0.4842	0.5023	0.6256	0.3508	0.4849	0.5014	0.4965	0.4806	0.5018	0.6382	0.4957
0.4843	0.3574	0.4968	0.4959	0.5003	0.3541	0.4963	0.5003	0.4868	0.4835	0.5023	0.6256	0.3508	0.4849	0.5014	0.4965	0.4806	0.5018	0.6382	0.4957
0.4843	0.3574	0.4968	0.4959	0.5003	0.3541	0.4963	0.5003	0.4868	0.4835	0.5023	0.6256	0.3508	0.4849	0.5014	0.4965	0.4806	0.5018	0.6382	0.4957
0.4843	0.3574	0.4968	0.4959	0.5003	0.3541	0.4963	0.5003	0.4868	0.4835	0.5023	0.6256	0.3508	0.4849	0.5014	0.4965	0.4806	0.5018	0.6382	0.4957
0.4843	0.3574	0.4968	0.4959	0.5003	0.3541	0.4963	0.5003	0.4868	0.4835	0.5023	0.6256	0.3508	0.4849	0.5096	0.4965	0.4806	0.5018	0.6382	0.4957
0.4843	0.3574	0.4968	0.4959	0.5003	0.3541	0.4963	0.5003	0.4868	0.4835	0.5023	0.6256	0.3508	0.5013	0.5096	0.4965	0.4806	0.5018	0.6382	0.4957
0.4843	0.3574	0.4968	0.4959	0.5003	0.3541	0.4963	0.5003	0.4868	0.4835	0.5023	0.6260	0.3508	0.5013	0.5096	0.4965	0.4806	0.5018	0.6382	0.4957
0.4843	0.3574	0.4968	0.4959	0.5003	0.3541	0.4963	0.5003	0.4868	0.4835	0.5023	0.6260	0.3508	0.5013	0.3530	0.4965	0.4806	0.5018	0.6382	0.4957
0.4843	0.3574	0.4968	0.4959	0.5003	0.3541	0.4963	0.5003	0.4868	0.4835	0.5023	0.6260	0.3557	0.5013	0.6543	0.4965	0.4806	0.5018	0.6382	0.4957
0.4843	0.3574	0.4968	0.4959	0.5003	0.3541	0.4963	0.5003	0.4868	0.4835	0.5023	0.6260	0.3557	0.5013	0.6543	0.4965	0.4806	0.5018	0.6382	0.4957
0.4843	0.3574	0.4968	0.4959	0.5003	0.3541	0.4963	0.5003	0.4868	0.4835	0.5023	0.6260	0.3557	0.5013	0.6543	0.4965	0.4806	0.5018	0.6516	0.4957
0.4843	0.5002	0.4968	0.4959	0.5003	0.3541	0.4963	0.5003	0.4868	0.4835	0.5023	0.6260	0.3557	0.5013	0.6543	0.4965	0.4806	0.5018	0.6516	0.4957
0.4843	0.5002	0.4968	0.4959	0.5003	0.3541	0.4986	0.5003	0.4868	0.4835	0.5023	0.6260	0.3557	0.5013	0.6543	0.4965	0.4806	0.5018	0.6516	0.4957
0.4843	0.5002	0.4968	0.4959	0.5003	0.3541	0.4986	0.5003	0.4868	0.4835	0.5023	0.5168	0.3557	0.5013	0.6543	0.4965	0.4806	0.5018	0.6516	0.4957
0.4843	0.5002	0.4968	0.4959	0.5003	0.3541	0.4986	0.5003	0.4868	0.4835	0.5023	0.5168	0.3557	0.5013	0.6543	0.4965	0.4806	0.5018	0.6516	0.4957
0.4843	0.5002	0.5039	0.4959	0.5003	0.3541	0.4986	0.5003	0.4868	0.3558	0.5023	0.5168	0.3557	0.5013	0.6543	0.4965	0.4806	0.5018	0.6516	0.4957
0.4843	0.5002	0.5039	0.4959	0.5003	0.3541	0.4986	0.5003	0.4868	0.3558	0.5023	0.5168	0.3557	0.5013	0.6543	0.4965	0.4806	0.5018	0.6516	0.4957
0.4843	0.5002	0.5039	0.4980	0.5003	0.3541	0.4986	0.5003	0.4868	0.3558	0.5023	0.5168	0.3557	0.5013	0.6543	0.4965	0.4806	0.5018	0.6516	0.4957
0.4843	0.5002	0.5039	0.4980	0.5003	0.3541	0.4986	0.5016	0.4868	0.3558	0.5023	0.5168	0.3557	0.5013	0.6543	0.4965	0.4806	0.5018	0.6516	0.4957
0.4843	0.5002	0.5039	0.4980	0.5003	0.3541	0.4986	0.5016	0.4868	0.3558	0.5023	0.5168	0.3557	0.5013	0.6543	0.4965	0.4806	0.5018	0.6516	0.4957
0.4843	0.5002	0.5039	0.4980	0.5003	0.3541	0.4986	0.5016	0.4868	0.3558	0.5023	0.5168	0.3557	0.5013	0.5082	0.4965	0.4806	0.5018	0.6516	0.4957
0.4843	0.5002	0.5039	0.4980	0.5003	0.3541	0.4986	0.5016	0.4868	0.3558	0.5023	0.5168	0.3557	0.5013	0.5082	0.4965	0.4806	0.5018	0.6516	0.4957
0.4843	0.5002	0.5039	0.4980	0.5003	0.3541	0.4986	0.5016	0.4868	0.3558	0.5023	0.5015	0.3557	0.5013	0.5082	0.4965	0.4806	0.5018	0.6516	0.4957
0.4843	0.5002	0.5039	0.4980	0.5003	0.3541	0.4986	0.5016	0.4868	0.3558	0.5023	0.5015	0.3557	0.5013	0.5082	0.4965	0.4806	0.5018	0.5163	0.4957
0.4843	0.5002	0.5039	0.4980	0.5003	0.3541	0.4986	0.5016	0.4868	0.3558	0.5023	0.5015	0.3557	0.5013	0.5082	0.4965	0.4806	0.5018	0.5163	0.4957
0.4843	0.5002	0.5039	0.4980	0.5003	0.3541	0.4986	0.5016	0.4868	0.3558	0.5023	0.5015	0.3557	0.5013	0.5082	0.4965	0.4806	0.5018	0.5163	0.4957
0.4843	0.5002	0.5039	0.4980	0.5003	0.3541	0.4986	0.5016	0.4868	0.3558	0.5023	0.5015	0.3557	0.5013	0.5082	0.4965	0.4806	0.5018	0.5163	0.4957
0.4843	0.5002	0.5039	0.6423	0.5003	0.6363	0.4986	0.5016	0.4868	0.3558	0.5023	0.5015	0.3557	0.5013	0.5082	0.4965	0.4806	0.5018	0.5163	0.4957
0.4843	0.5002	0.5039	0.6423	0.5003	0.6363	0.4986	0.5016	0.4868	0.3558	0.5023	0.5015	0.3557	0.5013	0.5082	0.4965	0.4806	0.5018	0.5163	0.4957
0.4843	0.5002	0.5039	0.6423	0.5003	0.6363	0.4986	0.5016	0.4868	0.3558	0.5023	0.5015	0.3557	0.5013	0.5082	0.4965	0.4806	0.5018	0.5163	0.4957
0.4843	0.5002	0.5039	0.6423	0.5003	0.6363	0.4986	0.5016	0.4868	0.3558	0.5023	0.5015	0.3557	0.5013	0.5082	0.4965	0.4806	0.5018	0.5163	0.4957
0.4843	0.5002	0.5039	0.6423	0.5003	0.6363	0.4986	0.5016	0.4868	0.4899	0.5023	0.5015	0.3557	0.5013	0.5082	0.4965	0.4806	0.5018	0.5163	0.4957
0.4843	0.5002	0.5039	0.6423	0.5003	0.6363	0.4986	0.5016	0.4868	0.4899	0.5023	0.5015	0.3557	0.5013	0.5082	0.4965	0.4806	0.5018	0.5163	0.4957
