0.1978	0.6695	0.2591	0.2405	0.0993	0.6567	0.0409	0.2639	0.0211	0.4328	0.4302	0.1496	0.5361	0.2467	0.9617	0.2069	0.1369	0.1143	0.8974	0.6641
0.0000	0.8524	0.7832	1.0000	0.8419	0.7850	0.4019	0.7151	0.1565	0.4921	0.3673	0.2796	0.6274	0.3776	0.7594	0.0000	0.9635	0.8369	0.6273	0.7186
0.5465	0.4639	0.4954	0.7994	0.6201	0.0732	0.6099	0.4801	0.0133	0.9034	0.2766	0.3799	0.8525	0.5969	0.1267	0.9653	0.5041	0.1986	0.0000	0.6220
1.0000	0.7205	0.6642	0.0000	0.2690	1.0000	1.0000	0.6091	0.4869	1.0000	1.0000	0.5352	0.7198	0.4418	0.0000	0.5980	0.5041	0.0000	1.0000	0.4989
0.7254	0.2909	0.6287	0.7087	0.1490	0.7085	0.5019	1.0000	0.6685	1.0000	0.2799	0.2811	0.7190	0.6122	0.0000	0.4725	0.5041	0.0000	0.3876	0.4989
0.8565	0.5087	0.0000	0.0868	0.5750	0.6152	0.7028	0.5846	0.5025	0.6572	0.7114	0.4911	1.0000	0.0000	0.0031	0.0000	0.6286	0.1827	0.7227	0.4948
0.7311	0.5087	0.0000	0.9358	0.8480	0.3933	0.8567	0.5957	0.5293	0.0000	0.4062	0.4911	0.3210	0.4405	1.0000	0.8425	0.7247	0.5125	0.0671	0.4948
0.9493	0.5087	1.0000	0.4787	0.2681	0.3933	0.1888	0.5957	0.7566	1.0000	0.8747	0.7442	0.4995	0.7200	0.7180	1.0000	0.0735	0.6052	0.6737	0.4948
0.5776	0.5087	0.4710	0.8369	0.0000	0.6147	0.7554	0.6126	0.3784	0.5048	0.6234	0.5933	0.4898	0.4340	0.7180	0.2550	0.3862	0.6052	0.2617	0.6191
1.0000	0.5087	0.5268	0.4031	0.5075	0.3920	0.3763	0.7105	0.5861	0.5048	0.7108	0.5823	0.4898	1.0000	0.0000	0.4415	0.6823	0.6052	0.7374	0.6191
0.6119	0.5087	1.0000	0.6302	0.3931	0.4147	0.3797	0.5956	1.0000	0.3968	0.6078	0.5106	0.4898	0.4781	0.4026	0.8576	0.6257	0.6052	1.0000	0.6191
0.8783	0.5036	0.1331	0.5172	0.3931	0.3709	0.3719	0.4853	0.4250	0.3968	0.2848	0.6191	0.4898	0.5837	0.5002	0.9973	0.1850	0.6052	0.2827	0.6191
0.0000	0.5036	0.5106	0.4761	0.3931	0.3709	0.9118	0.4853	0.1814	0.3968	0.4901	0.3944	0.4898	0.6240	0.5002	0.5334	0.3821	0.6052	0.6076	0.6191
0.5884	0.5036	0.5106	0.4849	0.3931	0.3995	0.6081	0.4853	0.7812	0.3968	0.8736	0.9557	0.4898	0.2924	0.5002	0.4075	0.6125	0.6052	0.0254	0.6191
1.0000	0.5036	0.5106	0.4849	0.3931	0.3995	0.4182	0.6163	0.4016	0.3968	0.3605	0.9886	0.0000	0.7653	0.5002	0.6686	0.6125	0.6052	0.3561	0.6191
0.5760	0.5036	0.5106	0.6282	0.3931	0.3881	0.2515	0.1542	0.4016	0.1630	0.3966	0.2285	0.7193	0.6169	0.3643	0.3758	0.6125	0.6052	0.2781	0.6191
0.2328	0.5036	0.0000	0.6225	0.3931	0.4103	0.2732	0.2892	0.4016	0.4332	0.4994	0.4709	0.3894	0.6169	0.3643	0.3758	0.4825	0.6052	1.0000	0.6191
0.7282	0.3682	0.1820	0.6225	0.3931	0.3722	0.2732	0.8291	0.4016	0.3661	0.4994	0.5094	0.0000	0.6169	0.3643	0.3758	0.4825	0.6052	0.6014	0.6191
0.7983	0.3682	1.0000	0.5076	0.3931	0.6205	0.2732	0.6042	0.4016	0.5941	0.4994	0.5094	0.0000	0.6169	0.3758	0.2470	0.4825	0.6086	0.6098	0.6191
0.5007	0.3682	0.5167	0.5076	0.3931	0.6205	0.6037	0.2765	0.4016	0.5941	0.4994	0.5094	0.3825	0.6169	0.5964	0.4675	0.4825	0.6086	0.4005	0.6191
0.5007	0.1647	0.5167	0.5076	0.3931	0.6205	0.1866	0.0000	0.4871	0.5225	0.4994	0.5094	0.3825	0.6169	0.5964	0.2648	0.4949	0.6086	0.7335	0.6191
0.5986	0.3889	0.7217	0.5076	0.3931	0.7450	0.0000	0.7077	0.4871	0.6208	0.4994	0.5094	0.3825	0.6169	0.5964	0.4956	0.4949	0.5101	0.3682	0.6191
0.5986	0.6111	0.7217	0.5076	0.3931	0.7249	0.6471	0.2198	0.4871	0.4899	0.4994	0.5094	0.3825	0.6169	0.7412	0.4956	0.4949	0.5101	0.3682	0.6191
0.5986	0.6111	0.9982	0.5076	0.3931	1.0000	0.2034	0.5059	0.0000	0.4899	0.4994	0.5094	0.3825	0.6169	0.5182	0.8659	0.4949	0.5101	0.7204	0.5049
0.5986	0.5125	0.2861	0.5076	0.3843	0.0416	0.3952	0.5059	0.3554	0.5237	0.4994	0.5094	0.5909	0.6295	0.5182	0.2756	0.6020	0.5101	0.4031	0.5049
0.5986	0.5125	0.3717	0.5076	0.3843	0.9299	0.3952	0.5059	0.6131	0.5381	0.3983	0.5094	0.1657	0.5026	0.5182	0.6405	0.7918	0.5101	0.4847	0.5049
0.5986	0.5125	0.3972	0.5076	0.3843	0.6992	0.3952	0.5059	0.6131	0.6113	0.6030	0.5094	0.4842	0.5026	0.3702	0.0000	0.5029	0.5101	0.4847	0.5049
0.5986	0.5125	0.5191	0.5076	0.3843	0.6379	0.3952	0.5059	0.6131	0.6113	0.6030	0.5184	0.4981	0.5026	0.3921	1.0000	0.5029	0.5101	0.5164	0.5075
0.6138	0.5125	0.5191	0.5076	0.3987	0.3826	0.3952	0.5059	0.6131	0.3640	0.6030	0.5149	0.4981	0.5026	0.3921	0.7015	0.3752	0.5101	0.5164	0.5075
0.6138	0.5125	0.5191	0.5076	0.3987	0.2949	0.5117	0.5059	0.6131	0.3640	0.5091	0.5149	0.4981	0.5026	0.3921	0.4715	0.3752	0.5101	0.5164	0.5075
0.6138	0.5125	0.5191	0.5076	0.3987	0.2949	0.2653	0.5059	0.6131	0.3640	0.5091	0.5149	0.1620	0.0439	0.3921	0.4704	0.3752	0.5101	0.5164	0.5075
0.6138	0.6234	0.5191	0.5076	0.3987	0.2949	0.4803	0.5059	0.6131	0.6231	0.5091	0.5149	0.1620	0.5991	0.3921	0.5250	0.3752	0.5101	0.5164	0.5102
0.5009	0.6234	0.5191	0.5076	0.3924	0.2766	0.7140	0.5059	0.6131	0.6231	0.5091	0.5149	0.5937	0.4086	0.3921	0.5001	0.3752	0.5101	0.5164	0.5102
0.5009	0.6234	0.5191	0.5076	0.3924	0.7243	0.6991	0.6063	0.6131	0.6231	0.5091	0.5149	0.5156	0.4086	0.3921	0.5001	0.3752	0.5101	0.4978	0.5102
0.5009	0.4940	0.5191	0.5076	0.3924	0.5043	0.6054	0.3834	0.6131	0.6231	0.5091	0.5149	0.5156	0.4086	0.3921	0.5001	0.3752	0.5101	0.4978	0.5102
0.5009	0.4894	0.5191	0.5076	0.3924	0.5959	0.5143	0.3834	0.6131	0.3938	0.5091	0.5149	0.5156	0.4086	0.3921	0.5001	0.3752	0.5101	0.4978	0.5102
0.5009	0.4894	0.3797	0.6142	0.3924	0.5959	0.5143	0.3763	0.6131	0.3938	0.5091	0.5149	0.5156	0.4086	0.3921	0.5001	0.3752	0.4992	0.4978	0.5102
0.5009	0.4894	0.3797	0.6142	0.3924	0.5959	0.5143	0.3823	0.6131	0.3938	0.5091	0.5149	0.5156	0.4086	0.3921	0.5001	0.3752	0.4992	0.4978	0.5102
0.5009	0.4894	0.3797	0.6142	0.4088	0.5959	0.5143	0.4924	0.6131	0.3938	0.5091	0.5149	0.5156	0.6164	0.3921	0.5001	0.3752	0.4992	0.4978	0.5102
0.5009	0.4894	0.3797	0.6142	0.4088	0.5959	0.5143	0.6011	0.6131	0.7088	0.5091	0.5149	0.5984	0.6164	0.3921	0.5001	0.4989	0.4992	0.4978	0.5102
0.5009	0.5078	0.5989	0.6142	0.4088	0.5959	0.5143	0.6011	0.3947	0.7088	0.5091	0.5149	0.5984	0.6164	0.3921	0.5001	0.4989	0.4992	0.3969	0.5102
0.5009	0.5078	0.5989	0.4995	0.4088	0.5959	0.5028	0.6011	0.3947	0.4941	0.5091	0.5149	0.5984	0.6164	0.3921	0.5001	0.4989	0.4992	0.3969	0.5102
0.5009	0.5078	0.5989	0.4995	0.4088	0.4980	0.5028	0.6011	0.3947	0.4941	0.5091	0.5149	0.5984	0.6164	0.3921	0.5001	0.4975	0.4992	0.3969	0.5102
0.5009	0.5078	0.4964	0.4995	0.4088	0.4980	0.5028	0.6011	0.6081	0.4941	0.5091	0.5149	0.5984	0.5036	0.3921	0.5001	0.4975	0.4992	0.3969	0.5102
0.5009	0.5078	0.4964	0.4995	0.4088	0.4980	0.5028	0.6011	0.6081	0.5926	0.5091	0.3864	0.5984	0.5036	0.3921	0.5001	0.4975	0.4992	0.3969	0.5102
0.5009	0.5078	0.4964	0.4995	0.4088	0.4980	0.3934	0.6011	0.6081	0.5926	0.5091	0.3864	0.5984	0.5036	0.3921	0.5001	0.4975	0.4992	0.3969	0.5102
0.5009	0.5078	0.4991	0.4995	0.4088	0.4980	0.3934	0.4952	0.6081	0.5926	0.3869	0.3864	0.5984	0.5036	0.3921	0.4859	0.4975	0.4992	0.3969	0.5102
0.5009	0.5078	0.4991	0.4995	0.4088	0.4980	0.3934	0.4952	0.6081	0.5926	0.3869	0.3864	0.5984	0.5036	0.6045	0.4859	0.4975	0.4992	0.3969	0.5102
0.5009	0.5078	0.4991	0.4995	0.4088	0.4980	0.3946	0.4926	0.6081	0.5926	0.3869	0.3864	0.5984	0.5036	0.6045	0.4859	0.4975	0.4992	0.4953	0.5102
0.5009	0.5078	0.4991	0.4995	0.4088	0.4980	0.3946	0.4926	0.6081	0.5926	0.3869	0.3864	0.6079	0.5036	0.6045	0.4859	0.4975	0.4992	0.4953	0.5102
0.5009	0.6251	0.4991	0.4995	0.4088	0.4980	0.3946	0.5146	0.6081	0.5926	0.3869	0.3864	0.6079	0.5036	0.6045	0.4859	0.4975	0.4992	0.4953	0.5102
0.5009	0.6251	0.4991	0.4995	0.4088	0.4980	0.3946	0.5146	0.6081	0.5926	0.3869	0.3864	0.6079	0.5036	0.6045	0.4859	0.6081	0.4992	0.4953	0.5102
0.5009	0.6251	0.4991	0.4995	0.4088	0.4980	0.3946	0.2668	0.6081	0.5926	0.3869	0.3864	0.6079	0.5036	0.6045	0.4859	0.6081	0.4992	0.4953	0.5102
0.5009	0.6251	0.4991	0.4995	0.3904	0.4980	0.4895	0.2668	0.6081	0.6252	0.3869	0.3864	0.6079	0.5036	0.6045	0.4859	0.6081	0.4992	0.4953	0.5102
0.5009	0.6251	0.4991	0.4995	0.3904	0.4980	0.4895	0.3914	0.6081	0.6252	0.3869	0.3864	0.6079	0.5036	0.6045	0.4859	0.6081	0.4992	0.4953	0.5102
0.5009	0.6251	0.4991	0.4995	0.3904	0.4980	0.4895	0.4736	0.6096	0.6252	0.3869	0.6119	0.6079	0.5036	0.6045	0.4859	0.6081	0.4992	0.4953	0.5102
0.3938	0.3959	0.4991	0.4995	0.3904	0.4980	0.4895	0.4035	0.6096	0.6252	0.3869	0.6119	0.6079	0.5036	0.6045	0.4859	0.6081	0.4992	0.4953	0.5102
0.3938	0.3959	0.4991	0.4995	0.5094	0.4980	0.4895	0.4035	0.6096	0.6252	0.3869	0.6119	0.6079	0.5036	0.6045	0.4859	0.6081	0.4992	0.4953	0.5059
0.3938	0.3959	0.4991	0.4995	0.5094	0.4980	0.4895	0.4035	0.6096	0.6025	0.3869	0.6119	0.6079	0.5036	0.6045	0.4859	0.6081	0.4992	0.4953	0.5059
0.3938	0.5130	0.4991	0.4995	0.5094	0.4980	0.4895	0.4035	0.6096	0.6025	0.3869	0.6119	0.6079	0.5036	0.6045	0.4859	0.6045	0.4992	0.4953	0.5059
0.3938	0.5130	0.4991	0.4995	0.5094	0.4980	0.4895	0.4035	0.6096	0.6025	0.3869	0.6119	0.4893	0.5036	0.6045	0.4859	0.6045	0.4992	0.4873	0.5059
0.3938	0.5130	0.4991	0.4995	0.5094	0.4980	0.4895	0.4035	0.6096	0.6025	0.3869	0.6119	0.4893	0.5036	0.6045	0.4859	0.6045	0.4992	0.4873	0.5059
0.3938	0.5130	0.4991	0.4995	0.5094	0.4980	0.4895	0.4035	0.6096	0.6025	0.3869	0.6119	0.4893	0.5036	0.6045	0.4859	0.6045	0.4992	0.4873	0.5059
0.3938	0.5130	0.4991	0.4995	0.5094	0.4980	0.4895	0.3864	0.6096	0.6025	0.3869	0.6119	0.4893	0.5036	0.6045	0.4859	0.6045	0.4992	0.4873	0.5059
0.3938	0.5130	0.4991	0.4995	0.5094	0.4980	0.4895	0.3864	0.6096	0.4969	0.3869	0.6119	0.4893	0.5036	0.6045	0.4859	0.6045	0.4992	0.4873	0.5059
0.3938	0.5130	0.4991	0.4995	0.5094	0.4980	0.4895	0.3864	0.6096	0.4969	0.3869	0.6119	0.4893	0.5036	0.6045	0.4859	0.6045	0.4992	0.4873	0.5059
0.3938	0.5130	0.4991	0.4995	0.5094	0.4980	0.4895	0.3864	0.6096	0.4969	0.3869	0.6119	0.4893	0.5036	0.6045	0.4859	0.6045	0.4992	0.4873	0.5059
0.3938	0.5130	0.4991	0.4995	0.5094	0.4980	0.4895	0.3864	0.6096	0.4969	0.3869	0.6119	0.4893	0.5036	0.6045	0.4859	0.6045	0.4992	0.4873	0.5059
0.3938	0.5130	0.4991	0.4995	0.5094	0.4980	0.4895	0.3864	0.6096	0.4969	0.3869	0.6119	0.4893	0.5036	0.6045	0.4859	0.6045	0.4992	0.4873	0.5059
0.3938	0.5130	0.4991	0.4995	0.5094	0.4980	0.4895	0.3864	0.6096	0.4969	0.3869	0.6119	0.4893	0.5036	0.6045	0.4859	0.6045	0.4992	0.4873	0.5059
0.3938	0.5130	0.4991	0.4995	0.5094	0.3932	0.4895	0.3864	0.6096	0.4969	0.3869	0.6119	0.4893	0.5036	0.6045	0.4859	0.6045	0.4992	0.4873	0.5059
0.3938	0.5130	0.4991	0.4995	0.5094	0.3932	0.4895	0.3864	0.6096	0.4969	0.3869	0.6119	0.4893	0.5036	0.6045	0.6103	0.6045	0.4992	0.4873	0.5059
0.3938	0.5130	0.4991	0.4995	0.5094	0.3932	0.4895	0.3864	0.5078	0.4969	0.3869	0.6114	0.4893	0.5036	0.6045	0.6103	0.6045	0.4992	0.4873	0.5059
0.3938	0.5130	0.4991	0.4995	0.5094	0.3932	0.4895	0.3864	0.5078	0.4969	0.3869	0.6114	0.4893	0.5036	0.6045	0.6103	0.6045	0.4992	0.4873	0.5059
0.3938	0.5130	0.4991	0.4995	0.5094	0.3932	0.4895	0.3864	0.5078	0.4969	0.3869	0.3823	0.4893	0.5036	0.6045	0.6103	0.6045	0.4992	0.4873	0.5059
0.5008	0.5130	0.4991	0.4995	0.3835	0.3932	0.3871	0.3864	0.5078	0.4969	0.3869	0.3823	0.4893	0.5036	0.6045	0.6103	0.6045	0.4992	0.4873	0.5059
0.5008	0.5130	0.4991	0.4995	0.3835	0.3932	0.3871	0.3864	0.5078	0.4969	0.3869	0.3823	0.4893	0.5036	0.6045	0.6103	0.6045	0.4992	0.3972	0.5059
0.5008	0.4980	0.4991	0.4995	0.3835	0.3932	0.3871	0.3864	0.5078	0.4969	0.3869	0.3823	0.4893	0.5036	0.6045	0.6103	0.6045	0.4992	0.3972	0.5059
0.5008	0.4980	0.4991	0.4995	0.3835	0.3932	0.3871	0.3864	0.5078	0.4969	0.3869	0.3823	0.4893	0.5036	0.6045	0.3870	0.6045	0.4919	0.3972	0.5059
0.5008	0.4980	0.4991	0.4995	0.3835	0.4903	0.3871	0.3864	0.5078	0.4969	0.3869	0.3823	0.4893	0.5036	0.6045	0.3870	0.6045	0.4919	0.3972	0.5059
0.5008	0.4980	0.4991	0.4995	0.5096	0.5120	0.3871	0.3864	0.5078	0.4969	0.3869	0.3823	0.4893	0.5036	0.6045	0.3870	0.6045	0.4919	0.3972	0.5010
0.5008	0.4980	0.4991	0.4995	0.5096	0.5120	0.3871	0.3864	0.5078	0.4969	0.3869	0.3823	0.4893	0.5036	0.6045	0.3870	0.6045	0.4919	0.3972	0.5010
0.5008	0.4980	0.4991	0.4995	0.5096	0.5120	0.3871	0.3864	0.5078	0.4969	0.3869	0.3823	0.4893	0.5036	0.6045	0.3870	0.6045	0.4919	0.3972	0.5010
0.5008	0.4980	0.4991	0.4995	0.5096	0.5120	0.3871	0.3864	0.5078	0.4969	0.3869	0.3823	0.4893	0.5036	0.6045	0.3870	0.6045	0.4919	0.3972	0.5010
0.4965	0.4980	0.4991	0.4995	0.5096	0.5120	0.3871	0.3864	0.5078	0.4969	0.3869	0.3823	0.4893	0.5036	0.6045	0.3870	0.6045	0.4919	0.3972	0.5010
0.4965	0.4980	0.4991	0.4995	0.5096	0.5120	0.6090	0.3864	0.5078	0.4969	0.3869	0.3823	0.4893	0.5036	0.6045	0.3870	0.6045	0.4919	0.3972	0.5010
0.4965	0.4980	0.4991	0.4995	0.5096	0.5120	0.6090	0.3864	0.5078	0.4969	0.3869	0.3823	0.4893	0.5036	0.6045	0.3870	0.6045	0.4919	0.3972	0.5010
0.4965	0.4980	0.4991	0.4995	0.5096	0.5120	0.6090	0.3864	0.5078	0.4969	0.3869	0.3823	0.4893	0.5036	0.6045	0.3870	0.6045	0.4919	0.3972	0.5010
0.4965	0.4980	0.4991	0.4995	0.5096	0.5120	0.6090	0.3864	0.5078	0.4969	0.3869	0.3823	0.4893	0.5036	0.6045	0.3870	0.6045	0.4919	0.3972	0.5010
0.4965	0.4980	0.4991	0.4995	0.5096	0.5120	0.6090	0.3864	0.5078	0.4969	0.3869	0.3823	0.4893	0.5036	0.6045	0.3870	0.6045	0.4919	0.3972	0.5010
0.4965	0.4980	0.4991	0.4995	0.5096	0.5120	0.6090	0.3864	0.5078	0.4969	0.3869	0.3823	0.4893	0.5036	0.6045	0.3870	0.6045	0.4919	0.3972	0.5010
0.4965	0.4980	0.4991	0.4995	0.5096	0.5120	0.6090	0.3864	0.5078	0.4969	0.3869	0.3823	0.4893	0.5036	0.6045	0.3870	0.6045	0.4919	0.3972	0.5010
0.4965	0.4980	0.4991	0.4995	0.3832	0.5120	0.6090	0.3864	0.5078	0.4969	0.4935	0.3823	0.4893	0.5036	0.6045	0.3870	0.6045	0.4919	0.3972	0.5010
0.4965	0.4980	0.4991	0.4995	0.3832	0.5120	0.6090	0.3864	0.5078	0.4969	0.4935	0.3823	0.4893	0.5036	0.6045	0.3870	0.6045	0.4919	0.3972	0.5010
0.4965	0.4980	0.4991	0.4995	0.3832	0.5120	0.6090	0.3864	0.5078	0.4969	0.4935	0.3823	0.4893	0.5036	0.6045	0.3870	0.6045	0.4919	0.3972	0.5010
0.4965	0.4980	0.4991	0.4995	0.3869	0.5120	0.6090	0.3864	0.5078	0.4969	0.4935	0.3823	0.5100	0.5036	0.6045	0.3870	0.6045	0.4919	0.3972	0.5010
0.4965	0.4980	0.4991	0.4995	0.3869	0.5120	0.6090	0.3864	0.5078	0.5024	0.4935	0.3823	0.5100	0.5036	0.6045	0.3870	0.6045	0.4919	0.3972	0.5010
0.4965	0.4980	0.4991	0.4995	0.4004	0.5120	0.6090	0.3864	0.5078	0.5024	0.4935	0.3823	0.5100	0.5036	0.6045	0.3870	0.6045	0.4919	0.3972	0.5010
0.4965	0.4980	0.4991	0.4995	0.4004	0.5120	0.6090	0.3864	0.5078	0.5024	0.4935	0.3823	0.5100	0.5036	0.6045	0.3870	0.6045	0.4919	0.3972	0.5010
0.4965	0.4980	0.4991	0.4995	0.4004	0.5120	0.6090	0.3864	0.5078	0.5024	0.4935	0.3823	0.5100	0.5036	0.6045	0.3870	0.6045	0.4919	0.3972	0.5010
0.4965	0.4980	0.4991	0.4995	0.4004	0.5120	0.6090	0.3864	0.5078	0.5024	0.4935	0.3823	0.5100	0.5036	0.6045	0.3870	0.6045	0.4919	0.3972	0.5010
