0.7480	0.8925	0.3252	0.9867	0.1880	0.9842	0.8133	0.4511	0.1106	0.7449	0.7662	0.5993	0.5126	0.7752	0.9032	0.7586	0.5465	0.4744	0.1922	0.4193
0.4644	1.0000	0.3667	0.8099	1.0000	0.2065	0.5801	0.7905	0.3729	0.3107	0.5490	0.2346	0.4857	0.5132	1.0000	0.7904	0.0103	0.4680	0.0928	0.9280
0.7541	0.8730	0.2556	0.4599	0.4695	0.4716	0.4621	0.0000	0.5011	0.5082	0.9382	0.4258	0.5808	0.3305	0.0000	1.0000	0.4608	0.7089	0.0000	0.7194
0.4820	0.8063	0.7628	0.6348	0.7351	0.4716	0.6322	0.3963	0.5011	0.0937	0.0000	0.8157	0.5010	0.6802	0.9467	0.2527	0.4179	0.1848	0.9798	0.0000
0.4820	0.4915	0.3183	1.0000	0.7109	0.5445	0.5722	0.9919	0.5011	0.5965	0.4969	0.4910	0.4326	0.1324	1.0000	0.3703	0.7242	0.4808	0.7537	0.2392
0.6771	0.4915	0.7972	0.4768	0.5391	0.6575	0.5466	0.5011	0.5011	0.8833	0.4152	0.4910	0.4326	0.2354	0.5401	0.5123	0.3807	0.5203	0.4775	0.0000
0.4569	0.4915	0.4126	0.4768	0.5121	0.2763	0.2999	0.0000	0.5011	1.0000	0.4592	0.4910	0.4326	0.5502	0.4987	0.4931	0.0000	0.5293	0.5298	0.4705
0.3322	0.4915	0.1058	0.4921	0.0000	0.9893	0.6563	0.0288	1.0000	0.5977	0.4592	0.4910	1.0000	0.9780	0.5699	0.4931	0.5439	0.5293	0.5298	0.4705
0.5269	0.4915	0.6085	0.4973	0.1825	0.5756	0.7056	0.1604	0.2482	0.5191	0.4592	0.4910	0.6690	0.4921	0.4569	0.4931	0.5439	0.4449	0.5298	0.4705
0.4836	0.4915	0.5197	0.4973	0.5907	1.0000	0.9272	0.5058	0.0688	0.5191	0.4765	0.4910	0.5324	0.4921	0.5351	0.4931	0.5439	0.4449	0.5298	0.4705
0.4743	0.4915	0.8969	0.4973	0.2041	0.4221	0.2869	0.5058	0.8922	0.4842	0.4765	0.4910	0.4799	0.4921	0.5351	0.2431	0.5439	0.4886	0.5298	0.4631
0.7139	0.4915	0.7441	0.4973	0.4133	0.5063	0.3063	0.5058	0.6263	0.4842	0.4765	0.4910	0.5093	0.2183	0.5351	0.8477	0.5439	0.7730	0.5298	0.4781
0.6675	0.4915	0.4419	0.4973	0.5784	0.5063	0.3275	0.5058	0.4535	0.4842	0.4765	0.4910	0.2272	0.7518	0.5351	0.8220	0.5439	0.0000	0.5298	0.4781
0.5115	0.5109	0.5369	0.5129	0.0964	0.5063	0.8124	0.5058	0.0000	0.4842	0.4765	0.4910	1.0000	0.6768	0.4490	0.6884	0.5439	0.0000	0.5298	0.5490
0.4993	0.5109	0.5369	0.5129	0.4531	0.5063	0.5271	0.5058	0.5661	0.4794	0.4765	0.4910	0.4521	1.0000	0.4490	0.0000	0.5439	0.4679	0.5298	0.5490
0.5025	0.5109	0.5369	0.4220	1.0000	0.5063	0.2483	0.5058	0.8829	0.5411	0.4765	0.9246	0.8356	0.5060	0.0000	0.4782	0.5519	0.4679	0.5298	0.5490
0.5067	0.5109	0.5369	0.1656	0.5011	0.5063	0.6037	0.5058	0.8174	0.5203	0.4765	0.5526	0.4953	0.0000	0.5091	0.0856	0.5519	0.4679	0.5298	0.4043
0.5067	0.5109	0.5369	0.5391	0.4330	0.4922	0.8512	0.5058	0.6345	0.5416	0.4765	0.4439	0.4953	0.4295	0.5691	0.8310	0.4652	0.4679	0.5298	0.5365
0.5067	0.5109	0.5369	0.0000	1.0000	0.4922	0.4241	0.5058	0.2034	0.5416	0.4765	0.5082	0.4953	0.4450	0.4814	0.3212	0.4652	0.4679	0.5268	0.0000
0.5067	0.5109	0.5040	0.5703	0.0000	0.4922	0.4602	0.5058	0.6632	0.5416	0.4765	0.5368	0.4953	0.7954	0.4814	0.3188	0.4652	0.4679	0.5268	0.5022
0.5067	0.5109	0.5040	0.3362	0.5627	0.4922	0.0031	0.5058	0.7701	0.5416	0.4765	0.5368	0.4953	0.2903	0.5411	0.7981	0.4652	0.4679	0.5268	0.2351
0.5067	0.5109	0.5381	0.4998	0.4264	0.4922	0.0600	0.5058	0.0000	0.5416	0.4765	0.5368	0.4943	0.8146	1.0000	0.5580	0.4652	0.4679	0.4883	0.0000
0.5067	0.5109	0.5381	0.4998	0.7370	0.4922	0.6395	0.5058	0.9436	0.5376	0.4765	0.1583	0.4943	0.4961	0.5421	0.0000	0.4652	0.4603	0.4883	0.0000
0.5067	0.4728	0.5381	0.4998	0.1694	0.4922	0.5161	0.5058	0.0000	0.5376	0.4765	0.2790	0.5053	0.4121	0.5421	0.3962	0.4652	0.2111	0.4883	0.5648
0.5067	0.4728	0.5381	0.4998	0.5231	0.4922	0.5161	0.5058	0.4709	0.5376	0.4765	0.5035	0.5053	0.4821	0.5421	0.5994	0.4652	0.6452	0.4883	0.4986
0.5067	0.4728	0.4900	0.4998	0.5231	0.4922	0.5161	0.5058	0.4709	0.5376	0.4985	0.5035	0.5053	0.4613	0.5139	0.4660	0.4652	0.5132	0.4883	0.4986
0.4574	0.4728	0.4900	0.4998	0.5231	0.4922	0.5161	0.5058	0.4791	0.5376	0.4985	0.5035	0.5053	0.4996	0.5139	0.5403	0.4652	0.2388	0.4883	0.4413
0.4574	0.4728	0.4900	0.4998	0.5036	0.4922	0.5161	0.5058	0.4791	0.5376	0.5103	0.5035	0.5216	0.4722	0.5139	0.5403	0.4652	0.5181	0.4883	0.4413
0.4574	0.4728	0.4900	0.4998	0.4873	0.4922	0.4665	0.5058	0.4791	0.5376	0.5103	0.1785	0.5216	0.4722	0.5139	0.5403	0.4521	0.5181	0.4883	0.4631
0.4711	0.4728	0.5247	0.4998	0.4828	0.4922	0.4665	0.5058	0.4791	0.5376	0.5194	0.5535	0.5216	0.4722	0.4466	0.4886	0.4521	0.2261	0.4883	0.4631
0.4711	0.4728	0.5247	0.4998	0.4828	0.4922	0.4665	0.5058	0.4791	0.5376	0.5194	0.6907	0.5216	0.4722	0.4466	0.4886	0.4521	0.4740	0.4883	0.5086
0.4644	0.4728	0.5247	0.4998	0.4828	0.4922	0.4645	0.5058	0.4791	0.4734	0.5194	0.6306	0.5216	0.4722	0.4900	0.4886	0.4521	0.4740	0.4883	0.4783
0.4644	0.4728	0.5247	0.4998	0.4872	0.4922	0.4645	0.5058	0.5311	0.4734	0.5194	0.4496	0.5216	0.4722	0.5063	0.4886	0.4521	0.4740	0.4883	0.4783
0.4644	0.5302	0.5247	0.4998	0.4826	0.5089	0.4645	0.5058	0.5311	0.4734	0.5194	0.5248	0.5216	0.5085	0.5063	0.4886	0.4521	0.4740	0.4883	0.4783
0.4902	0.5302	0.5247	0.4998	0.4826	0.4933	0.4645	0.5058	0.5311	0.4734	0.5194	0.5148	0.5216	0.5085	0.5063	0.4886	0.4521	0.4740	0.4883	0.4783
0.4902	0.5302	0.5247	0.4998	0.4826	0.4933	0.4645	0.4759	0.5311	0.4734	0.5194	0.4882	0.4527	0.5085	0.5063	0.4886	0.4521	0.4740	0.4883	0.5002
0.4902	0.5302	0.5247	0.4998	0.4826	0.4933	0.4490	0.4759	0.5311	0.4734	0.5194	0.4882	0.4527	0.5265	0.5063	0.4886	0.4521	0.4740	0.4883	0.5002
0.4902	0.5302	0.5247	0.4998	0.4826	0.4933	0.4490	0.4759	0.5311	0.4734	0.5194	0.4882	0.4527	0.5265	0.5063	0.4886	0.4521	0.4740	0.4883	0.5002
0.4902	0.5302	0.5247	0.4998	0.4826	0.4933	0.4490	0.4759	0.5311	0.4734	0.5051	0.4882	0.4527	0.5265	0.5063	0.5162	0.4688	0.4740	0.4883	0.5002
0.4902	0.5302	0.5247	0.5006	0.4826	0.4933	0.4850	0.4759	0.5311	0.4734	0.5051	0.5542	0.4527	0.5265	0.5063	0.5162	0.4688	0.4740	0.4883	0.5002
0.4902	0.5302	0.5247	0.5006	0.4826	0.4933	0.4850	0.4759	0.5170	0.4734	0.5051	0.5542	0.4527	0.5265	0.5063	0.5162	0.4688	0.4740	0.4883	0.5002
0.4902	0.5302	0.5247	0.5006	0.4826	0.4933	0.4850	0.4759	0.5170	0.4734	0.5051	0.5542	0.4527	0.5265	0.4860	0.5162	0.4688	0.4740	0.4883	0.5002
0.4902	0.5302	0.5247	0.5006	0.4826	0.4933	0.4850	0.4759	0.5170	0.4734	0.5051	0.5542	0.4527	0.5265	0.4860	0.5162	0.4688	0.4658	0.4883	0.5002
0.4983	0.5302	0.4810	0.5006	0.4826	0.4933	0.4850	0.4759	0.5170	0.4734	0.5051	0.5076	0.4527	0.5265	0.4860	0.5162	0.5099	0.4658	0.4883	0.5002
0.5035	0.5302	0.4810	0.5006	0.4826	0.4933	0.4850	0.4759	0.5170	0.4734	0.5051	0.5076	0.4527	0.5265	0.4860	0.5162	0.5099	0.4658	0.4883	0.5002
0.5106	0.5302	0.4810	0.5106	0.4826	0.4933	0.4850	0.4759	0.5170	0.4734	0.5051	0.5076	0.4527	0.5265	0.4860	0.5162	0.5099	0.4658	0.4883	0.5002
0.5106	0.5302	0.4810	0.5106	0.4826	0.4933	0.4758	0.4759	0.5170	0.4734	0.5051	0.5076	0.4527	0.5265	0.4860	0.5162	0.5099	0.4658	0.4883	0.5002
0.5106	0.5302	0.4810	0.5106	0.4826	0.4933	0.4973	0.4796	0.5170	0.4734	0.5051	0.5076	0.4527	0.4775	0.4860	0.5162	0.5099	0.4658	0.4883	0.5002
0.5106	0.4878	0.4810	0.5106	0.4826	0.4933	0.4973	0.4796	0.5170	0.4734	0.5051	0.5076	0.4527	0.4775	0.4860	0.5162	0.5099	0.4658	0.4883	0.5002
0.5106	0.4878	0.4810	0.5106	0.4826	0.4933	0.4973	0.4796	0.5170	0.4734	0.5051	0.5492	0.4527	0.4775	0.4860	0.5162	0.5099	0.4658	0.4883	0.5002
0.5106	0.4878	0.4810	0.5106	0.4826	0.4933	0.4973	0.4796	0.5170	0.4734	0.5051	0.5492	0.4719	0.4775	0.4860	0.5162	0.5099	0.4658	0.4883	0.5002
0.4986	0.4878	0.4810	0.5106	0.4826	0.4933	0.4973	0.4796	0.5170	0.4734	0.5051	0.5492	0.4719	0.4775	0.4860	0.5162	0.5099	0.4658	0.4883	0.5002
0.4986	0.4878	0.4810	0.5085	0.4826	0.4933	0.4973	0.4796	0.5170	0.4901	0.5051	0.5492	0.4719	0.4775	0.4860	0.5162	0.5099	0.4658	0.4883	0.5002
0.4986	0.4878	0.4967	0.5085	0.4826	0.4933	0.4973	0.4796	0.5170	0.4901	0.5051	0.5492	0.4719	0.4775	0.4860	0.5162	0.5099	0.4658	0.4832	0.5002
0.4986	0.4878	0.4967	0.5085	0.4826	0.4933	0.4973	0.4796	0.5170	0.4901	0.4893	0.5492	0.4719	0.4775	0.4860	0.5162	0.5099	0.4658	0.4832	0.5002
0.4986	0.4878	0.4967	0.5085	0.4826	0.4933	0.4973	0.4796	0.5170	0.4901	0.4893	0.5492	0.5127	0.4775	0.4860	0.5162	0.5099	0.4658	0.4832	0.5002
0.4986	0.4878	0.4967	0.5085	0.4826	0.4933	0.4973	0.4796	0.5170	0.4901	0.4893	0.5492	0.5127	0.4775	0.4860	0.5162	0.5099	0.4658	0.4832	0.5002
0.4986	0.4878	0.5108	0.5085	0.4826	0.4933	0.5140	0.4796	0.5170	0.4901	0.4893	0.5031	0.5127	0.4775	0.4860	0.5162	0.5099	0.4774	0.4832	0.5002
0.4986	0.4878	0.5108	0.5085	0.4826	0.4933	0.5140	0.4796	0.5170	0.4901	0.4921	0.5031	0.5127	0.4775	0.4860	0.5162	0.5099	0.4774	0.4832	0.5002
0.4986	0.4878	0.5108	0.5085	0.4826	0.4933	0.4533	0.4796	0.5170	0.4901	0.4921	0.5031	0.5127	0.4775	0.4860	0.5162	0.5099	0.4774	0.4832	0.5002
0.4986	0.4878	0.5108	0.5085	0.4826	0.4933	0.4533	0.4796	0.5170	0.4901	0.4898	0.5031	0.5127	0.4775	0.4860	0.5162	0.5099	0.4774	0.4832	0.5002
0.4986	0.4946	0.5108	0.5085	0.4826	0.4933	0.4533	0.4796	0.5170	0.4901	0.4898	0.5031	0.5127	0.4775	0.4860	0.5162	0.5099	0.4774	0.4832	0.5002
0.4986	0.4946	0.5108	0.5085	0.4826	0.4933	0.4533	0.4796	0.5170	0.4901	0.4898	0.4935	0.5127	0.4775	0.4860	0.5162	0.5099	0.4774	0.4832	0.5002
0.4986	0.4946	0.5108	0.5085	0.4826	0.4933	0.4533	0.4796	0.5170	0.4901	0.4898	0.4935	0.5127	0.5303	0.5140	0.5162	0.5099	0.4774	0.4903	0.5002
0.4986	0.4946	0.5108	0.5085	0.4826	0.4933	0.4533	0.4796	0.5170	0.4901	0.4898	0.4935	0.5127	0.5303	0.5140	0.5162	0.5099	0.4774	0.4903	0.5002
0.4986	0.4946	0.4895	0.5085	0.4826	0.4933	0.4533	0.4796	0.5170	0.4901	0.4898	0.4935	0.5127	0.5303	0.5140	0.5162	0.5099	0.4774	0.4903	0.5002
0.4986	0.4946	0.4895	0.5085	0.4979	0.4933	0.4533	0.4796	0.5170	0.4901	0.4898	0.4935	0.5127	0.5303	0.5140	0.5162	0.5099	0.5288	0.4903	0.5002
0.4986	0.4946	0.4895	0.4923	0.4979	0.4933	0.4533	0.4796	0.5170	0.4901	0.4898	0.4935	0.5127	0.5303	0.5140	0.5162	0.5099	0.5288	0.4903	0.5091
0.4986	0.4946	0.4895	0.4923	0.4999	0.4933	0.4533	0.4796	0.5170	0.4901	0.4898	0.4935	0.5127	0.5303	0.5140	0.5162	0.5099	0.5288	0.4903	0.5091
0.4986	0.4946	0.4640	0.4923	0.4999	0.4933	0.4533	0.4796	0.5170	0.4901	0.4898	0.4935	0.5127	0.5303	0.5140	0.5162	0.5099	0.5288	0.4903	0.5091
0.4986	0.4946	0.5316	0.4923	0.4999	0.4933	0.4533	0.4972	0.5170	0.4901	0.4898	0.4935	0.5127	0.5303	0.5140	0.5162	0.5099	0.5288	0.4903	0.5091
0.4986	0.4946	0.5316	0.4923	0.5280	0.4933	0.4533	0.4972	0.5170	0.4901	0.4898	0.4935	0.5127	0.5303	0.5140	0.5162	0.5099	0.5288	0.4903	0.5091
0.4986	0.4946	0.5316	0.4923	0.5280	0.4933	0.4533	0.4972	0.5170	0.4901	0.4898	0.4935	0.5127	0.5303	0.5140	0.5162	0.5099	0.5232	0.4903	0.5091
0.4986	0.4946	0.5316	0.4923	0.5280	0.4933	0.4533	0.4972	0.5170	0.4901	0.4898	0.4935	0.5127	0.5303	0.5140	0.5162	0.5099	0.5232	0.4903	0.5091
0.4986	0.4946	0.5316	0.4923	0.5280	0.4933	0.4533	0.4972	0.5170	0.4862	0.4898	0.4935	0.5127	0.5303	0.5140	0.5162	0.5099	0.5232	0.4903	0.5091
0.4986	0.4946	0.5316	0.4923	0.5305	0.4933	0.4533	0.4972	0.5170	0.4862	0.4898	0.4795	0.5127	0.5303	0.5140	0.5162	0.5099	0.5232	0.4903	0.5091
0.4986	0.4946	0.5122	0.4923	0.5305	0.4933	0.4533	0.4972	0.5170	0.4862	0.4898	0.4795	0.5127	0.5303	0.5140	0.5162	0.5099	0.4965	0.4903	0.5091
0.4986	0.4946	0.5122	0.4923	0.5305	0.4933	0.4533	0.4972	0.5170	0.4862	0.4898	0.4795	0.5127	0.5303	0.5140	0.5181	0.5099	0.4965	0.4903	0.5091
0.4986	0.4946	0.5122	0.4923	0.5305	0.4933	0.4533	0.4972	0.5170	0.4862	0.4898	0.4795	0.5127	0.5303	0.5140	0.5181	0.5099	0.4965	0.4903	0.5091
0.4986	0.4946	0.5122	0.4923	0.5305	0.4933	0.4533	0.4972	0.5170	0.4862	0.4898	0.4795	0.5127	0.5303	0.5140	0.5181	0.5099	0.4965	0.4903	0.5091
0.4986	0.4946	0.5122	0.4923	0.5305	0.4933	0.4533	0.4972	0.5170	0.4862	0.4898	0.4795	0.5127	0.5303	0.5140	0.5181	0.5099	0.4965	0.4903	0.5091
0.4986	0.4946	0.5122	0.4923	0.5305	0.4933	0.4533	0.4972	0.5170	0.4862	0.4898	0.4795	0.5127	0.5303	0.5140	0.5181	0.5099	0.5249	0.4671	0.5091
0.4986	0.4946	0.5122	0.4854	0.5305	0.4933	0.4533	0.4972	0.5170	0.4862	0.4898	0.4795	0.5127	0.5303	0.5140	0.5181	0.5099	0.5249	0.4671	0.5091
0.4986	0.4946	0.5122	0.4863	0.5305	0.4933	0.4533	0.4972	0.5170	0.4862	0.4898	0.4795	0.5127	0.5177	0.5140	0.4846	0.5099	0.5249	0.4671	0.5091
0.4986	0.4946	0.5122	0.4863	0.5305	0.4933	0.4533	0.4972	0.5170	0.4862	0.4898	0.4795	0.5127	0.5177	0.5140	0.4846	0.5099	0.5249	0.4671	0.5091
0.4986	0.4946	0.5122	0.4863	0.5305	0.4933	0.4533	0.4972	0.5170	0.4862	0.4898	0.4795	0.5127	0.5177	0.5140	0.4846	0.5099	0.5249	0.4671	0.5091
0.4986	0.4946	0.5122	0.4863	0.5305	0.4933	0.4934	0.4972	0.5170	0.4862	0.4898	0.4795	0.5130	0.5177	0.5140	0.4846	0.5099	0.5142	0.4671	0.5091
0.4986	0.4946	0.5122	0.4863	0.5305	0.4933	0.4934	0.4972	0.5170	0.4862	0.4898	0.4795	0.5130	0.5177	0.5140	0.4846	0.5099	0.5142	0.4671	0.5091
0.4986	0.5102	0.5122	0.4863	0.5305	0.4933	0.4934	0.4972	0.5170	0.4862	0.4898	0.4795	0.5130	0.5177	0.5140	0.4846	0.5099	0.5142	0.4671	0.5091
0.4986	0.5102	0.5122	0.4863	0.5305	0.4933	0.4934	0.4972	0.5170	0.4862	0.4898	0.4795	0.5130	0.5177	0.5140	0.5003	0.5099	0.5142	0.4671	0.5091
0.4986	0.5102	0.5122	0.4863	0.5305	0.4933	0.4934	0.4972	0.5170	0.4862	0.4898	0.4795	0.5130	0.5177	0.5140	0.5003	0.5099	0.5142	0.4671	0.5091
0.4986	0.5102	0.5122	0.4863	0.5305	0.4933	0.4934	0.4972	0.5170	0.4862	0.4898	0.4795	0.5130	0.5177	0.5140	0.5003	0.5099	0.5142	0.4671	0.5091
0.4986	0.5102	0.5122	0.4863	0.5305	0.4933	0.4934	0.4972	0.5170	0.4862	0.4898	0.5188	0.5130	0.5177	0.5140	0.5003	0.5099	0.4810	0.5041	0.5091
0.4986	0.5102	0.5122	0.4863	0.5305	0.4933	0.4934	0.4972	0.5170	0.4862	0.4898	0.5188	0.5130	0.5177	0.5140	0.5003	0.5099	0.4810	0.5041	0.5091
0.4986	0.5102	0.5122	0.4863	0.5319	0.4933	0.5061	0.4972	0.5170	0.4862	0.4898	0.5188	0.5130	0.5177	0.5140	0.5003	0.5099	0.4810	0.5041	0.5091
0.4986	0.5102	0.5122	0.4863	0.5319	0.4933	0.5061	0.4972	0.5170	0.4862	0.5221	0.5188	0.5130	0.5177	0.5140	0.5003	0.5099	0.4810	0.5041	0.5091
0.4986	0.5102	0.5122	0.4863	0.5319	0.4933	0.5061	0.4972	0.5170	0.4862	0.5221	0.5188	0.5130	0.5177	0.5140	0.5003	0.5099	0.4810	0.5041	0.5091
0.4986	0.5102	0.5122	0.4863	0.5319	0.4933	0.5061	0.4972	0.5170	0.4862	0.5221	0.5188	0.5130	0.5177	0.5140	0.5003	0.5099	0.5128	0.5041	0.5091
0.4986	0.5102	0.5122	0.4863	0.5319	0.4933	0.5061	0.4972	0.5170	0.4862	0.5221	0.5188	0.5130	0.5177	0.5140	0.5003	0.5099	0.5128	0.5041	0.5091
0.4986	0.5102	0.5122	0.4863	0.5319	0.4933	0.5061	0.4972	0.5170	0.4862	0.5221	0.4998	0.5130	0.5177	0.5140	0.5003	0.5099	0.5128	0.5041	0.5091
0.4986	0.5102	0.5122	0.4863	0.5319	0.4933	0.5061	0.4972	0.5170	0.4862	0.5221	0.4998	0.5130	0.5177	0.5140	0.5003	0.5099	0.5128	0.5041	0.4945
