0.2971	0.6789	0.1716	0.9909	0.9224	0.4785	0.6573	0.5333	0.9975	0.0408	0.6935	0.6546	0.8353	0.1184	0.4706	0.4501	0.8502	0.7351	0.4531	0.8611
1.0000	0.4979	0.5183	0.4883	0.2817	0.4044	0.3659	0.4067	0.2716	0.6176	0.3446	0.3896	0.0000	0.5376	0.3643	0.7552	0.0000	0.3134	0.0274	0.8128
0.5785	1.0000	0.2626	0.6181	0.3799	0.0000	0.1807	0.4067	0.2948	0.3506	1.0000	0.3512	1.0000	0.7325	1.0000	0.8321	0.6083	0.4905	0.2689	0.3941
0.0840	0.0000	0.3843	0.2715	0.3799	0.5563	0.2567	0.4956	0.4759	0.0000	0.9651	0.7990	1.0000	0.6763	0.5895	0.4843	0.5076	0.0000	0.9138	0.7104
0.0000	0.0000	0.3972	0.3536	0.4089	0.3742	0.3813	0.3985	0.3222	0.3017	0.4682	0.6175	0.8456	0.8445	0.7463	0.5155	0.2836	0.5227	0.3001	1.0000
0.5097	0.9001	0.3972	1.0000	1.0000	0.4022	0.8337	0.0687	0.4999	0.2593	0.6175	0.0000	0.6009	0.3839	0.4307	0.4857	0.9478	0.8344	1.0000	1.0000
0.8134	0.0427	0.3972	0.3283	0.8689	0.2820	0.6326	0.1096	0.8237	0.2593	0.2664	0.5937	0.2028	0.3839	0.7499	0.6877	0.6242	0.9472	0.4839	0.2045
1.0000	0.4755	0.3972	0.8760	0.0000	0.2820	0.3813	0.7183	0.7548	0.7634	0.1346	0.6195	0.9534	0.3839	0.2966	0.0631	1.0000	0.7309	0.5816	0.2477
0.2440	0.1229	0.3764	0.6122	0.7073	0.2820	0.2168	0.3882	0.1707	0.6215	0.3666	0.3783	0.5475	0.4837	0.9547	0.9986	0.4931	0.6060	0.7451	0.5078
1.0000	0.1353	0.7093	0.1802	0.7073	0.5024	0.3938	0.8178	0.8365	0.4869	0.4652	0.5275	0.4781	0.5087	0.3835	0.6180	0.4970	0.6002	1.0000	0.5078
1.0000	0.3826	0.5015	0.1683	0.9117	0.5024	0.9693	0.6600	1.0000	0.4869	0.6040	0.5275	0.5119	0.5087	0.3841	0.6220	0.0000	0.3744	0.5899	0.6979
0.6992	0.2351	0.5015	0.6051	0.5793	0.5024	0.3831	0.4036	0.4843	0.4961	0.6040	0.7672	0.5119	0.4892	0.5022	0.4815	1.0000	0.3744	1.0000	0.6026
0.6001	0.0000	0.5015	0.3997	0.4832	0.5024	0.3831	0.6313	0.0000	0.8171	0.6040	0.4981	0.7322	0.4856	0.3165	0.6100	0.0000	0.3744	0.3755	0.8076
0.2485	0.3205	0.3934	1.0000	0.4115	0.3946	0.3831	0.6108	0.0000	0.5626	0.6040	0.5069	0.2863	0.0000	0.0000	0.4731	0.4167	0.4809	0.6125	0.3656
0.0000	0.9148	0.3934	0.4895	0.4115	0.6174	0.2617	0.6108	1.0000	0.5924	0.6040	0.3641	0.4909	0.5937	0.5121	0.7624	0.6280	0.7203	0.6125	0.3656
0.0000	0.4579	0.3934	0.4895	0.4115	0.4958	0.4846	0.0000	0.3748	0.5924	0.4096	0.7025	0.5204	0.0000	0.1187	0.6102	0.3872	0.4666	0.1096	0.3844
0.4954	0.1671	0.7399	0.4895	0.4888	0.4958	0.0563	0.5896	0.2685	0.6006	0.3729	0.0000	0.0000	0.5522	0.5098	0.5034	0.6140	0.2960	0.5873	0.6981
0.0849	0.6201	0.4921	0.5195	0.2602	0.4958	0.0758	0.5939	1.0000	0.7145	0.5213	0.5335	0.3783	0.3911	0.5098	0.5034	0.6140	0.6944	0.3789	0.5370
1.0000	0.3863	0.4921	0.5195	0.6288	0.4958	0.5586	0.7310	0.0000	0.6087	0.5213	1.0000	0.3783	0.4738	0.7320	0.5034	0.0728	0.0000	0.3789	0.7134
0.0959	0.3863	0.6245	0.5195	0.7111	0.4958	1.0000	0.2130	0.4980	0.3707	0.5213	0.6112	0.3783	0.3952	0.4944	0.5034	0.4112	1.0000	0.3789	0.7134
0.2856	0.4911	0.5324	0.5195	0.2679	0.4958	0.6260	0.2689	0.4980	1.0000	0.5213	0.6112	0.3783	0.5952	0.6175	0.5034	1.0000	0.4247	0.3789	0.7134
0.2856	0.4911	0.6728	1.0000	0.7302	0.4958	0.9149	0.7746	0.4980	0.5582	0.5122	0.5127	0.3783	0.5890	0.5941	0.5034	0.8020	0.9556	0.3789	0.6018
0.5128	0.2880	0.0000	0.8108	0.2709	0.4958	0.5918	0.3917	0.4980	0.4260	0.5122	0.5127	0.3783	0.3746	0.6310	0.5034	0.3990	0.5931	0.3789	0.6018
0.5128	0.3729	0.1119	0.4173	0.5031	0.4958	0.5929	0.3917	0.4980	0.8222	0.5122	0.5127	1.0000	0.3746	0.2414	0.5034	0.5224	0.5313	0.3789	0.6018
0.5128	0.3744	1.0000	0.6052	0.4872	0.4958	0.5929	0.3917	0.4980	0.5067	0.5122	0.5127	1.0000	0.4888	0.6271	0.5034	0.5224	0.3673	0.3789	0.6018
0.6249	0.6068	0.2763	0.4901	0.4872	0.4958	0.5929	0.3917	0.4980	0.5067	0.5066	0.5127	0.7262	0.6238	0.6271	0.5034	0.6409	0.2913	0.3789	0.6018
0.6249	0.4891	0.8411	0.4901	0.4958	0.4958	0.5929	0.3917	0.4980	0.5067	0.5094	0.2712	0.7308	0.3900	0.4992	0.5034	0.1419	0.2913	0.3789	0.5021
0.6249	0.4891	0.4989	0.4901	0.4958	0.4958	0.5130	0.3917	0.4980	0.5067	0.5036	0.4861	0.4070	0.3900	0.4992	0.5034	0.7383	0.4017	0.3789	0.5021
0.6249	0.4891	0.4989	0.4901	0.4958	0.4958	0.5130	0.3917	0.4980	0.3842	0.7422	0.3350	0.4894	0.3900	0.4992	0.5034	0.9962	0.4017	0.3789	0.4927
0.6249	0.4891	0.5981	1.0000	0.4958	0.4958	0.5130	0.3917	0.4980	0.3842	0.6140	0.5120	0.4894	0.3900	0.6173	0.4884	0.2970	0.4017	0.3789	0.4927
0.6249	0.4900	0.5981	0.3897	0.4958	0.4958	0.5130	0.3917	0.4980	0.5296	0.6140	0.5120	0.3985	0.3900	0.5019	0.4884	0.6913	0.4017	0.3789	0.4927
0.6249	0.4989	0.5981	0.4071	0.4958	0.4958	0.5130	0.3917	0.4980	0.5988	0.4175	0.5120	0.3985	0.3900	0.5019	0.4884	0.0000	0.7262	0.3789	0.4927
0.6249	0.4989	0.5981	0.3763	0.4958	0.5013	0.5130	0.3917	0.4980	0.5739	1.0000	0.5120	0.3985	0.3900	0.5019	0.4884	0.3686	0.7262	0.4972	0.4927
0.6249	0.3867	0.5981	0.3763	0.4958	0.5013	0.7114	0.3917	0.4980	0.2505	0.6960	0.5120	0.3985	0.3900	0.5019	0.4884	0.4982	0.7262	0.4972	0.4927
0.6249	0.3867	0.5981	0.3763	0.4958	0.5013	0.6199	0.3917	0.4980	0.5892	0.4696	0.5120	0.3985	0.3900	0.5019	0.4884	0.4982	0.7262	0.4972	0.4927
0.6249	0.5173	0.5981	0.3844	0.5736	0.5013	0.6199	0.3917	0.4980	0.2598	0.4696	0.5120	0.3985	0.3900	0.5019	0.4984	0.6164	0.4884	0.4972	0.4927
0.6249	0.4075	0.5981	0.3844	0.2996	0.5013	0.6199	0.3917	0.4980	0.4130	0.2936	0.4981	0.3985	0.3900	0.5019	0.4984	0.6164	0.2859	0.4972	0.4927
0.6249	0.4075	0.5981	0.3844	0.5961	0.5013	0.6199	0.3917	0.4980	0.3757	0.2936	0.4981	0.3985	0.3900	0.5019	0.4984	0.6164	0.5062	0.4972	0.4927
0.6249	0.4075	0.5008	0.3844	0.5961	0.5013	0.6199	0.3917	0.4980	0.3757	0.5064	0.4981	0.3985	0.3900	0.5019	0.4984	0.6164	0.5014	0.4972	0.4927
0.6249	0.4075	0.5008	0.3844	0.5961	0.5013	0.6199	0.3917	0.4980	0.3757	0.5064	0.5155	0.3985	0.3900	0.5019	0.4984	0.6164	0.5014	0.4972	0.4927
0.6249	0.4075	0.6157	0.3844	0.5961	0.5013	0.4998	0.3917	0.4980	0.3757	0.5064	0.5155	0.3794	0.3900	0.5019	0.4984	0.6164	0.6242	0.5054	0.4872
0.6249	0.4075	0.6157	0.3844	0.5961	0.5013	0.4998	0.3917	0.4980	0.3757	0.6324	0.5155	0.3794	0.5085	0.5019	0.4984	0.6164	0.6242	0.5054	0.4872
0.4962	0.4075	0.6157	0.3844	0.5961	0.5013	0.4998	0.3917	0.4980	0.3757	0.6324	0.5155	0.5163	0.5085	0.5019	0.4984	0.6164	0.6242	0.5054	0.4872
0.4962	0.4075	0.5006	0.3844	0.5961	0.5013	0.4998	0.3917	0.4980	0.3757	0.6324	0.4961	0.5163	0.5085	0.5019	0.4984	0.6164	0.6242	0.5054	0.4872
0.4962	0.4918	0.5006	0.3844	0.5961	0.4933	0.4998	0.3917	0.4980	0.3757	0.3816	0.4961	0.5163	0.5085	0.5019	0.4984	0.6164	0.6242	0.5054	0.4872
0.4962	0.4918	0.5006	0.3844	0.5961	0.4933	0.4998	0.3917	0.4980	0.3757	0.3816	0.4961	0.5163	0.5085	0.5019	0.4984	0.6164	0.6242	0.5054	0.4872
0.4962	0.4918	0.5006	0.3844	0.5961	0.4914	0.4998	0.3917	0.4980	0.5053	0.5169	0.4961	0.5163	0.5085	0.5019	0.4984	0.6164	0.6242	0.5054	0.4872
0.4962	0.4918	0.6155	0.3844	0.5121	0.4914	0.4998	0.3917	0.4980	0.5053	0.5169	0.4961	0.5163	0.5085	0.5019	0.4984	0.6164	0.6242	0.5054	0.4872
0.4962	0.4918	0.6155	0.3844	0.5121	0.4914	0.4998	0.3917	0.4980	0.5053	0.5169	0.4961	0.5163	0.5085	0.5019	0.4984	0.3756	0.5114	0.5054	0.4872
0.4962	0.4918	0.6155	0.3844	0.5121	0.4914	0.4998	0.3917	0.4980	0.5053	0.5169	0.4961	0.5163	0.5085	0.5019	0.4984	0.3756	0.5114	0.5054	0.4872
0.4962	0.4918	0.6155	0.3844	0.5121	0.4914	0.3909	0.3917	0.4980	0.5002	0.5169	0.4961	0.5163	0.5085	0.5019	0.4984	0.3756	0.5114	0.5054	0.4872
0.4962	0.6109	0.6155	0.3844	0.5121	0.4914	0.3909	0.3917	0.4980	0.5002	0.5169	0.4961	0.5163	0.5085	0.5019	0.4984	0.3756	0.5114	0.4974	0.4872
0.4962	0.6109	0.5054	0.3844	0.4011	0.4914	0.3909	0.3917	0.4980	0.5002	0.6298	0.4961	0.5163	0.5085	0.4996	0.4984	0.3756	0.5114	0.4974	0.6138
0.4962	0.5024	0.5054	0.3844	0.4011	0.4914	0.3909	0.3917	0.4980	0.3931	0.6298	0.4961	0.6145	0.5085	0.4996	0.4984	0.5103	0.5114	0.4974	0.6138
0.4962	0.5024	0.5054	0.3844	0.4011	0.3846	0.3909	0.3917	0.4980	0.3931	0.6298	0.4961	0.6145	0.5085	0.4996	0.4984	0.5103	0.5114	0.4974	0.6138
0.4962	0.5024	0.5054	0.3844	0.4011	0.3846	0.3909	0.3917	0.4980	0.2776	0.4906	0.4961	0.6145	0.5085	0.4996	0.4984	0.5103	0.5114	0.4974	0.6138
0.4962	0.5024	0.5054	0.3844	0.4011	0.3846	0.3909	0.3917	0.4980	0.2776	0.4906	0.4961	0.6145	0.5085	0.4996	0.4984	0.5103	0.5114	0.4974	0.6138
0.4962	0.5024	0.5054	0.3844	0.4011	0.3846	0.3909	0.3917	0.4980	0.2776	0.4906	0.4961	0.6145	0.5085	0.4996	0.4984	0.5103	0.5114	0.4974	0.6138
0.4962	0.5024	0.5054	0.3844	0.4011	0.3846	0.3909	0.3917	0.4980	0.2776	0.4010	0.4961	0.6145	0.5085	0.4996	0.4984	0.5103	0.5114	0.4974	0.6138
0.4962	0.5024	0.5054	0.3844	0.4011	0.3846	0.3909	0.3917	0.4980	0.2776	0.4010	0.4961	0.6145	0.5085	0.4996	0.4984	0.5103	0.5114	0.4974	0.6138
0.4962	0.5024	0.5054	0.3844	0.4011	0.3846	0.3909	0.3917	0.4980	0.2776	0.4010	0.4961	0.6145	0.5085	0.4996	0.4984	0.5103	0.5114	0.4974	0.6138
0.4962	0.5024	0.5054	0.3844	0.4011	0.3846	0.3909	0.3917	0.4980	0.7209	0.4010	0.4961	0.6145	0.5085	0.4996	0.4984	0.5103	0.5114	0.4974	0.6138
0.4962	0.5024	0.5054	0.3844	0.4011	0.3846	0.3909	0.3917	0.4980	0.7209	0.4010	0.4961	0.6145	0.5085	0.4996	0.4984	0.5103	0.5114	0.4974	0.6138
0.4962	0.5024	0.5054	0.3844	0.4011	0.3846	0.3909	0.3917	0.4980	0.7209	0.4010	0.4961	0.6145	0.5085	0.4996	0.4984	0.5103	0.5114	0.3836	0.6138
0.4962	0.5024	0.5054	0.3844	0.4011	0.3846	0.3909	0.3917	0.4980	0.3969	0.4010	0.4961	0.6145	0.5085	0.4996	0.4984	0.5103	0.5114	0.3836	0.6138
0.4962	0.5024	0.5054	0.3844	0.4011	0.3846	0.3909	0.3917	0.4980	0.3969	0.4010	0.4961	0.6145	0.5085	0.4996	0.4984	0.5103	0.5114	0.3836	0.6138
0.4962	0.5024	0.5054	0.3844	0.4011	0.3846	0.3909	0.3917	0.4980	0.3969	0.4010	0.4961	0.6145	0.5085	0.4996	0.4984	0.5103	0.5002	0.3836	0.6138
0.4962	0.5024	0.5054	0.3844	0.4011	0.3846	0.3909	0.3917	0.4980	0.3969	0.4010	0.4961	0.6145	0.5085	0.4996	0.4984	0.5103	0.5002	0.3836	0.6138
0.4962	0.5024	0.5054	0.6141	0.4011	0.3846	0.3909	0.3917	0.4980	0.3969	0.4010	0.4961	0.5112	0.5085	0.4996	0.4984	0.5103	0.5002	0.3836	0.6138
0.4962	0.5024	0.5054	0.6141	0.4011	0.3846	0.3909	0.3917	0.4980	0.5954	0.4010	0.4961	0.5112	0.5085	0.4996	0.4984	0.5103	0.5002	0.3836	0.6138
0.4962	0.5024	0.5054	0.6141	0.4011	0.3846	0.3909	0.3917	0.4980	0.5954	0.4010	0.4961	0.5112	0.5085	0.4996	0.4984	0.5103	0.5002	0.3836	0.6138
0.4962	0.5024	0.5054	0.6141	0.4011	0.3846	0.3909	0.3917	0.4980	0.5954	0.4010	0.4961	0.5112	0.5085	0.4996	0.4984	0.5103	0.5002	0.3836	0.6138
0.4962	0.5024	0.5054	0.6141	0.4011	0.3846	0.3909	0.3917	0.4980	0.5954	0.4010	0.4961	0.5112	0.5085	0.4996	0.4984	0.5103	0.5002	0.3836	0.6138
0.4962	0.5024	0.5054	0.6141	0.4011	0.3846	0.3909	0.3917	0.4980	0.5954	0.4010	0.4961	0.5112	0.5085	0.4996	0.4984	0.5103	0.5002	0.3836	0.6138
0.4962	0.5024	0.5054	0.6141	0.4011	0.3846	0.3909	0.3917	0.4980	0.5954	0.4010	0.4961	0.5112	0.5085	0.4996	0.4984	0.5103	0.5002	0.3836	0.6138
0.4962	0.5024	0.5054	0.6141	0.4011	0.3846	0.4902	0.4949	0.4980	0.5954	0.4010	0.4961	0.5112	0.5085	0.4996	0.4984	0.5103	0.5002	0.3836	0.6138
0.4962	0.5024	0.5054	0.6141	0.4011	0.3846	0.4902	0.4949	0.4980	0.5954	0.4010	0.4961	0.5112	0.5085	0.4996	0.4984	0.5103	0.5002	0.3836	0.6138
0.4962	0.5024	0.5054	0.6141	0.4011	0.3846	0.5015	0.4949	0.4980	0.5954	0.4010	0.4961	0.5112	0.5085	0.4996	0.4984	0.5103	0.5002	0.3836	0.6138
0.4962	0.5024	0.5054	0.6141	0.4011	0.3846	0.5015	0.4949	0.4980	0.5954	0.4010	0.4961	0.5112	0.5085	0.4996	0.4984	0.5103	0.5002	0.5052	0.6138
0.4962	0.5024	0.5054	0.6141	0.4011	0.3846	0.5015	0.4949	0.4980	0.5954	0.4010	0.4961	0.5112	0.5085	0.4996	0.4984	0.5103	0.5002	0.5052	0.6138
0.4962	0.5024	0.5054	0.6141	0.4011	0.3846	0.5015	0.4949	0.4980	0.5954	0.5080	0.4961	0.5112	0.5085	0.4996	0.4984	0.5103	0.5002	0.5052	0.6138
0.4962	0.5024	0.5054	0.6141	0.4011	0.3846	0.5015	0.4949	0.4980	0.5954	0.5080	0.4961	0.5112	0.5085	0.4996	0.4984	0.5103	0.5002	0.5052	0.6138
0.4962	0.5024	0.5054	0.6141	0.4011	0.3846	0.5015	0.4949	0.4980	0.5954	0.5080	0.4961	0.5112	0.5085	0.4996	0.4984	0.5103	0.5002	0.5052	0.6138
0.4962	0.5024	0.5054	0.6141	0.4011	0.3846	0.5015	0.4949	0.4980	0.5954	0.5080	0.4961	0.5078	0.5085	0.4996	0.4984	0.3825	0.5002	0.5052	0.6138
0.4962	0.5024	0.5054	0.6141	0.4011	0.3846	0.5015	0.4949	0.4980	0.5954	0.5080	0.4961	0.5033	0.5085	0.4996	0.4984	0.3825	0.5002	0.5052	0.6138
0.4962	0.5024	0.5054	0.6141	0.4011	0.3846	0.5015	0.4949	0.4980	0.3954	0.5080	0.4961	0.5033	0.5085	0.4996	0.4984	0.3825	0.5002	0.5052	0.6138
0.4962	0.5024	0.5054	0.6141	0.4011	0.3846	0.5015	0.4989	0.4980	0.3954	0.5080	0.4961	0.5033	0.5085	0.4988	0.4984	0.3825	0.5002	0.5052	0.6138
0.4962	0.5024	0.5054	0.6141	0.4011	0.3846	0.5015	0.4989	0.4980	0.3954	0.5080	0.4961	0.5033	0.5085	0.4988	0.4984	0.3825	0.5002	0.5052	0.6138
0.4962	0.5024	0.5054	0.6141	0.4011	0.3846	0.5015	0.4989	0.4980	0.3954	0.5080	0.4961	0.5033	0.5085	0.4988	0.4984	0.3825	0.5002	0.5052	0.3921
0.4962	0.5024	0.5054	0.6141	0.4011	0.3846	0.5015	0.4989	0.4980	0.3954	0.5080	0.4961	0.5033	0.5085	0.4988	0.4984	0.3825	0.5002	0.5052	0.3921
0.5040	0.5024	0.5054	0.6141	0.4011	0.3846	0.5015	0.4989	0.4980	0.3954	0.5080	0.4961	0.5033	0.5085	0.4988	0.4984	0.3825	0.5002	0.5052	0.3921
0.5040	0.5024	0.5054	0.6141	0.4011	0.3846	0.5015	0.4989	0.4980	0.3954	0.5080	0.4961	0.5033	0.5085	0.4988	0.4984	0.3825	0.5002	0.5052	0.3921
0.5040	0.5024	0.5054	0.6141	0.4011	0.3846	0.5015	0.4989	0.4980	0.3954	0.5080	0.4961	0.5033	0.5085	0.4988	0.4984	0.3861	0.5002	0.5052	0.3921
0.5040	0.5024	0.5054	0.6141	0.4011	0.3846	0.5015	0.4989	0.4980	0.3954	0.5080	0.4961	0.5033	0.5085	0.4988	0.4984	0.3861	0.5002	0.5052	0.3921
0.5040	0.5024	0.5054	0.6141	0.4011	0.3846	0.5015	0.4989	0.4980	0.3954	0.5080	0.4961	0.5033	0.5085	0.4988	0.4984	0.3861	0.5002	0.5052	0.3921
0.5040	0.5024	0.5054	0.6141	0.4011	0.3846	0.5015	0.4989	0.4980	0.3954	0.5080	0.4961	0.5033	0.5085	0.4988	0.4984	0.3861	0.5002	0.5052	0.5023
0.5040	0.5024	0.5054	0.6141	0.4011	0.3846	0.5015	0.4989	0.4980	0.3954	0.5080	0.4961	0.5033	0.5085	0.4988	0.4984	0.3861	0.5002	0.5052	0.5023
0.5040	0.5024	0.5054	0.6141	0.6108	0.3846	0.5015	0.4989	0.4980	0.3954	0.5080	0.4961	0.5033	0.5085	0.4988	0.4984	0.3861	0.5002	0.5052	0.5023
0.5040	0.5024	0.5054	0.6141	0.6108	0.3846	0.5015	0.4989	0.4980	0.3954	0.5080	0.4961	0.5033	0.5085	0.4988	0.4984	0.3861	0.5002	0.5052	0.5023
0.5040	0.5024	0.5054	0.6141	0.6108	0.3846	0.5015	0.4989	0.4980	0.3954	0.5080	0.4961	0.5033	0.5085	0.4988	0.4962	0.3861	0.5002	0.5052	0.5023
0.5040	0.5024	0.5054	0.6141	0.6108	0.5007	0.5015	0.4989	0.4980	0.3954	0.5080	0.4961	0.5033	0.5085	0.4988	0.4962	0.3861	0.5002	0.5052	0.5023
