0.1129	0.4911	0.9494	0.3503	0.3687	0.0509	0.8291	0.6153	0.1472	0.9642	0.1262	0.9100	0.1046	0.9649	0.5988	0.8959	0.2808	0.4857	0.6867	0.7785
0.5480	1.0000	0.4902	0.0000	0.0000	0.5108	0.6161	0.6255	0.1298	0.1899	0.3504	0.0825	0.1568	1.0000	0.3197	0.3381	0.0000	0.6485	0.7790	0.8611
0.2779	0.3461	0.6081	0.5212	0.4422	0.5031	0.0981	0.4038	1.0000	0.6502	0.5928	0.8369	0.2019	0.7670	0.5581	0.7790	0.4978	0.6356	0.4355	1.0000
0.9681	0.1040	0.6128	0.8202	0.4422	0.4921	0.6090	0.5571	0.0000	0.5956	1.0000	0.9376	0.4750	0.6654	0.0000	1.0000	0.4978	0.1839	0.4152	0.3952
0.7666	0.7348	0.7664	0.5504	1.0000	0.9765	0.2434	1.0000	0.3010	0.5369	0.6176	0.1987	0.0000	0.6634	0.2754	0.4982	0.4022	0.1254	0.6687	0.3952
0.7666	0.0000	0.4862	0.4556	0.6084	0.6467	0.7857	0.7027	0.3010	0.5060	0.9148	0.0000	0.2428	1.0000	0.8446	0.4982	0.7565	0.1350	0.3518	0.7173
0.6058	0.3875	0.4007	0.4646	0.6084	1.0000	1.0000	0.7534	0.4437	0.4227	0.6029	0.4026	0.2428	0.7565	0.3788	0.4982	0.3964	0.6121	0.3936	0.9558
0.8653	0.3875	0.0000	0.2322	0.6084	0.4370	0.8811	0.5619	0.4437	0.2468	0.6686	0.4026	0.7323	0.6521	0.4296	0.0000	0.3964	0.0000	0.4411	1.0000
0.0821	0.3875	1.0000	0.3991	0.2946	0.7187	0.0000	1.0000	0.5014	0.2214	0.1162	0.4026	0.3148	0.6521	0.4498	0.5417	0.3964	0.3012	0.4411	0.5522
0.7212	0.0000	0.0618	0.5228	0.0000	0.8715	0.5057	0.1804	0.6003	0.5387	0.0000	0.3898	0.4424	0.6521	0.4498	0.6136	0.3375	1.0000	0.4411	0.3879
0.7470	0.0000	0.3423	0.9151	1.0000	0.7237	0.1978	0.5251	0.6003	0.0882	0.7663	0.3898	0.4560	0.6079	0.4498	0.5090	0.0000	0.2900	0.2491	0.5575
0.6025	0.9900	1.0000	0.6465	1.0000	0.4002	0.4580	1.0000	0.6003	0.6438	0.2939	0.3898	0.3956	0.3542	0.3977	0.0898	0.5321	0.6286	0.6848	0.9662
0.4849	0.5579	0.6637	0.4616	0.6088	0.4410	0.5878	0.3927	0.3431	0.7140	0.2939	0.3898	0.0000	0.4522	0.3977	0.4948	0.2208	0.6503	0.5074	0.6706
0.4946	0.5579	1.0000	0.5711	0.6088	0.3953	0.5005	0.3927	0.3431	0.7140	0.5036	0.5996	0.3913	0.5455	0.3977	0.6109	0.5334	0.5885	0.5074	0.4026
0.6024	0.5579	0.4913	0.6014	0.6088	0.1796	0.2810	0.3927	0.5505	0.6603	0.5556	0.5996	0.4107	0.5455	0.3977	0.6109	0.5107	0.6681	0.3991	0.4026
0.6009	0.5579	0.4913	0.4509	0.6088	0.5633	0.5504	0.3927	0.5505	0.6025	0.5556	0.3452	0.9572	0.5455	0.3977	0.6109	0.3883	0.1293	0.7097	0.4026
0.6009	0.5579	0.4913	0.4509	0.6088	0.8591	0.5504	0.3927	0.4566	0.6025	0.5556	1.0000	0.6048	0.5455	0.3977	0.6109	0.3883	0.4514	0.2664	0.4026
0.6009	0.5579	0.5559	0.4509	0.3935	1.0000	0.5504	0.3927	0.7453	0.6025	0.5556	0.4988	0.6048	0.5455	0.3977	0.6109	0.6001	0.4514	0.2907	0.6068
0.6009	0.5579	0.6074	0.4509	0.3935	1.0000	0.5504	0.3927	0.8938	0.6025	0.5556	0.9183	0.6048	0.7157	0.3977	0.6109	0.6001	0.2922	0.4972	0.6068
0.6009	0.5579	0.6074	0.4509	0.5541	0.7542	0.1933	0.4321	0.4353	0.6025	0.5556	0.4044	0.6048	0.7157	0.3977	0.6109	0.3902	0.4533	0.4972	0.3857
0.6009	0.5579	0.6074	0.4509	0.5541	0.5521	0.3971	0.4034	0.8165	0.6025	0.5556	0.5002	0.6048	0.4043	0.3977	0.6109	0.3902	0.4533	0.7112	0.3857
0.6009	0.5579	0.6527	0.4509	0.5541	0.5521	0.0000	0.4034	0.4621	0.6025	0.5556	0.5002	0.5955	0.5724	0.3977	0.6109	0.0000	0.4533	1.0000	0.3857
0.6009	0.5579	0.6527	0.4509	0.5541	0.3836	0.3461	0.5476	0.5279	0.6025	0.5556	0.5002	0.5955	0.5218	0.3977	0.6109	0.6517	0.4533	0.5041	0.7134
0.6009	0.3952	0.6527	0.4509	0.5541	0.3836	0.3461	0.7118	0.4986	0.6025	0.5556	0.5002	0.5955	0.5023	0.4966	0.6109	0.8737	0.2983	0.5041	0.5964
0.6009	0.3952	0.5001	0.4509	0.5541	0.4458	0.3461	0.0000	0.4596	0.6025	0.5556	0.5002	0.3353	0.5023	0.4966	0.6109	0.3886	0.6513	0.5041	0.5603
0.6009	0.3952	0.5001	0.4509	0.5541	0.4458	0.2356	0.4450	0.7048	0.6025	0.5556	0.5002	0.3353	0.5023	0.2972	0.6109	0.7048	0.5934	0.5041	0.5603
0.6009	0.3952	0.3360	0.3933	0.5541	0.4458	0.2384	0.1863	0.7048	0.6025	0.5556	0.5002	0.3353	0.5048	0.4706	0.6109	0.7048	0.5434	0.5041	0.6644
0.6009	0.3945	0.4884	0.3933	0.4964	0.4458	0.4451	0.1463	0.4973	0.6025	0.5556	0.4428	0.4553	0.5048	0.8439	0.6109	0.7038	0.8679	0.5041	0.6644
0.5559	0.3945	0.6039	0.3933	0.4964	0.4458	0.3822	0.3985	0.4973	0.6025	0.5556	0.4428	0.4553	0.5048	0.4642	0.5476	0.7058	0.5472	0.5041	0.5023
0.5559	0.3945	0.6039	0.3933	0.4964	0.4458	0.4923	0.1783	0.4973	0.6025	0.5556	0.4428	0.4553	0.5048	0.4496	0.5476	0.7058	0.5472	0.5522	0.5023
0.5559	0.3945	0.6039	0.3933	0.4964	0.4458	0.6656	0.5063	0.4973	0.6025	0.5556	0.4428	0.4989	0.5048	0.6056	0.5476	0.5949	0.5472	0.5522	0.5031
0.5559	0.3945	0.6039	0.3933	0.4964	0.4458	0.2449	0.5063	0.4973	0.6025	0.5556	0.4428	0.4989	0.5048	0.7060	0.5476	0.2356	0.5472	0.5522	0.5031
0.5559	0.3945	0.6039	0.3933	0.4964	0.4458	0.5569	0.5063	0.4973	0.3923	0.5556	0.4428	0.4989	0.5048	0.7060	1.0000	0.2356	0.5472	0.5522	0.5031
0.5559	0.3945	0.6039	0.3933	0.4964	0.4458	0.5569	0.3984	0.4973	0.3923	0.5523	0.4428	0.4989	0.5048	0.7060	0.3496	0.4561	0.5472	0.5522	0.5031
0.5559	0.3945	0.6039	0.3933	0.4964	0.4458	0.5569	0.3984	0.4973	0.3923	0.5523	0.4428	0.3857	0.5048	0.7060	0.5518	0.4447	0.5472	0.5522	0.5031
0.3918	0.3945	0.6039	0.3933	0.4964	0.4458	0.5569	0.3984	0.4973	0.3923	0.5523	0.4428	0.5095	0.5048	0.5455	0.5518	0.4447	0.5472	0.5522	0.5557
0.7038	0.3945	0.6039	0.3933	0.4964	0.4458	0.5569	0.5635	0.4955	0.3923	0.5523	0.4428	0.5023	0.5048	0.5455	0.5518	0.4447	0.5472	0.5522	0.5557
0.7038	0.3945	0.6039	0.3933	0.4964	0.4458	0.5569	0.4990	0.4955	0.3923	0.5523	0.4913	0.5023	0.5507	0.5455	0.5518	0.4447	0.5472	0.5522	0.5557
0.7038	0.3472	0.5009	0.3933	0.4964	0.4458	0.5569	0.4959	0.4955	0.3923	0.5523	0.4913	0.5023	0.5507	0.5066	0.3930	0.4447	0.5472	0.5522	0.5557
0.7038	0.3472	0.4978	0.6040	0.4964	0.4458	0.5008	0.4959	0.4955	0.3923	0.5523	0.4913	0.5023	0.5507	0.5066	0.3930	0.4447	0.5472	0.5522	0.5557
0.7038	0.3472	0.4978	0.6040	0.4964	0.4458	0.5008	0.4959	0.4955	0.3923	0.5523	0.4913	0.5023	0.5507	0.5066	0.3930	0.4447	0.5472	0.5522	0.5557
0.7038	0.3472	0.4978	0.6040	0.4964	0.4458	0.5008	0.4959	0.4955	0.3923	0.5523	0.6559	0.5023	0.5507	0.5066	0.3930	0.6010	0.5472	0.5522	0.5557
0.7038	0.3472	0.4978	0.6040	0.4964	0.4458	0.5008	0.4959	0.4955	0.3923	0.5523	0.6559	0.5023	0.5507	0.5066	0.3930	0.6010	0.5472	0.5522	0.5557
0.6079	0.3472	0.4978	0.6040	0.4964	0.4458	0.5008	0.4959	0.4955	0.3923	0.5523	0.5085	0.5023	0.5507	0.5066	0.5554	0.6010	0.5472	0.5522	0.5557
0.6079	0.3472	0.4978	0.6040	0.4964	0.4458	0.5008	0.4959	0.4955	0.3923	0.5523	0.5085	0.5023	0.5507	0.5066	0.5554	0.6010	0.5472	0.5522	0.4982
0.6079	0.3472	0.4978	0.6040	0.4964	0.4458	0.5008	0.4959	0.4955	0.5568	0.5523	0.5085	0.5023	0.5507	0.5556	0.5554	0.6010	0.5472	0.5522	0.4484
0.6079	0.3472	0.4978	0.6040	0.4964	0.4458	0.5008	0.4959	0.4955	0.5568	0.5523	0.4505	0.5023	0.5507	0.5556	0.5554	0.6010	0.5472	0.5522	0.3920
0.6079	0.5526	0.4978	0.6040	0.4964	0.4458	0.5008	0.4959	0.4955	0.5568	0.5523	0.4505	0.5023	0.4454	0.5556	0.5554	0.6010	0.5472	0.5522	0.3920
0.6079	0.5526	0.4978	0.6040	0.4964	0.6000	0.5008	0.6039	0.4955	0.5568	0.5523	0.4505	0.5023	0.4454	0.5556	0.5554	0.6543	0.5472	0.5522	0.3920
0.6079	0.5526	0.4978	0.6040	0.4964	0.6000	0.5008	0.6039	0.4955	0.5568	0.5523	0.4505	0.5023	0.4454	0.5556	0.5554	0.5101	0.5472	0.5522	0.3920
0.6079	0.5526	0.4978	0.6040	0.4964	0.6000	0.5008	0.6039	0.4955	0.5568	0.5523	0.4505	0.5023	0.4454	0.5556	0.5554	0.5101	0.5472	0.5522	0.3920
0.6079	0.5526	0.4978	0.6040	0.4964	0.6000	0.5008	0.6039	0.4955	0.5568	0.5523	0.4505	0.5023	0.4454	0.5556	0.5554	0.5101	0.5472	0.5522	0.3920
0.6079	0.5526	0.4978	0.6040	0.4964	0.6000	0.5515	0.6039	0.4955	0.5568	0.5523	0.4505	0.5023	0.4454	0.5556	0.5554	0.4025	0.5472	0.5522	0.3920
0.6079	0.5526	0.4978	0.6040	0.4964	0.6000	0.5515	0.6039	0.4955	0.5568	0.5523	0.4449	0.5023	0.5021	0.5556	0.5554	0.4025	0.5472	0.5522	0.3920
0.5506	0.5526	0.4978	0.6040	0.4964	0.6000	0.5515	0.6039	0.4955	0.5568	0.5523	0.4449	0.5023	0.5021	0.5556	0.5554	0.4492	0.5472	0.5522	0.3920
0.5506	0.5526	0.4978	0.6040	0.4964	0.6000	0.5515	0.6039	0.4955	0.5051	0.5523	0.4449	0.5023	0.5021	0.5556	0.5554	0.4492	0.5472	0.3941	0.3920
0.5506	0.5526	0.4978	0.6040	0.4964	0.6000	0.5515	0.6039	0.4955	0.5514	0.5523	0.4449	0.5023	0.5021	0.5556	0.5554	0.4492	0.5472	0.3941	0.3920
0.5506	0.5526	0.5561	0.6040	0.4964	0.6000	0.5515	0.6039	0.4955	0.5514	0.5523	0.4449	0.5023	0.5021	0.5556	0.5554	0.4492	0.5472	0.3941	0.3920
0.5506	0.5526	0.5561	0.6040	0.4964	0.6000	0.5515	0.6039	0.4955	0.5514	0.5523	0.4984	0.5023	0.5021	0.5556	0.5554	0.4492	0.5472	0.3941	0.3920
0.5506	0.5526	0.5561	0.6040	0.4964	0.6000	0.5515	0.6039	0.4955	0.5514	0.5523	0.4984	0.5023	0.5021	0.5556	0.5554	0.6032	0.5472	0.3941	0.3920
0.5506	0.5526	0.5561	0.6040	0.4964	0.6000	0.5515	0.6039	0.5498	0.5514	0.5523	0.4984	0.5023	0.6011	0.5556	0.5554	0.6032	0.5472	0.3941	0.3920
0.5002	0.5526	0.5561	0.6040	0.4964	0.6000	0.5515	0.6039	0.5498	0.5514	0.5523	0.4984	0.5023	0.6011	0.5556	0.5554	0.6032	0.5472	0.3941	0.3920
0.5002	0.5526	0.5561	0.6050	0.4964	0.6000	0.5515	0.6039	0.5498	0.5514	0.5557	0.4984	0.5023	0.6011	0.5556	0.5554	0.6496	0.5472	0.3941	0.3920
0.5002	0.5526	0.5561	0.6050	0.4964	0.6000	0.5515	0.6039	0.5498	0.5514	0.5557	0.4984	0.5023	0.6011	0.5556	0.5554	0.6496	0.5472	0.3941	0.3920
0.5002	0.5526	0.5561	0.6050	0.4964	0.6000	0.5515	0.6039	0.5498	0.5514	0.5557	0.4984	0.5023	0.6011	0.5556	0.5554	0.6062	0.5472	0.3941	0.3920
0.5002	0.5526	0.5561	0.6050	0.4964	0.6000	0.5515	0.6039	0.5498	0.5514	0.5557	0.4984	0.5023	0.6011	0.5556	0.5554	0.6062	0.5472	0.3941	0.3920
0.5002	0.5526	0.5561	0.6050	0.4964	0.6000	0.5515	0.6039	0.5498	0.5514	0.5557	0.4984	0.5023	0.6011	0.5556	0.5554	0.6062	0.5472	0.4471	0.3920
0.5002	0.5526	0.5561	0.6050	0.4964	0.6000	0.5515	0.6039	0.5498	0.5514	0.5557	0.4984	0.5023	0.6011	0.5556	0.5554	0.4533	0.5472	0.4471	0.3920
0.5002	0.5526	0.5561	0.6050	0.4964	0.3921	0.5515	0.6039	0.5498	0.5514	0.5557	0.4984	0.5023	0.6011	0.5556	0.5554	0.4533	0.5472	0.4471	0.3920
0.5002	0.5526	0.5561	0.6050	0.4964	0.3921	0.5515	0.6039	0.5498	0.5514	0.5557	0.4984	0.5023	0.6011	0.5556	0.5554	0.4533	0.5472	0.4471	0.3920
0.5002	0.5534	0.5561	0.6050	0.4964	0.3921	0.5515	0.6039	0.5498	0.5514	0.5557	0.4984	0.5023	0.6011	0.5556	0.5554	0.4533	0.5472	0.4471	0.3920
0.5002	0.7132	0.5561	0.6050	0.4964	0.3921	0.5515	0.6039	0.5498	0.5514	0.5557	0.4984	0.5023	0.6011	0.5556	0.5554	0.4533	0.5472	0.4471	0.3920
0.5002	0.5039	0.5561	0.6050	0.4964	0.3921	0.5515	0.6039	0.5498	0.5514	0.5557	0.4984	0.5023	0.6011	0.5556	0.5554	0.4533	0.5472	0.4471	0.3920
0.5002	0.5039	0.5561	0.6050	0.4964	0.3921	0.5515	0.6039	0.5498	0.5514	0.5557	0.5037	0.5023	0.6011	0.5556	0.5554	0.4533	0.5472	0.4471	0.3920
0.5002	0.5039	0.5561	0.6050	0.4964	0.3921	0.5515	0.6039	0.5498	0.5514	0.5557	0.5037	0.5023	0.6011	0.5556	0.5554	0.4551	0.5472	0.4471	0.3920
0.5002	0.5039	0.5561	0.6050	0.4964	0.3921	0.5515	0.6039	0.5498	0.5514	0.5557	0.5037	0.5023	0.6011	0.5556	0.5554	0.4551	0.5472	0.4471	0.3920
0.5002	0.5039	0.5561	0.6050	0.4964	0.3921	0.5515	0.6039	0.5498	0.5514	0.4959	0.5037	0.5023	0.6011	0.5556	0.5554	0.4551	0.5472	0.4471	0.3920
0.5002	0.5039	0.5561	0.6050	0.4964	0.3921	0.5515	0.6039	0.5498	0.5514	0.4959	0.5037	0.5023	0.6011	0.5556	0.5554	0.4551	0.5472	0.4471	0.3920
0.5002	0.5039	0.5561	0.6050	0.4964	0.3921	0.5515	0.6039	0.5498	0.5514	0.4959	0.5037	0.5023	0.6011	0.5556	0.5554	0.4551	0.5521	0.4471	0.3920
0.5002	0.5039	0.5561	0.6050	0.4964	0.3921	0.5515	0.6039	0.5498	0.5514	0.4959	0.5037	0.5023	0.6011	0.5556	0.5554	0.4551	0.5521	0.4471	0.3920
0.5002	0.4476	0.5561	0.6050	0.4964	0.3921	0.5515	0.6039	0.5498	0.5514	0.4959	0.5037	0.5023	0.6011	0.5556	0.5554	0.4551	0.5521	0.4471	0.3920
0.5002	0.4476	0.5561	0.6050	0.4964	0.3921	0.5515	0.6039	0.5498	0.5514	0.4959	0.5037	0.5023	0.6011	0.5556	0.5554	0.4551	0.5521	0.4471	0.3920
0.5002	0.4476	0.5561	0.6050	0.4964	0.5057	0.5515	0.6039	0.5498	0.5514	0.4959	0.5037	0.5023	0.6011	0.5556	0.5554	0.4551	0.5521	0.4471	0.3920
0.5002	0.4476	0.5561	0.6050	0.4964	0.5057	0.5515	0.6039	0.5498	0.5514	0.4959	0.5037	0.5023	0.6011	0.5556	0.5554	0.4551	0.5521	0.4471	0.3920
0.5035	0.4476	0.5561	0.6050	0.4964	0.5057	0.5515	0.6039	0.5498	0.5514	0.4959	0.5037	0.5023	0.3971	0.5556	0.5554	0.5474	0.5521	0.4471	0.3920
0.5035	0.4476	0.5561	0.6050	0.4964	0.5057	0.5515	0.6039	0.5498	0.5514	0.4959	0.5037	0.5023	0.3971	0.5556	0.5554	0.5474	0.5521	0.4471	0.3920
0.5035	0.4476	0.5561	0.6050	0.4964	0.5057	0.5515	0.6039	0.5498	0.5514	0.4959	0.5037	0.5023	0.3971	0.5556	0.5554	0.6022	0.5521	0.6046	0.3920
0.5035	0.4476	0.5561	0.6050	0.4964	0.5057	0.5515	0.6039	0.5498	0.5514	0.4959	0.5037	0.5023	0.3971	0.5556	0.5554	0.6022	0.5521	0.6046	0.3920
0.5035	0.4476	0.5561	0.6050	0.4964	0.5057	0.5515	0.6039	0.5498	0.5514	0.4959	0.5037	0.5023	0.3971	0.5556	0.5554	0.6022	0.5521	0.6046	0.3920
0.5035	0.4476	0.5561	0.6050	0.4964	0.4987	0.5515	0.6039	0.5498	0.5514	0.4959	0.5037	0.5023	0.3971	0.5556	0.5554	0.6022	0.5521	0.6046	0.3941
0.5035	0.4476	0.5561	0.6050	0.4964	0.4987	0.5515	0.6039	0.5498	0.5514	0.4959	0.5037	0.5023	0.3971	0.5556	0.5554	0.6022	0.5521	0.6046	0.3941
0.5035	0.4476	0.5561	0.6052	0.4964	0.4987	0.5515	0.6039	0.5498	0.5514	0.4959	0.5037	0.5023	0.3971	0.5556	0.5554	0.6022	0.5521	0.6046	0.3941
0.5035	0.4476	0.5561	0.6052	0.4964	0.4987	0.5515	0.6039	0.5498	0.4465	0.4959	0.4954	0.5023	0.3971	0.5556	0.5554	0.6022	0.5521	0.6046	0.4972
0.5035	0.4476	0.5561	0.6052	0.4964	0.4987	0.5515	0.6039	0.5498	0.4465	0.4959	0.4954	0.5023	0.3971	0.5556	0.5554	0.6022	0.5521	0.6046	0.4972
0.5531	0.4476	0.5561	0.6024	0.4964	0.4987	0.5515	0.6039	0.5498	0.4465	0.4959	0.4954	0.5023	0.3971	0.5556	0.5554	0.5467	0.5521	0.6046	0.4972
0.5531	0.4476	0.5561	0.6024	0.4964	0.4987	0.5515	0.6039	0.5498	0.4465	0.4959	0.4432	0.5023	0.3971	0.5556	0.5554	0.5467	0.5521	0.6046	0.4972
0.5531	0.4476	0.5561	0.6024	0.4964	0.4987	0.5515	0.6039	0.5498	0.4465	0.4959	0.4432	0.5023	0.3971	0.5556	0.5554	0.5467	0.5521	0.6046	0.4972
0.5531	0.4476	0.5561	0.6024	0.4964	0.4987	0.5515	0.6039	0.5498	0.4465	0.4959	0.4432	0.5023	0.3971	0.5556	0.5554	0.5467	0.5521	0.6046	0.4972
0.5531	0.4476	0.5561	0.6024	0.4964	0.4987	0.5515	0.6039	0.5498	0.4465	0.4959	0.4432	0.5023	0.3971	0.5556	0.5554	0.5467	0.5521	0.6046	0.4972
0.5531	0.4476	0.5561	0.6024	0.4964	0.4987	0.5515	0.6039	0.5498	0.4465	0.4959	0.4432	0.5023	0.3971	0.5556	0.5554	0.5467	0.5521	0.6046	0.4972
0.5531	0.4476	0.5561	0.6024	0.4964	0.4987	0.5515	0.6039	0.5498	0.4465	0.4959	0.4432	0.5023	0.3971	0.5556	0.5554	0.5467	0.5521	0.6046	0.4972
