0.1423	0.8010	0.8045	0.3106	0.7939	0.7159	0.0097	0.1041	0.8919	0.7733	0.0394	0.8968	0.3284	0.4132	0.5680	0.8566	0.7769	0.2211	0.5429	0.9094
0.0000	0.0000	0.0718	0.8427	1.0000	0.7190	0.2423	1.0000	0.1119	0.5050	0.0000	0.7123	0.4328	0.7709	0.4825	0.5229	0.5545	0.2329	0.1840	0.6698
0.6882	0.3596	0.7178	0.4733	0.7518	0.0000	0.5252	0.9749	0.5260	0.2387	0.2430	0.4078	1.0000	0.2733	0.3729	0.2570	0.0000	0.6339	0.4374	1.0000
0.6882	0.6936	0.0000	0.4733	0.8083	0.7361	0.6498	0.7599	0.7037	0.7230	0.2220	0.2031	1.0000	0.0519	0.0000	0.0000	0.5406	0.4757	0.5110	0.4875
0.6903	0.7076	0.5357	0.4733	0.2713	0.6761	0.5196	0.7508	0.7037	0.7416	0.4730	0.7469	0.5238	0.6733	0.0000	0.5158	0.5406	0.5197	0.5110	0.4875
0.5239	0.6973	0.2845	0.4733	0.0000	0.9441	0.5611	0.2100	0.4452	0.6831	0.6593	0.2820	0.1022	0.5167	0.3194	0.5138	0.5406	0.5197	0.4806	0.4875
0.6874	0.4903	0.2188	0.4733	0.4831	0.0000	0.8445	0.3361	0.3079	0.8018	0.8622	0.3596	0.5529	1.0000	0.3283	0.3673	1.0000	0.5197	0.4806	0.4875
0.6874	0.7201	1.0000	0.4733	0.4831	0.5854	0.0000	0.7134	0.3079	0.9961	0.4775	0.7494	0.7478	0.0000	0.5013	0.6571	0.6987	1.0000	0.6828	0.4875
0.6874	0.5059	0.8346	0.5184	0.4831	0.7326	0.5698	0.8200	0.4896	0.5618	1.0000	0.2624	0.6992	0.6616	0.3177	0.3193	0.2651	0.0000	0.5204	0.4875
0.5167	0.5059	0.3907	0.5184	0.4831	0.3182	0.1597	0.7245	0.4896	0.3964	1.0000	0.7686	1.0000	0.5024	0.2273	0.5080	1.0000	1.0000	0.0000	0.4875
0.5167	0.5100	0.4791	0.5184	0.3221	0.7097	0.0000	0.4966	0.3034	0.0000	0.3465	0.5264	0.4853	0.4669	0.3645	0.3016	0.3798	0.4798	0.2548	0.4875
0.5167	0.4817	0.5375	0.5184	0.3221	0.5397	0.4993	0.4966	0.3226	0.0016	0.2920	0.5264	0.4853	0.4781	0.0955	0.4780	0.7857	1.0000	1.0000	0.4875
0.4885	0.4817	0.4978	0.5184	0.3221	0.5092	0.4826	0.4966	0.4164	0.0840	0.1807	0.5264	0.5397	0.4905	1.0000	0.4780	0.3285	0.6983	0.4773	0.4875
0.4885	0.4817	0.4978	0.5184	0.5209	0.5092	0.2909	0.4098	0.5066	0.7384	0.5423	0.5264	0.7180	0.5703	0.6730	0.4780	0.6874	0.7785	0.4773	0.4875
0.4885	0.5059	0.4978	0.5184	0.5209	0.5092	0.5151	0.0000	0.5066	0.6820	0.2480	0.5264	0.4866	0.6250	0.4628	0.3308	0.6874	0.6748	0.4773	0.4875
0.4885	0.5059	0.4978	0.5184	0.5209	0.5092	0.5151	0.6764	0.2941	0.5431	0.2801	0.5264	0.4667	0.3251	0.4934	0.4851	0.6874	0.4459	0.4773	0.4875
0.4885	0.5173	0.4978	0.5184	0.5209	0.5092	0.5151	0.4902	0.6831	0.3249	0.5342	0.5264	0.0000	0.6547	0.4799	0.4851	1.0000	0.5771	0.4773	0.4875
0.4885	0.5086	0.4978	0.5184	0.5209	0.5092	0.5151	0.6900	0.7008	0.3584	0.7144	0.5264	1.0000	0.9282	0.4799	0.3929	0.7561	0.0970	0.4773	0.4875
0.4885	0.6377	0.4978	0.5184	0.5209	0.5092	0.5112	1.0000	0.6688	0.4942	1.0000	0.5264	0.5000	0.9931	0.4799	0.5408	0.6627	0.2963	0.4773	0.4875
0.4885	0.4658	0.4978	0.5184	0.5209	0.5092	0.3933	0.8917	0.7091	0.5223	0.8813	0.5264	0.5000	0.6612	0.4799	0.4974	0.4840	0.2963	0.4773	0.4875
0.4885	0.6928	0.4978	0.5184	0.5209	0.5092	0.2719	0.4709	0.6995	0.5223	0.2884	0.5264	0.5000	0.4758	0.3201	0.5138	0.5538	0.2963	0.4773	0.4875
0.4885	0.3079	0.4978	0.5184	0.5085	0.5073	0.5388	0.0000	0.8054	0.6825	0.4866	0.5264	0.4741	0.1834	0.3201	0.5166	0.0681	0.2728	0.4773	0.4875
0.4885	0.4844	0.4978	0.5184	0.5085	0.5073	0.5082	0.2833	0.6852	0.4834	0.0000	0.5264	0.4741	0.4762	0.5115	0.5166	0.4908	0.3192	0.4773	0.4875
0.4885	0.5116	0.4978	0.5184	0.5085	0.5073	0.4560	0.4517	0.3700	0.4834	0.5352	0.5264	0.4741	0.4762	0.5149	0.5166	0.4908	0.3192	0.4773	0.4875
0.4885	0.7051	0.4978	0.5184	0.5085	0.5073	1.0000	0.5039	0.3144	0.5129	0.6670	0.5264	0.4695	0.4762	0.5149	0.5166	0.4908	0.3192	0.4963	0.4875
0.4885	0.4408	0.4978	0.5184	0.5085	0.4988	0.7097	0.4756	0.3519	0.5129	0.6670	0.3024	0.4695	0.4762	0.5149	0.5166	0.4908	0.3192	0.4963	0.4875
0.4885	0.3112	0.4978	0.5184	0.5085	0.4988	0.5155	0.4756	0.5408	0.5129	0.4943	0.3024	0.4695	0.4762	0.5149	0.5166	0.4908	0.3192	0.4963	0.4875
0.4885	0.0000	0.4978	0.5184	0.5085	0.4988	0.5155	0.4756	0.5542	0.5129	0.5242	0.3024	0.4695	0.7114	0.5149	0.5166	0.4908	0.3192	0.4963	0.4875
0.4885	0.3387	0.4978	0.5184	0.5085	0.4988	0.5155	0.4756	0.3136	0.5129	0.5242	0.4791	0.4695	0.6814	0.5149	0.5166	0.4908	0.0000	0.4963	0.4875
0.4885	0.5392	0.4978	0.5184	0.5085	0.4988	0.5155	0.7017	0.3136	0.5129	0.8387	0.4791	0.4861	0.7182	0.5149	0.5166	0.4908	0.5125	0.4963	0.4875
0.4885	0.5137	0.4978	0.5184	0.5085	0.4988	0.5155	0.5239	0.3136	0.5129	0.5463	0.4791	0.4861	0.6958	0.5149	0.5166	0.5121	0.8119	0.4963	0.4875
0.4885	0.5293	0.4978	0.5184	0.5085	0.4988	0.5155	0.5239	0.3136	0.5129	0.2927	0.4791	0.4861	0.6958	0.5149	0.5166	0.6975	0.5086	0.4963	0.4875
0.4885	0.4900	0.4978	0.5184	0.5085	0.4988	0.5155	0.5239	0.4759	0.5129	0.2927	0.4791	0.4861	0.6958	0.5149	0.5166	0.6975	0.4786	0.4963	0.4875
0.4885	0.4900	0.4978	0.5184	0.5085	0.4988	0.5155	0.5239	0.4759	0.5129	0.4773	0.4791	0.5135	0.6882	0.5149	0.5166	0.6975	0.4786	0.4963	0.4875
0.4885	0.4900	0.4978	0.5184	0.5085	0.4988	0.5155	0.5239	0.4759	0.5129	0.7119	0.4791	0.5135	0.3355	0.4924	0.5166	0.6840	0.4786	0.4963	0.4875
0.4885	0.4900	0.4978	0.5184	0.5085	0.4988	0.5155	0.5239	0.4759	0.5129	0.7119	0.4791	0.5135	0.4851	0.4924	0.5166	0.6840	0.4786	0.4963	0.4875
0.4885	0.4900	0.4978	0.5184	0.5085	0.4988	0.5155	0.5239	0.4759	0.5129	0.5303	0.4791	0.5135	0.4851	0.4924	0.5166	0.6952	0.4786	0.4955	0.4875
0.4885	0.4900	0.4978	0.5184	0.5085	0.4988	0.5155	0.5239	0.4759	0.5129	0.5303	0.5122	0.5135	0.7111	0.4924	0.5166	0.6952	0.4786	0.4955	0.5135
0.4885	0.4900	0.5085	0.5184	0.5085	0.4988	0.5155	0.5239	0.4759	0.5129	0.5303	0.5122	0.5135	1.0000	0.4924	0.5166	0.6952	0.4786	0.5197	0.5135
0.4885	0.5246	0.5085	0.5184	0.5085	0.4988	0.5155	0.5208	0.4759	0.5129	0.5303	0.5122	0.5135	0.7148	0.5015	0.5166	0.6952	0.4786	0.5197	0.5135
0.4885	0.5246	0.4965	0.5184	0.5085	0.4988	0.5155	0.5208	0.4759	0.5129	0.5303	0.5122	0.5135	0.7148	0.5015	0.5166	0.6952	0.4786	0.5197	0.5135
0.4885	0.5246	0.4965	0.5184	0.5085	0.4988	0.5155	0.5208	0.4759	0.4958	0.5002	0.5122	0.5135	0.7148	0.5015	0.5166	0.6952	0.4786	0.4871	0.5135
0.4885	0.5246	0.4965	0.5184	0.5085	0.4988	0.5112	0.4910	0.5162	0.4958	0.4903	0.5122	0.5135	0.7148	0.5015	0.4843	0.6952	0.4786	0.4871	0.5135
0.4885	0.5246	0.4965	0.5184	0.5085	0.4988	0.5112	0.4910	0.5162	0.4958	0.4903	0.5122	0.5135	0.6960	0.5015	0.4843	0.6952	0.4786	0.4871	0.5135
0.4885	0.5246	0.4965	0.5184	0.5085	0.4988	0.5112	0.4910	0.5162	0.4958	0.4903	0.5122	0.5135	0.4637	0.5015	0.4843	0.6952	0.4786	0.4871	0.5135
0.4885	0.5246	0.4965	0.5184	0.5085	0.4988	0.5112	0.4940	0.5162	0.4958	0.4903	0.5122	0.5135	0.4637	0.5015	0.4843	0.6952	0.4786	0.4871	0.5135
0.4885	0.5246	0.4965	0.5184	0.5085	0.4988	0.5112	0.4940	0.5162	0.4958	0.4903	0.5122	0.5135	0.4803	0.5015	0.4843	0.6952	0.4786	0.4871	0.5135
0.4885	0.5206	0.4965	0.5184	0.5085	0.4988	0.5112	0.3193	0.5162	0.4958	0.4903	0.5122	0.5135	0.4808	0.5015	0.4843	0.6952	0.4786	0.4871	0.5135
0.4885	0.5206	0.4965	0.5184	0.5085	0.4988	0.5112	0.3193	0.5162	0.4958	0.4903	0.5122	0.5135	0.4802	0.5015	0.4843	0.6952	0.4786	0.4871	0.5135
0.4885	0.5206	0.4965	0.5184	0.5085	0.4988	0.5112	0.4799	0.5162	0.4958	0.4903	0.5122	0.5135	0.4802	0.5015	0.4843	0.4926	0.4786	0.4871	0.5135
0.4885	0.5206	0.4965	0.5184	0.5085	0.4988	0.5112	0.4799	0.5162	0.4958	0.4903	0.5122	0.5135	0.4802	0.5015	0.4843	0.4926	0.4786	0.4871	0.5135
0.4885	0.5206	0.4965	0.5184	0.5085	0.4988	0.5112	0.4799	0.4982	0.4958	0.4903	0.5122	0.5135	0.4802	0.5015	0.4843	0.4926	0.4786	0.4871	0.5135
0.4885	0.5206	0.4965	0.5184	0.5085	0.4988	0.5112	0.4799	0.4982	0.4958	0.4903	0.5122	0.5135	0.4802	0.5015	0.4843	0.4926	0.4786	0.4871	0.5135
0.4885	0.5206	0.4965	0.5184	0.5085	0.4988	0.5112	0.4799	0.4982	0.4958	0.4903	0.5122	0.5135	0.4802	0.5015	0.4843	0.4926	0.4786	0.5005	0.5135
0.4885	0.5206	0.4965	0.5158	0.5085	0.4988	0.5112	0.4799	0.4982	0.4958	0.4903	0.5122	0.5135	0.4802	0.5015	0.4843	0.4926	0.4786	0.5005	0.5135
0.4885	0.5206	0.4965	0.5158	0.5085	0.4988	0.5112	0.4799	0.4982	0.4958	0.4903	0.5122	0.5135	0.4802	0.5015	0.4843	0.4926	0.4786	0.5005	0.5135
0.4885	0.5206	0.4965	0.5158	0.5085	0.4988	0.5112	0.4799	0.5039	0.4958	0.4903	0.5122	0.5135	0.4895	0.5015	0.4843	0.4926	0.4786	0.5005	0.5135
0.4734	0.5206	0.4965	0.5158	0.5085	0.4988	0.5112	0.4799	0.5039	0.4958	0.4903	0.5122	0.5135	0.4895	0.5015	0.4843	0.4979	0.4786	0.5005	0.5135
0.4734	0.5206	0.4965	0.5158	0.5085	0.4988	0.5112	0.4799	0.5039	0.4958	0.4903	0.5122	0.5135	0.4895	0.5015	0.4843	0.4979	0.4786	0.5005	0.5135
0.4734	0.5206	0.4965	0.5158	0.5085	0.4988	0.5112	0.4799	0.5039	0.4958	0.4903	0.5122	0.5135	0.4895	0.5015	0.4843	0.4979	0.4786	0.5005	0.5135
0.4734	0.5206	0.4965	0.5158	0.5085	0.4988	0.5112	0.4799	0.5039	0.4958	0.4973	0.5122	0.5135	0.4895	0.5015	0.4843	0.4966	0.4786	0.5005	0.5135
0.4734	0.5206	0.4965	0.5158	0.5085	0.4988	0.5112	0.4799	0.5039	0.4958	0.4973	0.5122	0.5135	0.4895	0.5015	0.4843	0.4966	0.4786	0.5005	0.5135
0.4734	0.5206	0.4965	0.5158	0.5085	0.4988	0.5112	0.4799	0.5039	0.4958	0.4973	0.5122	0.5135	0.4895	0.5015	0.4843	0.4966	0.4786	0.5005	0.5135
0.4734	0.5206	0.4965	0.5158	0.5085	0.4988	0.5112	0.4799	0.5039	0.4958	0.4973	0.5122	0.5135	0.4895	0.5015	0.4843	0.4966	0.4786	0.5005	0.5135
0.4734	0.5206	0.4965	0.5158	0.5085	0.4988	0.5112	0.4799	0.5039	0.4958	0.4973	0.5122	0.5135	0.4895	0.5015	0.4843	0.4966	0.4786	0.5005	0.5135
0.4734	0.5206	0.4965	0.5158	0.5085	0.4988	0.5112	0.4799	0.4852	0.4958	0.4973	0.5122	0.5135	0.4895	0.5015	0.4843	0.4966	0.4786	0.5005	0.5135
0.4734	0.5206	0.4965	0.5158	0.5085	0.4988	0.5112	0.4799	0.4852	0.4958	0.4973	0.5122	0.5135	0.4895	0.5015	0.4843	0.4966	0.4786	0.5005	0.5135
0.4734	0.5206	0.4965	0.5158	0.5085	0.4988	0.5112	0.4799	0.4852	0.4958	0.4973	0.5122	0.5135	0.4895	0.5015	0.4989	0.4966	0.4786	0.5005	0.5135
0.4734	0.5206	0.4965	0.5158	0.5085	0.4988	0.5112	0.4799	0.4852	0.4958	0.4973	0.5122	0.5135	0.4895	0.5015	0.4989	0.4966	0.4786	0.5005	0.5135
0.4734	0.5206	0.4965	0.5158	0.5085	0.4988	0.5112	0.4799	0.4852	0.4958	0.4973	0.5122	0.5135	0.4895	0.5015	0.4989	0.4966	0.4786	0.5005	0.5135
0.4734	0.5206	0.4965	0.5158	0.5085	0.4988	0.5112	0.4799	0.4852	0.4958	0.4994	0.5122	0.5135	0.4895	0.5015	0.4989	0.4966	0.4786	0.5005	0.5135
0.5085	0.5206	0.4965	0.5111	0.5085	0.4988	0.5112	0.4799	0.4852	0.4958	0.4994	0.5122	0.5135	0.4895	0.5015	0.4989	0.4966	0.4786	0.5005	0.5135
0.5085	0.5206	0.4965	0.5111	0.5085	0.4988	0.5112	0.4940	0.4852	0.4958	0.4994	0.5122	0.5135	0.4895	0.5015	0.4989	0.4966	0.4786	0.5005	0.5135
0.5085	0.5206	0.4965	0.5111	0.5085	0.4988	0.5112	0.4940	0.4852	0.4958	0.4994	0.5122	0.5135	0.4895	0.5015	0.4989	0.4966	0.4786	0.5005	0.5135
0.5085	0.5206	0.4965	0.5111	0.5085	0.4988	0.5112	0.4940	0.4852	0.4958	0.4994	0.5122	0.5135	0.4895	0.5015	0.4989	0.4966	0.4786	0.5005	0.5135
0.5085	0.5206	0.4965	0.5111	0.5085	0.4988	0.5112	0.4940	0.4852	0.4958	0.4994	0.5122	0.5135	0.4895	0.5015	0.4989	0.4966	0.4786	0.5005	0.5135
0.5085	0.5206	0.4965	0.5111	0.5085	0.4988	0.5112	0.4940	0.4852	0.4958	0.4994	0.5122	0.5135	0.4895	0.5015	0.4989	0.4966	0.4786	0.5005	0.5135
0.5085	0.5206	0.4965	0.5111	0.5085	0.4988	0.5112	0.4940	0.4852	0.4958	0.4994	0.5122	0.5135	0.4895	0.5015	0.4989	0.4966	0.4786	0.5005	0.5135
0.5085	0.5206	0.4965	0.5111	0.5085	0.4988	0.5081	0.4940	0.4852	0.4958	0.4994	0.5122	0.5135	0.4895	0.5015	0.4989	0.4966	0.4786	0.5005	0.5135
0.5085	0.5206	0.4965	0.5111	0.5085	0.4988	0.5081	0.4940	0.4852	0.4958	0.4994	0.5122	0.5018	0.4895	0.5015	0.4989	0.4966	0.4786	0.5005	0.5135
0.5085	0.4793	0.4965	0.5111	0.5085	0.4988	0.5081	0.4940	0.4852	0.4958	0.4994	0.5122	0.5018	0.4895	0.5015	0.4989	0.4966	0.4786	0.5005	0.5135
0.5085	0.4793	0.4965	0.5111	0.5085	0.4988	0.5081	0.4940	0.4852	0.4958	0.4994	0.5122	0.5018	0.4895	0.5015	0.4989	0.4966	0.4786	0.5005	0.5135
0.5085	0.4793	0.4965	0.5111	0.5085	0.4988	0.5081	0.4940	0.4852	0.4958	0.4994	0.5122	0.5018	0.4895	0.5015	0.4989	0.4966	0.4786	0.5005	0.5135
0.5085	0.4793	0.4965	0.5111	0.5085	0.4988	0.5081	0.4940	0.4852	0.4958	0.4994	0.5122	0.5018	0.4895	0.5015	0.4989	0.4966	0.4786	0.5005	0.5135
0.5085	0.4793	0.4965	0.5111	0.5085	0.4988	0.5081	0.4940	0.4852	0.4846	0.4994	0.5122	0.5018	0.4895	0.5015	0.4989	0.4966	0.4786	0.5005	0.5135
0.5085	0.4793	0.4965	0.5111	0.5085	0.4988	0.5081	0.4940	0.4852	0.4846	0.4994	0.5122	0.5018	0.4895	0.5015	0.4989	0.4966	0.4786	0.5005	0.5135
0.5085	0.4793	0.4965	0.5111	0.5085	0.4988	0.5081	0.4940	0.4852	0.4846	0.4994	0.5122	0.5018	0.4895	0.5015	0.4989	0.4966	0.4786	0.5005	0.5135
0.5085	0.4793	0.4965	0.5111	0.5085	0.4988	0.5081	0.4940	0.4852	0.4846	0.4994	0.5122	0.5018	0.4895	0.5015	0.4989	0.4966	0.4786	0.5005	0.5135
0.5085	0.4793	0.4965	0.5111	0.5141	0.4988	0.5081	0.4940	0.4852	0.4846	0.4994	0.5122	0.5018	0.4895	0.5015	0.4989	0.4966	0.4786	0.5005	0.5135
0.5085	0.4793	0.4965	0.5111	0.5141	0.5105	0.5081	0.4940	0.4852	0.4846	0.4994	0.5122	0.5018	0.4895	0.5015	0.4989	0.4966	0.4786	0.5005	0.5135
0.5085	0.4793	0.4965	0.5111	0.5141	0.5105	0.5081	0.4940	0.4852	0.4846	0.4994	0.5122	0.5018	0.4895	0.5015	0.4989	0.4966	0.4786	0.5005	0.5135
0.5085	0.4793	0.4965	0.5111	0.5141	0.5105	0.5081	0.4940	0.4852	0.4846	0.4994	0.5122	0.5018	0.4895	0.5015	0.4989	0.4966	0.4786	0.5005	0.5135
0.5085	0.4793	0.4965	0.5111	0.5141	0.5076	0.5081	0.4940	0.4852	0.4846	0.4994	0.5122	0.5018	0.4895	0.5015	0.4989	0.4966	0.4786	0.5005	0.5135
0.5085	0.4793	0.4965	0.5111	0.5141	0.5076	0.5081	0.4940	0.4852	0.4846	0.4994	0.5122	0.5018	0.4895	0.5015	0.4989	0.4966	0.4786	0.5005	0.5135
0.5085	0.4793	0.4965	0.5111	0.5141	0.5076	0.5081	0.4940	0.4852	0.4846	0.4994	0.5122	0.5018	0.4895	0.5015	0.4989	0.4966	0.4786	0.5005	0.5135
0.5085	0.4793	0.4965	0.5111	0.5069	0.5076	0.5081	0.4940	0.4852	0.4846	0.4994	0.5122	0.5018	0.4895	0.5015	0.4989	0.4966	0.4786	0.5005	0.5135
0.5085	0.4793	0.4965	0.5111	0.5069	0.5076	0.5081	0.4940	0.5033	0.4846	0.4994	0.5122	0.5018	0.4895	0.5015	0.4989	0.4966	0.4786	0.5005	0.5135
0.5085	0.4793	0.4965	0.5111	0.5069	0.5076	0.5081	0.4940	0.5033	0.4846	0.4994	0.5122	0.5018	0.4895	0.5015	0.4989	0.4966	0.4786	0.5005	0.5135
0.5085	0.4793	0.4965	0.5111	0.5069	0.5076	0.5081	0.4940	0.5033	0.4846	0.4994	0.5122	0.5018	0.4895	0.5015	0.4989	0.4966	0.4786	0.5005	0.5135
0.5085	0.5110	0.4965	0.5111	0.5069	0.5076	0.5081	0.4940	0.5033	0.4846	0.4994	0.5122	0.5018	0.4895	0.5015	0.4989	0.4966	0.4786	0.5005	0.5135
0.5085	0.5110	0.4965	0.5111	0.5069	0.5076	0.5081	0.4940	0.5033	0.4846	0.4994	0.5122	0.5018	0.4895	0.5015	0.4989	0.4966	0.4786	0.5005	0.5135
