0.7432	0.9528	0.7813	0.6446	0.3383	0.7812	0.6394	0.4889	0.4045	0.1503	0.4343	0.4470	0.4067	0.5859	0.6861	0.8364	0.1952	0.1802	0.4181	0.4385
0.2276	0.4694	1.0000	0.0767	0.8555	1.0000	0.5626	0.0000	0.0000	0.5679	0.4017	0.3366	0.3712	0.5443	0.2894	0.8448	0.6680	0.6359	0.4262	0.0000
0.3326	0.0000	0.9628	0.5654	0.5255	0.5127	0.0000	0.1347	0.5239	0.5652	0.7544	0.5911	0.7081	0.0000	1.0000	0.3700	0.4945	0.7210	0.3487	0.5486
0.1045	0.7770	0.4507	0.6316	0.5093	0.3338	0.5108	1.0000	0.9853	0.4984	0.7216	0.5838	0.5916	0.2882	0.3610	0.4455	0.5899	1.0000	0.6846	0.2625
0.5607	0.5284	0.4507	0.4389	0.6190	0.4504	1.0000	0.0000	0.6830	0.5994	0.8188	0.6203	0.0894	0.5803	1.0000	0.4807	0.4170	0.4339	0.3907	0.4402
0.5657	0.4539	0.4507	0.5503	0.5687	0.0000	0.6252	0.7576	0.0000	0.4630	0.7264	0.3956	0.6835	1.0000	0.8298	0.1947	0.1868	0.5311	0.4389	1.0000
0.3854	0.4135	0.4507	0.3355	0.2883	0.7383	0.4601	0.3743	0.5180	0.2672	0.2074	1.0000	0.9380	0.8300	0.4232	0.1613	0.6838	0.4447	0.8728	0.4343
0.3503	0.0000	0.5258	1.0000	0.3171	0.7194	0.7874	1.0000	0.5863	1.0000	0.6592	0.5523	0.3707	0.1489	0.4539	0.3665	0.4491	0.5708	0.0000	0.6901
0.5990	0.6628	0.4423	0.3518	0.6715	0.0000	0.6878	0.5415	0.0000	0.3628	0.5552	0.5523	0.5756	0.2911	0.0868	0.5956	0.0000	1.0000	0.4771	0.0000
0.8274	0.2307	0.5215	1.0000	1.0000	0.5816	0.0000	0.8047	0.4573	0.4894	0.6958	0.4814	0.3998	0.4331	0.0000	1.0000	0.5186	0.5584	0.5636	0.4384
0.1763	0.4224	0.8138	0.2667	1.0000	0.5011	0.4461	0.4234	0.4364	1.0000	0.5424	0.4248	0.2774	0.4725	0.5483	0.5558	0.9221	0.8042	1.0000	0.4782
0.4114	0.3543	0.9077	0.6545	0.4581	0.5077	0.0924	0.4660	1.0000	0.4729	0.6256	0.4248	0.0000	1.0000	0.2493	0.3165	0.4029	0.4736	0.0000	0.4602
0.8530	0.5292	0.4927	1.0000	0.0400	0.3572	0.6677	0.5323	0.3438	0.6660	0.3888	0.5379	0.3512	0.6700	0.4902	0.6407	0.0600	0.0000	0.3946	0.5778
0.3686	0.5031	0.4927	0.4329	0.5430	0.3466	0.6956	0.0983	0.5189	0.4974	0.0675	0.7195	0.4741	0.5225	0.5909	0.0000	0.4980	0.5965	0.5682	0.4143
0.7536	0.0000	0.0125	0.2731	0.4368	0.0000	0.5584	0.2263	0.8447	0.3883	0.0630	0.3443	0.4741	0.5225	0.0000	0.5593	0.5937	0.5387	0.4860	0.4143
0.4730	0.5632	0.4440	0.0000	0.4641	0.5629	0.0000	0.6376	0.4543	0.4344	0.6025	0.6084	0.2083	0.5811	0.4510	0.3746	0.5771	0.5089	0.5515	0.5503
0.4730	0.6121	0.4189	1.0000	0.6492	0.5316	0.6255	0.6532	0.6001	0.4966	0.0286	1.0000	0.4876	1.0000	0.7116	1.0000	0.6978	0.4672	0.7225	0.4927
0.4976	0.7716	0.4764	0.6154	0.2547	0.5316	0.7661	0.6507	1.0000	0.5808	0.5560	0.5450	0.4028	0.4958	0.4049	0.4933	0.4580	0.2806	0.4411	0.4341
0.4566	0.4311	0.4999	0.5549	0.4883	0.5316	0.6202	0.5756	0.6649	0.3545	0.5560	0.5744	0.4364	0.5101	0.8413	0.0000	0.4329	0.0650	0.3583	0.5082
0.8017	0.8365	0.6593	0.4461	0.6845	0.5316	1.0000	0.0692	0.7385	0.0022	0.1702	0.5537	0.5974	0.9940	0.5418	0.4065	0.0167	0.4069	0.4434	0.5082
0.8189	1.0000	0.5854	0.4461	0.5358	0.5316	0.5465	1.0000	0.9489	0.3858	0.3074	0.6695	0.5228	0.9663	0.9522	0.5145	0.4720	0.2951	0.7934	0.5082
0.7380	0.5116	0.6255	0.4071	0.8595	0.5316	0.9930	0.5515	0.4760	0.5776	1.0000	0.4134	0.4280	0.4651	0.6322	0.5145	0.3309	1.0000	0.0000	0.4897
0.5016	0.3513	0.2357	0.4361	0.6454	0.4547	0.7808	0.7999	0.5685	0.5974	0.3833	0.5602	0.5344	0.2516	0.7368	0.5003	0.0000	0.4049	0.4169	0.5170
0.5016	0.5484	0.4494	0.5218	0.4215	0.4547	0.5724	0.8908	0.4806	0.5000	0.6448	0.1684	0.4695	0.5856	0.4238	0.3747	0.7054	0.0000	0.4625	0.5170
0.6533	0.9544	0.5990	0.5218	0.4215	0.4547	0.4727	0.4786	0.4810	0.4552	0.4266	0.3763	0.0979	0.4319	0.4973	0.5872	0.5259	0.4337	0.4390	0.4574
0.9266	0.4447	0.5663	0.5218	0.6126	0.4547	0.4727	0.7112	0.5894	0.6190	0.7515	0.4964	0.4683	0.4180	0.6350	0.5884	0.5288	0.4337	0.8073	0.6022
0.4740	0.7787	0.4589	0.5218	0.8268	0.4547	0.5141	0.5170	0.5480	0.3216	1.0000	0.5156	0.0000	0.5553	0.6422	0.7288	0.5288	0.4251	0.8306	0.4389
0.5131	0.8233	0.3003	0.5218	0.3471	0.4547	0.5141	0.4551	0.5293	0.4534	0.4846	0.5156	0.4682	0.5553	0.5896	0.4121	0.4162	0.4089	0.5706	0.3872
0.5131	0.6394	0.5755	0.5218	0.3150	0.5111	0.6487	0.5601	0.5293	0.9651	0.4050	0.5153	0.4682	0.5553	0.3442	0.3353	0.4162	0.4089	0.5791	0.4226
0.5589	0.5578	0.4523	0.4396	0.5128	0.5684	0.6576	1.0000	0.5691	0.4965	0.4792	0.6692	0.4682	0.2488	0.4605	0.4008	0.5691	0.3433	0.4452	0.6406
0.5035	0.6231	0.5819	0.4396	0.5128	0.5188	0.0148	0.3939	0.4583	0.4118	0.4681	0.0000	0.4741	0.3813	0.5587	0.8470	0.5594	0.3675	0.5698	0.5331
0.5035	0.5514	0.4238	0.5187	0.4820	0.5188	0.9123	0.2309	0.0945	0.5953	0.6286	0.3509	0.5144	0.4436	0.5267	0.5021	0.5594	0.5956	0.5173	0.5154
0.8758	0.6183	0.5425	0.5187	0.4820	0.4710	0.4353	0.4568	0.5762	0.4014	0.5746	0.1361	0.6189	0.4792	0.5267	0.8751	0.4690	0.5402	0.5173	0.5400
0.5421	0.4368	0.2691	0.4654	0.4820	0.4710	0.5745	0.4306	0.6405	0.4177	0.3739	0.4639	0.6575	0.3460	0.5267	0.5787	0.4457	0.0000	0.5220	0.5400
0.6489	0.5809	0.5009	0.4751	0.4762	0.4710	0.4367	0.4306	0.5532	0.6670	0.4323	0.4493	0.5333	0.5421	0.5267	0.4402	0.4890	0.5237	0.5220	0.5755
0.5189	0.4547	0.4984	0.5268	0.3584	0.4134	0.2949	0.5610	0.4725	0.5200	0.4295	0.5776	0.4794	0.4745	0.4516	0.4852	0.4890	0.5237	0.5598	0.5236
0.4973	0.4386	0.4500	0.5268	0.6109	0.4946	0.0451	0.5610	0.4568	0.5200	0.4295	0.5585	0.4794	0.5622	0.4516	0.4852	0.5540	0.6845	0.4963	0.5236
0.3345	0.3800	0.4863	0.5268	0.5765	0.3848	1.0000	0.4192	0.5699	0.5349	0.5291	0.5585	0.5150	0.4627	0.4678	0.4852	0.5540	0.3648	0.5915	0.5236
0.3864	0.4741	0.4881	0.5941	0.5765	0.4760	0.5528	0.6416	0.5699	0.5274	0.6181	0.5585	0.5049	0.4627	0.4678	0.4852	0.5701	0.4411	0.4295	0.5236
0.6122	0.4165	0.6162	0.5047	0.5765	0.4760	0.5354	0.5161	0.5699	0.5278	0.3920	0.4163	0.5049	0.4627	0.4839	0.4852	0.5701	0.4415	0.6023	0.4363
0.4123	0.4165	0.2086	0.4624	0.5765	0.4760	0.3582	0.5610	0.3974	0.5278	0.3920	0.4694	0.5060	0.4262	0.4804	0.4233	0.5701	0.6321	0.6023	0.4363
0.4123	0.5474	0.8409	0.5674	0.4775	0.5748	0.6243	0.5017	0.5244	0.5258	0.4925	0.4785	0.4858	0.0000	0.5039	0.4749	0.4772	0.5691	0.6404	0.4363
0.4654	0.5474	0.5222	0.5674	0.6260	0.5080	0.5498	0.4844	0.5244	0.5507	0.4925	0.4785	0.5844	0.3565	0.5258	0.5116	0.5796	0.3767	0.6210	0.4558
0.5167	0.4002	0.4221	0.5367	0.5132	0.5080	0.5103	0.4774	0.3837	0.4360	0.5206	0.5104	0.6008	0.5945	0.5210	0.4583	0.6372	0.5334	0.4699	0.5922
0.4562	0.5889	0.4867	0.4077	0.5132	0.4524	0.6750	0.4774	0.4534	0.5815	0.5206	0.5104	0.4819	0.5945	0.4882	0.4583	0.6372	0.3830	0.4886	0.5767
0.5459	0.5889	0.4867	0.4077	0.5182	0.6218	0.5440	0.4774	0.5875	0.5815	0.5206	0.5199	0.4819	0.5945	0.5020	0.4930	0.5678	0.5370	0.3982	0.5237
0.6317	0.5889	0.4760	0.4077	0.5182	0.5110	0.5440	0.4175	0.5866	0.5815	0.4300	0.4211	0.4819	0.5673	0.5020	0.5593	0.5000	0.4808	0.4995	0.4475
0.4941	0.5889	0.4760	0.4077	0.6265	0.4984	0.5515	0.5881	0.5753	0.5815	0.4911	0.6023	0.4863	0.5673	0.5020	0.5413	0.5000	0.4808	0.7122	0.4475
0.4941	0.5446	0.4982	0.4077	0.3852	0.4127	0.4623	0.3758	0.4267	0.5546	0.4631	0.5890	0.4863	0.5673	0.5095	0.5413	0.5340	0.5029	0.6448	0.4475
0.4975	0.5030	0.5317	0.5572	0.3725	0.4127	0.4623	0.5931	0.4287	0.5508	0.5055	0.3967	0.4863	0.6464	0.4558	0.5760	0.5340	0.5029	0.5890	0.3862
0.4975	0.5030	0.5317	0.4816	0.3751	0.4127	0.5623	0.5931	0.4287	0.5508	0.5970	0.5195	0.4884	0.6464	0.4558	0.3844	0.4552	0.6556	0.5890	0.3862
0.4975	0.4684	0.6254	0.4816	0.4115	0.5067	0.4598	0.4850	0.5134	0.5508	0.5970	0.5195	0.5052	0.5545	0.4558	0.3970	0.5538	0.5156	0.5900	0.3862
0.5038	0.5107	0.6254	0.4816	0.4273	0.5067	0.5076	0.4850	0.5612	0.5508	0.3827	0.5737	0.5052	0.5059	0.5253	0.3883	0.5538	0.5156	0.6402	0.5778
0.5069	0.4890	0.3719	0.4816	0.4273	0.5067	0.5148	0.4850	0.5612	0.5052	0.4611	0.5763	0.5052	0.5059	0.5478	0.5984	0.5538	0.5156	0.4400	0.5778
0.5069	0.5073	0.4314	0.4816	0.4273	0.5385	0.4566	0.4850	0.5016	0.5052	0.4611	0.5763	0.5808	0.5059	0.5478	0.5984	0.4969	0.5334	0.5027	0.5240
0.5069	0.5073	0.4314	0.4816	0.4324	0.5192	0.4566	0.4302	0.5016	0.5052	0.4708	0.5695	0.5808	0.5059	0.5478	0.5984	0.4969	0.5334	0.5027	0.5240
0.5069	0.5073	0.4314	0.5814	0.4420	0.5192	0.4566	0.4302	0.5016	0.4407	0.4916	0.4741	0.5808	0.5059	0.5478	0.4641	0.4969	0.4640	0.5027	0.4375
0.5069	0.5073	0.4314	0.4099	0.4915	0.4283	0.4802	0.4710	0.5016	0.4407	0.5018	0.4741	0.5808	0.5059	0.5619	0.5486	0.4969	0.4521	0.5027	0.4716
0.5069	0.5073	0.4296	0.5631	0.4915	0.4283	0.4164	0.5645	0.5016	0.4407	0.4778	0.4741	0.5808	0.5059	0.4309	0.5486	0.4969	0.4521	0.5027	0.4716
0.4647	0.5073	0.5214	0.5631	0.4915	0.6128	0.4164	0.5108	0.5016	0.4773	0.5254	0.4741	0.5808	0.5059	0.4309	0.5486	0.4969	0.4693	0.5335	0.4716
0.5385	0.4809	0.3761	0.4391	0.4915	0.5469	0.4266	0.5108	0.5016	0.4773	0.5254	0.4741	0.5017	0.5059	0.4859	0.5013	0.4125	0.4877	0.4856	0.4489
0.5385	0.4809	0.4043	0.4391	0.4915	0.5469	0.4266	0.5108	0.5016	0.5223	0.5254	0.4741	0.5017	0.5059	0.4859	0.5013	0.4125	0.4877	0.4856	0.5781
0.4943	0.4407	0.4043	0.5101	0.4915	0.5469	0.5161	0.5108	0.5016	0.5283	0.5254	0.4741	0.5017	0.5059	0.4859	0.5013	0.4125	0.4877	0.4856	0.4562
0.4943	0.5753	0.4665	0.5101	0.4989	0.5469	0.5161	0.5108	0.5016	0.5283	0.5254	0.4741	0.5017	0.5059	0.4859	0.4519	0.5052	0.4877	0.4856	0.4562
0.4447	0.5753	0.5389	0.5101	0.4989	0.5469	0.5282	0.5108	0.5016	0.5283	0.5644	0.3952	0.5017	0.5059	0.4282	0.5062	0.4770	0.4395	0.4523	0.4562
0.4447	0.4649	0.5389	0.5101	0.4989	0.5038	0.5282	0.5108	0.5016	0.5283	0.4661	0.5533	0.3550	0.5059	0.5370	0.4944	0.5666	0.5626	0.5254	0.4043
0.4794	0.4649	0.5389	0.5101	0.5721	0.5051	0.5230	0.5108	0.5016	0.4438	0.4597	0.5533	0.3550	0.5059	0.5370	0.4944	0.5666	0.5626	0.5254	0.6068
0.4794	0.4697	0.5389	0.5101	0.5721	0.5051	0.5230	0.5108	0.5016	0.4734	0.4597	0.5487	0.4280	0.5059	0.4743	0.4214	0.5012	0.3876	0.5254	0.6068
0.4794	0.4686	0.4192	0.5070	0.5721	0.5051	0.5230	0.5108	0.5016	0.4734	0.4597	0.5487	0.4280	0.5159	0.5705	0.6086	0.5012	0.3876	0.5254	0.5442
0.4450	0.4686	0.5487	0.5070	0.5507	0.5051	0.5230	0.5108	0.5016	0.4734	0.4597	0.5487	0.6089	0.5159	0.5705	0.6086	0.5012	0.3902	0.5254	0.5895
0.4684	0.4686	0.5487	0.5114	0.4246	0.5051	0.5230	0.5108	0.5016	0.4734	0.4597	0.5271	0.6089	0.5159	0.5152	0.4080	0.5012	0.4327	0.5254	0.5895
0.5098	0.4686	0.5487	0.5114	0.4246	0.5051	0.5230	0.5108	0.5016	0.4178	0.4597	0.5271	0.6089	0.5159	0.5152	0.4215	0.5012	0.4327	0.5254	0.5363
0.5098	0.5084	0.5487	0.5114	0.5003	0.5051	0.5230	0.5108	0.5016	0.4178	0.5733	0.5271	0.6089	0.5159	0.4806	0.5580	0.5012	0.4327	0.5254	0.5363
0.5098	0.5084	0.5939	0.5114	0.5003	0.5051	0.4266	0.5108	0.5016	0.5658	0.5733	0.5271	0.5553	0.4352	0.5231	0.5580	0.5012	0.6080	0.5207	0.5363
0.5098	0.5084	0.4531	0.5114	0.5003	0.5051	0.4386	0.5316	0.5016	0.4607	0.4182	0.4817	0.5198	0.4681	0.5231	0.5580	0.5012	0.5001	0.4431	0.5363
0.4441	0.5084	0.4275	0.5114	0.5003	0.5051	0.4386	0.5193	0.5016	0.4318	0.6206	0.5611	0.5198	0.4681	0.5231	0.3831	0.5012	0.5001	0.5740	0.5363
0.4441	0.5084	0.4275	0.5114	0.5003	0.5051	0.5334	0.5193	0.5016	0.4349	0.4428	0.5743	0.5198	0.4681	0.5231	0.4955	0.5012	0.5001	0.5050	0.5165
0.4441	0.5084	0.4275	0.5114	0.5003	0.4763	0.5334	0.5193	0.5016	0.4271	0.4153	0.5743	0.5198	0.4681	0.5231	0.4828	0.5070	0.5001	0.4897	0.4828
0.4441	0.4686	0.5285	0.4252	0.5094	0.4763	0.5334	0.5193	0.5016	0.5160	0.5388	0.4785	0.5198	0.4681	0.5304	0.4501	0.5070	0.4804	0.4897	0.4828
0.4441	0.4686	0.5285	0.4716	0.5094	0.4763	0.5310	0.5193	0.5016	0.5040	0.5154	0.4785	0.4857	0.4681	0.4790	0.5679	0.4676	0.4804	0.4897	0.4828
0.4441	0.4686	0.5285	0.4716	0.5094	0.4763	0.5310	0.5510	0.5016	0.5360	0.5154	0.4785	0.4857	0.5040	0.4790	0.5679	0.4676	0.4804	0.4897	0.4828
0.4441	0.4686	0.5285	0.5369	0.5094	0.4763	0.5310	0.5510	0.5016	0.5233	0.5154	0.4785	0.4857	0.5040	0.4790	0.5679	0.4676	0.4804	0.4897	0.4828
0.5558	0.4686	0.5285	0.4897	0.5094	0.4763	0.5310	0.5510	0.5016	0.5233	0.5154	0.4785	0.5388	0.5040	0.4790	0.4351	0.4676	0.4804	0.5137	0.4828
0.5558	0.4686	0.5285	0.4897	0.5094	0.4763	0.5288	0.5151	0.5016	0.4837	0.5154	0.4989	0.5388	0.5040	0.4790	0.4351	0.4951	0.4804	0.5259	0.4828
0.5558	0.4686	0.5285	0.4897	0.5094	0.4763	0.5288	0.5151	0.5016	0.4837	0.5154	0.4989	0.4856	0.5040	0.4790	0.4351	0.4951	0.4804	0.5259	0.5734
0.5558	0.4686	0.5285	0.4897	0.4491	0.4763	0.4296	0.5151	0.5347	0.4837	0.5154	0.4989	0.5165	0.5040	0.4790	0.4351	0.4951	0.4804	0.5259	0.5734
0.5558	0.4686	0.4428	0.4897	0.5041	0.4763	0.5217	0.5151	0.5347	0.4837	0.5154	0.4989	0.5165	0.5040	0.4790	0.4351	0.4951	0.4804	0.4108	0.5734
0.5558	0.4686	0.4428	0.4897	0.5041	0.4763	0.5217	0.5151	0.5347	0.5391	0.5154	0.4989	0.5165	0.5040	0.4790	0.4351	0.4951	0.4905	0.4108	0.5734
0.5558	0.4686	0.4428	0.4897	0.5041	0.4763	0.5217	0.5151	0.5347	0.4893	0.5154	0.4989	0.5165	0.5040	0.4790	0.4351	0.4951	0.5267	0.4108	0.4454
0.5558	0.4759	0.4428	0.4897	0.5041	0.4763	0.5217	0.5151	0.5347	0.4893	0.5154	0.4989	0.5165	0.5040	0.5173	0.4351	0.4951	0.5267	0.4370	0.4454
0.5558	0.4394	0.4428	0.4897	0.5041	0.4763	0.5217	0.5012	0.5347	0.4893	0.5154	0.4989	0.5165	0.5040	0.5173	0.4351	0.4833	0.5267	0.4370	0.5109
0.5558	0.4394	0.4428	0.4897	0.5041	0.4763	0.5217	0.5012	0.5347	0.4893	0.5154	0.4996	0.5165	0.5040	0.5173	0.4933	0.4833	0.5267	0.4370	0.5109
0.4533	0.4394	0.4428	0.4897	0.5041	0.4763	0.4903	0.5012	0.5347	0.4893	0.5154	0.4996	0.5165	0.5040	0.5173	0.4933	0.4833	0.5267	0.4732	0.5002
0.4533	0.4394	0.4993	0.4897	0.5041	0.4763	0.4903	0.5012	0.5347	0.4893	0.5154	0.4996	0.5165	0.5040	0.5173	0.5028	0.4594	0.4588	0.4732	0.5002
0.4533	0.4394	0.4993	0.4897	0.5041	0.4763	0.4903	0.5012	0.5347	0.4893	0.5154	0.5207	0.5165	0.5040	0.5173	0.5028	0.4594	0.4588	0.4732	0.5002
0.4533	0.4394	0.4751	0.4897	0.5041	0.4763	0.4903	0.5012	0.5347	0.5321	0.5154	0.5207	0.5165	0.5040	0.5173	0.5162	0.4594	0.4588	0.5048	0.5002
0.4533	0.4394	0.4751	0.4897	0.5041	0.4763	0.4903	0.5012	0.5347	0.5321	0.5154	0.5207	0.5165	0.5040	0.4546	0.5162	0.4594	0.4843	0.5048	0.5320
0.4807	0.5659	0.4751	0.4897	0.5041	0.4763	0.4903	0.5012	0.5347	0.4896	0.5154	0.5207	0.5238	0.5040	0.4546	0.5162	0.4594	0.4843	0.5048	0.5320
0.4807	0.4724	0.4751	0.4897	0.5041	0.4763	0.4903	0.5012	0.5347	0.5539	0.5154	0.5304	0.5238	0.5040	0.4546	0.5162	0.4594	0.4843	0.5048	0.5320
0.4807	0.4724	0.4751	0.4897	0.5041	0.4922	0.4903	0.5012	0.5347	0.5539	0.4954	0.5304	0.5238	0.5040	0.4546	0.5162	0.4594	0.5270	0.5048	0.5320
0.4807	0.4724	0.4751	0.4897	0.5041	0.4922	0.4332	0.5012	0.4749	0.5539	0.4954	0.5304	0.5095	0.5040	0.5325	0.5162	0.4594	0.5138	0.5048	0.5320
