0.5566	0.1528	0.8798	0.3006	0.2804	0.9652	0.2240	0.0979	0.9898	0.1991	0.2613	0.4721	0.3854	0.1226	0.3332	0.4206	0.2911	0.4607	0.5691	0.5042
1.0000	1.0000	0.5954	0.5666	0.4683	0.5209	1.0000	0.3125	1.0000	0.8683	1.0000	1.0000	0.6318	0.0000	0.8525	0.5041	0.5041	0.1541	0.6070	1.0000
0.8509	0.4364	0.8397	0.2831	0.4561	0.1904	0.1946	0.4137	0.2195	0.0000	0.2927	0.1032	0.4915	0.6152	0.6566	0.5728	0.0000	0.0000	0.5822	0.5994
0.0000	0.5228	0.7491	0.5293	0.5122	0.2640	0.7003	0.0540	0.0348	0.4809	0.0081	0.5989	0.4906	0.6152	0.8274	1.0000	0.7660	0.2933	0.3966	0.5548
0.3430	0.7227	0.3812	0.3050	0.0000	0.5091	0.5188	0.2181	0.3099	0.6193	0.2704	0.6765	0.4906	0.6052	0.5720	0.3634	0.9003	0.8341	0.4954	0.6436
0.5948	0.9077	0.4020	0.3839	0.8081	0.3450	0.1638	0.3872	0.6146	0.7274	0.4866	0.6095	0.5116	0.2934	0.0000	0.7656	1.0000	0.6198	0.4954	0.0000
0.5948	0.4140	0.4824	0.3839	0.5466	0.5173	0.0000	0.6140	0.8783	0.7131	0.3906	0.6095	0.4982	0.3915	0.6098	0.5115	0.4985	0.0722	1.0000	0.3382
0.5948	0.3975	0.4924	0.3839	0.4026	0.1362	0.0000	1.0000	0.0759	0.1116	0.8879	0.2731	0.4558	0.3734	0.8518	0.3591	0.6939	0.7845	0.0000	0.5941
0.4945	0.3924	0.4147	0.3839	0.4070	0.5733	0.4757	0.0000	0.3724	0.0000	0.0000	0.5928	0.4555	0.8058	0.3287	0.5345	0.0000	0.6075	0.3978	0.4204
1.0000	0.3835	1.0000	0.1391	0.0000	0.3982	0.4906	0.5033	0.3840	0.4352	0.0000	0.6232	0.5736	0.7897	0.0000	0.3886	0.5946	0.2337	0.3978	0.0000
0.5170	0.5289	0.5207	0.3639	0.7878	0.3982	0.6177	0.5959	0.4973	0.8638	1.0000	0.1796	0.5109	0.5105	0.6319	0.0000	0.5917	0.3290	0.1015	0.8131
0.4128	0.4873	0.6198	0.4723	1.0000	0.3117	0.6177	0.5959	0.5113	0.5119	1.0000	0.3563	0.4854	0.5105	0.7391	0.7007	0.2727	0.7323	0.8074	0.0000
0.7170	0.5831	0.6330	0.8243	0.3962	0.2735	0.6177	0.6783	0.5113	0.5119	0.4863	0.6706	0.6107	0.5105	0.7065	0.0477	0.0615	0.4360	1.0000	0.7257
0.7170	0.3044	0.7384	1.0000	0.1895	0.7526	0.6177	0.5062	0.5113	0.5119	1.0000	0.2651	0.6107	0.5105	0.9465	0.3807	1.0000	1.0000	0.3693	0.2672
0.7170	0.4818	0.4620	0.7465	0.4758	0.3878	0.3958	0.5062	0.5113	0.5119	0.2432	0.0000	0.6107	0.5105	0.2842	0.3807	0.2906	0.8158	1.0000	0.3953
0.7170	0.1879	0.4287	1.0000	0.4689	0.1686	0.3958	0.5062	0.5113	0.5119	1.0000	0.0000	0.3777	0.5105	0.3889	0.3807	0.2945	0.6003	0.5271	0.7463
0.7170	0.5872	0.6489	1.0000	0.7291	0.4798	0.3958	0.6082	0.5113	0.5119	0.7061	0.5091	0.3777	0.5105	0.3889	0.3807	0.2945	0.3639	1.0000	0.6339
0.5012	0.5797	0.2703	0.3914	0.7291	0.2820	0.3958	0.6082	0.5132	0.5119	0.6010	0.6058	0.3777	0.5103	0.5913	0.3807	0.7532	0.6172	0.1866	0.4024
0.5012	0.5121	1.0000	0.2063	0.6012	0.4165	0.4939	0.6082	0.5132	0.5119	0.2723	0.5064	0.4927	0.5103	0.5913	0.3807	0.7221	0.3996	0.4011	0.4024
0.5012	0.4103	0.5098	0.4823	0.6012	0.2664	0.4939	0.6082	1.0000	0.5082	0.7169	0.5064	0.4927	0.5103	0.0000	0.5060	0.3770	0.9571	0.6014	0.4024
0.5012	0.4103	0.5098	0.6196	0.6012	0.7588	0.4032	0.6082	0.7031	0.2896	0.7169	0.5495	0.4927	0.5103	0.3019	0.5060	0.3770	0.8434	0.5048	0.4024
0.5012	0.4103	0.5098	0.4876	0.6012	0.0000	0.4892	0.6082	0.4100	0.5099	0.6101	0.0778	0.4927	0.5103	0.5965	0.5060	0.3537	0.7163	0.2623	0.4024
0.5012	0.4965	0.5098	0.4876	0.6012	0.5978	0.4892	0.6082	0.3675	0.6032	0.6101	0.4888	0.4927	0.5160	0.5960	0.5060	0.9854	0.7163	0.5868	0.3990
0.5012	0.4965	0.5098	0.3932	0.6012	0.5978	0.4892	0.6082	0.3675	0.6032	0.6101	0.4856	0.4927	0.5979	0.5960	0.5060	0.5017	0.2601	1.0000	0.3990
0.5012	0.4965	0.5098	0.3932	0.6012	0.5978	0.4892	0.6082	0.5121	0.6032	0.6101	0.4856	0.4927	0.5979	0.5960	0.5060	0.3947	0.5152	1.0000	0.3990
0.5012	0.4868	0.5098	0.3932	0.6012	0.5220	0.4892	0.6082	0.5121	0.6032	0.6101	0.4856	0.4927	0.5979	0.5202	0.5060	0.3947	0.5152	0.4305	0.3990
0.5012	0.4859	0.4956	0.6184	0.6012	0.6119	0.4892	0.3803	0.6213	0.8310	0.6101	0.8023	0.4927	0.5979	0.2841	0.5060	0.3947	0.5152	0.3124	0.3990
0.5012	0.4859	0.4956	0.5074	0.3882	0.7200	0.4892	0.3803	0.6213	0.7118	0.4026	0.5871	0.4927	0.5979	0.0649	0.5060	0.3947	0.5152	0.6877	0.3990
0.5012	0.4859	0.4956	0.6208	0.3882	0.8086	0.4892	0.3803	0.6213	0.7118	0.4835	0.6189	0.4927	0.5979	0.2863	0.5060	0.3947	0.5152	0.1799	0.3990
0.5012	0.5062	0.4956	0.6208	0.3882	0.5056	0.4892	0.5061	0.3867	0.6315	0.4835	0.6189	0.4927	0.5979	0.4764	0.5060	0.3947	0.5152	0.1799	0.3990
0.5012	0.3929	0.4956	0.3943	0.3882	0.6183	0.4892	0.5061	0.5157	0.6315	0.4835	0.4906	0.4927	0.5087	0.5962	0.4020	0.3947	0.5152	0.5033	0.3990
0.5012	0.3929	0.4956	0.6198	0.3986	0.6183	0.6001	0.5099	0.5157	0.6315	0.4835	0.4906	0.4927	0.5087	0.3036	0.6144	0.3947	0.5152	0.5033	0.3990
0.5012	0.6186	0.4956	0.7144	0.3986	0.6183	0.6001	0.5099	0.5111	0.5076	0.4835	0.4906	0.4927	0.5087	1.0000	0.0000	0.3947	0.5152	0.5033	0.3990
0.5012	0.6186	0.4956	0.4015	0.3986	0.8276	0.6001	0.5099	0.5111	0.7117	0.4835	0.4906	0.5027	0.5087	0.7246	0.6007	0.3947	0.5152	0.5033	0.3990
0.5012	0.6186	0.4956	0.2925	0.3986	0.5168	0.3865	0.5099	0.5111	0.7117	0.4835	0.4906	0.5027	0.5087	0.7246	0.2893	0.3947	0.5152	0.5096	0.3990
0.5012	0.6186	0.4956	0.2925	0.3986	0.8530	0.3865	0.5099	0.5111	0.7093	0.4835	0.4976	0.5027	0.5087	0.7246	0.2893	0.3947	0.6177	0.5096	0.3990
0.5012	0.6186	0.3844	0.2925	0.3986	0.6287	0.5116	0.5099	0.5111	0.7093	0.5953	0.4976	0.6205	0.5087	0.7246	0.6241	0.3947	0.6177	0.5048	0.3990
0.5012	0.6186	0.3844	0.2925	0.3986	0.6287	0.5116	0.5099	0.5009	0.7093	0.4752	0.4976	0.6205	0.5087	0.7246	0.6241	0.3947	0.6177	0.5048	0.3990
0.5012	0.6186	0.3844	0.2925	0.3986	0.6287	0.5116	0.5099	0.5009	0.7093	0.5948	0.4976	0.6205	0.5087	0.7246	0.3865	0.3947	0.3562	0.5048	0.3990
0.5012	0.3949	0.3844	0.7274	0.3986	0.6287	0.5116	0.5099	0.5009	0.7093	0.3832	0.4976	0.6205	0.5087	0.7246	0.0294	0.3930	0.5002	0.5048	0.3990
0.5012	0.3949	0.3844	0.7274	0.3986	0.4960	0.5116	0.5099	0.5009	0.4844	0.3832	0.4976	0.6205	0.3962	0.3053	0.5823	0.4984	0.5002	0.5048	0.3990
0.5012	0.3949	0.3844	0.6112	0.4991	0.4960	0.5116	0.5099	0.5009	0.2848	0.3832	0.4976	0.6205	0.3962	0.7090	0.3778	0.4984	0.5002	0.5048	0.3990
0.5012	0.3949	0.5042	0.4044	0.4991	0.4960	0.5116	0.5099	0.5009	0.4955	0.3728	0.4976	0.6205	0.3962	0.4814	0.3778	0.4984	0.3817	0.5048	0.3990
0.4951	0.3949	0.5042	0.4044	0.4991	0.4960	0.4897	0.5099	0.5009	0.4955	0.3728	0.6253	0.6205	0.3962	0.3887	0.3778	0.4984	0.3817	0.5030	0.3990
0.4951	0.3949	0.5042	0.4044	0.4991	0.4960	0.4897	0.5099	0.5009	0.4955	0.3728	0.7181	0.6205	0.3962	0.3887	0.3778	0.4984	0.3817	0.5030	0.3996
0.4951	0.3949	0.5042	0.4044	0.4991	0.4960	0.4897	0.5099	0.5009	0.4955	0.3728	0.7181	0.6205	0.3962	0.5142	0.3778	0.4984	0.3817	0.5030	0.3996
0.4951	0.3949	0.5042	0.4044	0.4991	0.4960	0.4897	0.6106	0.5009	0.4955	0.3728	0.3906	0.6205	0.3962	0.5142	0.3778	0.4984	0.3817	0.5030	0.3996
0.4951	0.3949	0.5042	0.7115	0.4991	0.4960	0.3839	0.6106	0.5009	0.4955	0.3728	0.3906	0.6205	0.6084	0.4957	0.3778	0.4984	0.3817	0.5030	0.3996
0.4951	0.3949	0.5042	0.6155	0.4991	0.4960	0.3839	0.6106	0.5009	0.4955	0.3728	0.3906	0.5980	0.6084	0.4957	0.3778	0.4984	0.3817	0.5030	0.5088
0.4951	0.3949	0.5042	0.6155	0.4991	0.4960	0.3839	0.6106	0.5009	0.4955	0.3728	0.3906	0.5980	0.6084	0.4957	0.3778	0.4984	0.3817	0.5030	0.5088
0.4951	0.3949	0.5042	0.6155	0.4991	0.4960	0.3839	0.6106	0.5009	0.4955	0.3906	0.3906	0.5980	0.6084	0.4957	0.4876	0.4984	0.3817	0.5030	0.5088
0.4951	0.4941	0.5042	0.6155	0.4991	0.4960	0.3839	0.6106	0.5009	0.4955	0.3906	0.3906	0.5980	0.6084	0.4957	0.4876	0.4984	0.3817	0.5030	0.5088
0.4926	0.4941	0.5042	0.6155	0.4991	0.4960	0.3839	0.6106	0.5009	0.4955	0.3906	0.3906	0.5976	0.6084	0.4957	0.4957	0.4984	0.3817	0.5030	0.5088
0.4926	0.4941	0.5042	0.6155	0.4991	0.4960	0.3839	0.6106	0.5100	0.4955	0.3906	0.3906	0.5976	0.6084	0.4957	0.4957	0.4984	0.4936	0.5030	0.5088
0.4926	0.4941	0.5042	0.6155	0.4991	0.4960	0.3839	0.6106	0.5100	0.4955	0.3906	0.3906	0.5976	0.6084	0.4957	0.4957	0.4984	0.4936	0.5030	0.5088
0.4926	0.4941	0.5042	0.6155	0.4991	0.4960	0.3839	0.6106	0.5100	0.4955	0.3906	0.3906	0.5976	0.6084	0.4957	0.4957	0.4984	0.4936	0.5030	0.5088
0.4926	0.4941	0.5042	0.4873	0.4991	0.3983	0.3839	0.6106	0.5100	0.4955	0.3906	0.3906	0.5976	0.6084	0.4957	0.4957	0.4984	0.4936	0.5030	0.5088
0.4926	0.4941	0.5042	0.4873	0.4991	0.3983	0.3839	0.6106	0.5100	0.4955	0.3906	0.3906	0.5976	0.6084	0.4947	0.4957	0.4984	0.4936	0.5030	0.5088
0.4926	0.4977	0.5042	0.4873	0.4991	0.3983	0.3839	0.6106	0.5100	0.4955	0.6151	0.3906	0.5976	0.5088	0.4947	0.4957	0.4984	0.4936	0.5030	0.5088
0.4926	0.4977	0.5042	0.4873	0.4991	0.3983	0.3839	0.6106	0.5100	0.4955	0.6151	0.3906	0.5976	0.5088	0.4947	0.4957	0.4984	0.4936	0.5030	0.5088
0.4926	0.4977	0.5042	0.4959	0.4991	0.3983	0.3839	0.6106	0.5100	0.4955	0.6151	0.3906	0.5976	0.3914	0.3919	0.4957	0.4984	0.4936	0.5030	0.5088
0.4926	0.4977	0.5042	0.4959	0.4991	0.3983	0.3839	0.6106	0.5100	0.4955	0.6151	0.3906	0.5976	0.3914	0.3919	0.4957	0.4984	0.4936	0.5030	0.5088
0.4926	0.4977	0.5042	0.4959	0.4991	0.3983	0.3839	0.6106	0.5100	0.4955	0.6151	0.3906	0.5976	0.3914	0.3919	0.4957	0.4984	0.4936	0.5030	0.5088
0.4926	0.4977	0.5042	0.4959	0.4991	0.3983	0.3839	0.6106	0.5100	0.4955	0.6151	0.3906	0.5976	0.3914	0.3919	0.4957	0.4984	0.4936	0.5030	0.5088
0.4926	0.4977	0.5042	0.4959	0.4991	0.3983	0.3839	0.6106	0.5100	0.4955	0.6151	0.3906	0.5976	0.3914	0.3919	0.4957	0.4984	0.4936	0.5030	0.5088
0.4926	0.4977	0.5042	0.4959	0.4991	0.3983	0.5000	0.6106	0.4940	0.4955	0.6151	0.3906	0.5976	0.3914	0.3919	0.4957	0.4984	0.4936	0.5030	0.5088
0.4926	0.4977	0.5042	0.4959	0.4991	0.3983	0.5000	0.6106	0.4940	0.4955	0.4996	0.3906	0.5976	0.3914	0.3919	0.4957	0.4984	0.4936	0.5030	0.5088
0.4926	0.4977	0.5042	0.4959	0.4991	0.3983	0.5000	0.6106	0.4940	0.4955	0.4996	0.3906	0.5976	0.3914	0.3851	0.4957	0.4984	0.4936	0.5030	0.5088
0.4926	0.4977	0.5042	0.4959	0.4991	0.3983	0.5000	0.6106	0.4940	0.4955	0.4996	0.3906	0.5976	0.3914	0.5069	0.4957	0.4984	0.4936	0.5030	0.5088
0.4926	0.4977	0.5042	0.4959	0.4991	0.3983	0.5000	0.6106	0.4940	0.4955	0.4996	0.3906	0.5976	0.3914	0.5069	0.4957	0.4984	0.4936	0.5030	0.5088
0.4926	0.4977	0.5042	0.4959	0.4991	0.3983	0.5000	0.6106	0.4940	0.4955	0.4996	0.3906	0.5976	0.3914	0.5069	0.4957	0.4984	0.4936	0.5030	0.5088
0.4963	0.4977	0.5042	0.4959	0.4991	0.3983	0.5026	0.6106	0.4940	0.4955	0.4996	0.3906	0.5976	0.3914	0.5069	0.4957	0.4984	0.4936	0.5030	0.5088
0.4963	0.4977	0.5042	0.4959	0.4991	0.3983	0.5026	0.6106	0.4940	0.4955	0.4996	0.3906	0.5976	0.3914	0.5069	0.4957	0.4984	0.4936	0.5030	0.5088
0.4963	0.4977	0.5042	0.4959	0.4991	0.3983	0.5026	0.6106	0.4940	0.4955	0.4996	0.3906	0.5976	0.3914	0.5069	0.4957	0.4984	0.4936	0.5030	0.5088
0.4963	0.4977	0.5042	0.4959	0.4991	0.3983	0.5026	0.6106	0.4940	0.4993	0.4996	0.3906	0.5976	0.3914	0.5069	0.4957	0.4984	0.4936	0.5030	0.5088
0.4963	0.4914	0.5042	0.4959	0.4991	0.3983	0.5026	0.6106	0.4940	0.4993	0.4996	0.3906	0.5976	0.3914	0.5069	0.4957	0.4984	0.4936	0.5030	0.5088
0.4963	0.4914	0.5042	0.4959	0.4991	0.3983	0.5026	0.6106	0.4940	0.4993	0.5037	0.3906	0.5976	0.3914	0.5069	0.4957	0.4984	0.4936	0.5030	0.5088
0.4963	0.4914	0.5042	0.4959	0.4991	0.3983	0.5026	0.6106	0.4940	0.4993	0.5037	0.3906	0.5976	0.3914	0.5069	0.4957	0.4984	0.4936	0.5030	0.5088
0.4963	0.4914	0.5042	0.4959	0.4991	0.3983	0.5026	0.6106	0.4940	0.4993	0.5037	0.3906	0.5976	0.3914	0.5069	0.4957	0.4984	0.4936	0.5030	0.5088
0.4963	0.4914	0.5042	0.4959	0.4991	0.3983	0.5026	0.6106	0.4940	0.4993	0.6174	0.3906	0.5976	0.3914	0.5069	0.4957	0.4984	0.4936	0.5030	0.5088
0.4963	0.4914	0.5042	0.4959	0.4991	0.3983	0.5026	0.6106	0.4940	0.4993	0.6174	0.3906	0.5976	0.3914	0.5069	0.4957	0.4984	0.4936	0.5030	0.5088
0.4963	0.4914	0.5042	0.4959	0.4991	0.3983	0.5026	0.6106	0.4940	0.4993	0.6174	0.3906	0.5976	0.3914	0.5069	0.4957	0.4984	0.4936	0.5030	0.4969
0.4963	0.4914	0.5042	0.4959	0.4991	0.3983	0.5026	0.6106	0.4940	0.4993	0.6174	0.3906	0.5976	0.3914	0.5069	0.4957	0.4984	0.4936	0.5030	0.4969
0.4963	0.4914	0.5009	0.4959	0.4991	0.3983	0.5026	0.6106	0.4940	0.4993	0.6174	0.3906	0.5976	0.3914	0.5069	0.4957	0.4984	0.4936	0.5030	0.4969
0.4963	0.4914	0.5009	0.4959	0.4991	0.3983	0.5026	0.6106	0.5014	0.4993	0.6174	0.3906	0.5976	0.3914	0.5069	0.4957	0.4984	0.4936	0.5030	0.4969
0.4963	0.4914	0.5009	0.4959	0.4991	0.3983	0.5026	0.6106	0.5014	0.4911	0.6174	0.3906	0.5976	0.3914	0.5069	0.4957	0.4984	0.4936	0.5030	0.4969
0.4963	0.4914	0.6124	0.4959	0.4991	0.3983	0.5026	0.6106	0.5014	0.4911	0.6174	0.3906	0.5976	0.3914	0.5086	0.4957	0.4984	0.4936	0.5030	0.4969
0.4963	0.5039	0.6124	0.4959	0.4991	0.3983	0.5026	0.6106	0.5014	0.4911	0.6174	0.3906	0.5976	0.3914	0.5086	0.4957	0.4984	0.4936	0.5030	0.4969
0.4963	0.5039	0.6124	0.4959	0.4991	0.3983	0.5026	0.6106	0.5014	0.4911	0.6174	0.3906	0.5976	0.3914	0.5086	0.4957	0.4984	0.4936	0.5030	0.4969
0.4963	0.5039	0.6124	0.4959	0.4991	0.3983	0.5026	0.6106	0.5014	0.4911	0.6174	0.3906	0.5976	0.3914	0.5086	0.4957	0.4984	0.4936	0.5030	0.4969
0.4963	0.5039	0.6124	0.4959	0.4991	0.3983	0.5026	0.6106	0.5014	0.4911	0.6174	0.3906	0.5976	0.3914	0.5086	0.4957	0.4984	0.4936	0.5030	0.4969
0.4963	0.5039	0.6124	0.4959	0.4991	0.3983	0.5026	0.6106	0.5014	0.4911	0.5045	0.3906	0.5976	0.3914	0.5086	0.4957	0.4984	0.4936	0.5030	0.4969
0.4963	0.5039	0.6124	0.4959	0.4991	0.3983	0.5026	0.6106	0.5014	0.4925	0.5045	0.3906	0.5976	0.3914	0.5086	0.4957	0.4984	0.4936	0.5030	0.4969
0.4963	0.5039	0.6124	0.4959	0.4991	0.3983	0.5026	0.6106	0.5014	0.4925	0.5040	0.3906	0.4995	0.3914	0.5086	0.4957	0.4984	0.4936	0.5030	0.4969
0.4963	0.5039	0.6124	0.4959	0.4991	0.3983	0.5026	0.6106	0.5014	0.4925	0.5040	0.3906	0.4995	0.3914	0.5086	0.4957	0.4984	0.4936	0.5030	0.4969
0.4963	0.3858	0.6124	0.4959	0.4991	0.3983	0.5026	0.6106	0.5014	0.4925	0.5040	0.3906	0.4995	0.3914	0.5086	0.4957	0.4984	0.4936	0.5030	0.4969
0.4963	0.3858	0.6124	0.4959	0.4991	0.3983	0.5026	0.6106	0.5014	0.4925	0.5040	0.3906	0.4995	0.3914	0.5086	0.4957	0.4984	0.4936	0.5030	0.4969
0.4963	0.3858	0.6124	0.4959	0.4991	0.3983	0.5026	0.6106	0.5014	0.4925	0.5040	0.3906	0.4995	0.3914	0.5086	0.4957	0.4984	0.4936	0.5030	0.4969
0.4963	0.3858	0.6124	0.4959	0.4991	0.6201	0.5026	0.6106	0.5014	0.4925	0.5040	0.3906	0.4995	0.3914	0.5086	0.4957	0.4984	0.4936	0.5030	0.4969
0.4963	0.3858	0.6124	0.4959	0.4991	0.6201	0.5026	0.6106	0.5014	0.4925	0.5040	0.3906	0.4995	0.3914	0.5086	0.4957	0.4984	0.4936	0.5030	0.4969
0.4963	0.3858	0.6124	0.4959	0.4991	0.6201	0.5026	0.6106	0.5014	0.4925	0.5040	0.3906	0.4995	0.3914	0.5086	0.4957	0.4984	0.4936	0.5030	0.4969
