0.0083	0.6896	0.3183	0.2481	0.1910	0.3095	0.2895	0.1189	0.4860	0.2918	0.2407	0.0610	0.6137	0.0603	0.5276	0.3124	0.0831	0.3337	0.7737	0.4356
1.0000	0.6617	0.1445	0.6079	0.7386	0.4978	0.2881	0.1666	0.9929	0.8990	0.2798	0.5971	0.2323	0.6966	0.4421	0.5903	0.5756	0.6153	0.2688	0.3812
0.4463	0.0228	0.6077	0.4718	0.2709	0.2592	1.0000	0.3963	0.8739	0.7940	0.4935	1.0000	0.7356	0.4893	0.5668	0.5920	0.7565	0.3067	0.3982	0.2475
0.4597	0.4386	0.7212	0.3450	0.8356	0.3376	0.4852	0.5651	0.5019	0.6096	0.3167	0.0166	0.7388	0.5790	0.3881	0.3907	0.6873	0.0000	1.0000	0.4443
0.4451	0.3207	0.0000	0.8626	0.2750	0.4026	0.2405	0.6321	0.7026	0.5537	0.8016	0.3133	0.4418	0.7441	0.4197	0.4956	0.6740	0.4418	0.1188	0.4893
0.3524	0.0000	0.2539	0.0000	0.5047	1.0000	0.5703	0.3610	0.8397	0.4460	0.8237	0.5184	0.4418	0.5131	0.4126	0.4956	0.3927	0.8196	0.4483	0.0110
0.6184	0.3239	0.5878	0.4304	0.7292	0.5699	0.0000	0.6341	0.7745	0.3238	0.0000	0.6670	0.4418	0.6065	0.8147	0.4461	0.9979	0.5058	0.4483	0.0000
0.2508	0.3239	0.9166	0.4964	1.0000	0.5803	0.6564	0.5934	0.3792	0.6165	0.2325	0.6670	0.5559	0.6065	0.9190	0.4461	1.0000	0.0000	0.4483	0.4395
0.0000	0.6166	0.3730	0.4964	0.2061	0.6703	0.1151	0.9921	0.3792	0.6165	1.0000	0.6670	0.5559	0.8503	0.4468	0.6734	0.2613	0.3322	0.3765	0.5040
0.2095	0.6166	0.7875	0.4964	1.0000	0.4915	0.5122	0.3735	0.5022	0.3827	1.0000	0.6670	0.5559	1.0000	0.4468	0.4394	0.7046	0.7271	0.3765	0.6755
0.2437	0.5067	0.7511	0.4964	1.0000	0.4915	0.7290	1.0000	0.5022	0.3827	0.8969	0.4974	0.5559	0.9155	0.4468	0.4394	0.6727	0.0000	0.4385	0.6755
0.7299	0.5067	0.9684	0.4964	0.1175	0.3174	0.4483	0.0000	0.7313	0.2768	0.2391	0.4974	0.5559	0.6649	0.4468	0.4394	0.6970	0.7567	0.4385	0.9281
0.6703	0.5067	0.6111	0.3772	0.4984	0.1577	0.2507	0.3402	0.6805	0.0000	0.5586	0.5583	0.5559	0.7450	0.4468	0.4394	0.2328	0.7269	0.4385	0.4462
0.6703	0.5067	0.3800	0.3772	1.0000	0.8190	0.5639	0.5567	0.6270	0.4399	0.5586	0.5583	0.5559	0.4721	0.4468	0.4394	0.6203	0.3239	0.4385	0.5692
0.0000	0.5572	0.3800	0.3772	0.5553	0.2285	0.5639	0.3808	0.0000	0.2038	0.6930	0.5583	0.5559	0.0000	0.4468	0.4394	0.6258	0.3239	0.4385	0.2090
0.5430	0.5572	0.3800	0.3772	0.5051	0.0000	0.0000	0.3808	0.3100	0.4870	0.6182	0.5583	0.6689	0.9946	0.4468	0.4394	0.4364	0.3239	0.4385	0.6700
0.0000	0.3829	0.3826	0.3772	0.2926	0.2056	0.8564	0.3808	0.1224	0.5697	1.0000	0.5583	0.6689	0.1971	0.4468	0.4394	0.4364	0.4499	0.5641	0.5023
0.6185	0.3829	0.3840	0.3772	0.0000	0.4271	0.5043	0.3808	0.6175	1.0000	0.5122	0.5583	0.6689	0.6292	0.4468	0.4410	0.4364	0.2736	0.5641	0.8887
0.6185	0.4476	0.3840	0.3772	0.3815	0.3286	0.6702	0.5600	0.6789	0.6184	1.0000	0.5583	0.6689	0.6292	0.4468	0.4410	0.4364	0.2314	0.5641	0.0000
0.3787	0.4476	0.4458	0.3772	0.4358	0.6181	0.4385	0.5600	0.6789	1.0000	0.3352	0.5583	0.6689	0.6292	0.4468	0.4410	0.4364	0.6799	0.5641	0.0000
0.4425	0.4476	0.4458	0.3772	0.5055	0.6181	0.4385	0.5088	0.6789	0.7353	0.7458	0.5583	0.6689	0.6281	0.4468	0.4410	0.4364	0.8649	0.5641	0.4357
0.4425	0.4476	0.4458	0.3772	0.6078	1.0000	0.4385	0.5088	0.6789	0.4745	0.5563	0.4363	0.6689	0.6281	0.4468	0.4410	0.4364	0.6810	0.4504	0.4357
0.6849	0.4476	0.4458	0.3772	0.8854	0.5525	0.4385	0.5088	0.6789	0.6754	0.5563	0.4363	0.6689	0.6281	0.4468	0.5013	0.4364	0.4877	0.4504	0.0000
0.6849	0.4476	0.4458	0.3772	0.5057	0.5525	0.4385	0.5088	0.6756	0.5470	0.5563	0.4363	0.6772	0.3809	0.4468	0.5013	0.4364	0.4962	0.5521	0.0000
0.6198	0.6228	0.4458	0.3772	0.4992	0.5525	0.4385	0.6085	0.6756	0.4400	0.5563	0.3243	0.5504	0.3809	0.4468	0.5013	0.4364	0.4903	0.5521	0.6719
0.6198	0.6228	0.4458	0.3772	0.4992	0.5525	0.4385	0.2497	0.6756	0.4400	0.5563	0.3243	0.4971	0.3809	0.4468	0.5013	0.4364	0.4903	0.5521	0.6719
0.6198	0.6237	0.4458	0.3772	0.4992	0.6750	0.4385	0.3866	0.6756	0.4400	0.5563	0.3243	0.4971	0.3809	0.4468	0.5013	0.4364	0.4903	0.5521	0.4686
0.6198	0.6237	0.4458	0.3772	0.4992	0.6750	0.4385	0.4961	0.6756	0.6227	0.5563	0.3243	0.4971	0.4959	0.4468	0.5013	0.4364	0.4903	0.5521	0.0461
0.6198	0.3289	0.4458	0.3772	0.4992	0.5699	0.4385	0.6930	0.6756	0.6227	0.6126	0.4392	0.4971	0.4959	0.4468	0.5013	0.4364	0.3236	0.5521	0.8553
0.5027	0.3289	0.4458	0.3772	0.4992	0.2076	0.4385	0.1999	0.3256	0.6227	0.6126	0.4392	0.4971	0.4959	0.4468	0.5013	0.4364	0.3295	0.5521	0.5824
0.5027	0.3289	0.4458	0.3772	0.4992	0.5182	0.4385	0.6065	0.5054	0.6227	0.5020	0.4392	0.4971	0.4959	0.4468	0.5013	0.4364	0.6829	0.5521	0.6223
0.3223	0.3289	0.4458	0.3772	0.4992	0.4430	0.4385	0.4433	0.5054	0.3343	0.5020	0.4392	0.4971	0.5577	0.4468	0.5013	0.4364	0.3756	0.5521	0.6223
0.3184	0.3868	0.4492	0.3772	0.4992	0.4430	0.4385	0.4433	0.5054	0.4363	0.5020	0.4392	0.4971	0.5577	0.4468	0.5013	0.4364	0.2628	0.5521	0.6223
0.3184	0.6723	0.4509	0.3889	0.4992	0.4430	0.4385	0.4433	0.5054	0.4363	0.5020	0.5020	0.4971	0.5577	0.4352	0.5013	0.4364	0.5138	0.5521	0.6223
0.5520	0.6723	0.4509	0.3889	0.4992	0.4430	0.4385	0.4433	0.5054	0.4363	0.5020	0.5020	0.4971	0.5577	0.4352	0.5013	0.4364	0.4385	0.4975	0.6223
0.5520	0.6723	0.4509	0.6170	0.4992	0.4430	0.4385	0.4433	0.5054	0.6798	0.5020	0.5020	0.4971	0.5577	0.4352	0.5013	0.4364	0.4385	0.3802	0.6223
0.5520	0.6723	0.4509	0.5052	0.4992	0.4430	0.4385	0.4420	0.5054	0.6798	0.5020	0.5020	0.4971	0.5577	0.4352	0.5013	0.4364	0.4385	0.6728	0.6223
0.5520	0.6723	0.4509	0.5052	0.4992	0.4430	0.2676	0.4420	0.5054	0.6798	0.5020	0.5020	0.4971	0.5577	0.4352	0.5013	0.4364	0.4385	0.6728	0.6223
0.5543	0.6723	0.4509	0.5052	0.4992	0.4430	0.5629	0.4420	0.5054	0.6798	0.5020	0.5020	0.4971	0.5577	0.4352	0.5013	0.4364	0.4385	0.6728	0.1526
0.5543	0.6723	0.4509	0.5052	0.4992	0.4430	0.5629	0.4420	0.5054	0.6798	0.5020	0.5020	0.4971	0.5577	0.4352	0.5013	0.4364	0.4385	0.6728	0.4518
0.5543	0.6723	0.4509	0.5052	0.4992	0.4430	0.5629	0.4420	0.5054	0.6798	0.5020	0.5020	0.4971	0.5577	0.4352	0.5013	0.4364	0.4385	0.6728	0.3748
0.5543	0.4429	0.4509	0.5052	0.4992	0.4430	0.5629	0.4420	0.5054	0.6798	0.5020	0.5020	0.4971	0.5577	0.3248	0.5013	0.4364	0.4385	0.6728	0.3748
0.5543	0.4429	0.4509	0.5052	0.4992	0.4430	0.5629	0.4420	0.5054	0.6798	0.5020	0.5020	0.4971	0.5577	0.3248	0.5013	0.4364	0.4385	0.6728	0.3839
0.5543	0.4429	0.4509	0.5052	0.4992	0.4430	0.5574	0.4420	0.5054	0.5043	0.5020	0.5020	0.4971	0.5577	0.6677	0.5013	0.4364	0.4385	0.6728	0.3839
0.6202	0.3855	0.4509	0.5052	0.4992	0.4430	0.5574	0.4420	0.5054	0.5043	0.5020	0.5562	0.4971	0.5577	0.3278	0.5013	0.4364	0.4385	0.5006	0.3839
0.6202	0.3855	0.6718	0.5052	0.4992	0.4430	0.5574	0.4420	0.5054	0.5043	0.5020	0.5562	0.4971	0.5577	0.3278	0.5013	0.4364	0.4385	0.5006	0.3839
0.6202	0.3855	0.4991	0.5052	0.4992	0.4430	0.5574	0.4420	0.5054	0.5043	0.5020	0.5562	0.4971	0.5577	0.3278	0.5013	0.5618	0.4385	0.4401	0.3839
0.6202	0.4384	0.5517	0.4439	0.4992	0.4430	0.5574	0.4420	0.5054	0.5043	0.5020	0.5562	0.4971	0.5577	0.3278	0.5013	0.5618	0.4385	0.5678	0.3839
0.6202	0.4384	0.5517	0.4439	0.4992	0.4430	0.5574	0.4420	0.5054	0.5043	0.5020	0.5562	0.4971	0.5577	0.3278	0.5013	0.5618	0.4385	0.2641	0.5053
0.6202	0.4384	0.5517	0.4439	0.4992	0.4430	0.5574	0.4420	0.5054	0.5043	0.5032	0.5562	0.4971	0.5577	0.3278	0.5013	0.5618	0.4385	0.3255	0.5053
0.6202	0.4384	0.5517	0.4439	0.4992	0.4430	0.5574	0.4420	0.5054	0.5043	0.5032	0.5562	0.4971	0.5577	0.3227	0.5013	0.5618	0.4385	0.3255	0.5053
0.6202	0.4384	0.5517	0.4439	0.4992	0.4430	0.5574	0.4420	0.5054	0.5043	0.4952	0.5562	0.4971	0.5577	0.3227	0.5013	0.5618	0.4385	0.3821	0.5053
0.6202	0.4384	0.5517	0.4439	0.4992	0.4430	0.5574	0.4420	0.5054	0.4349	0.4952	0.5562	0.4971	0.5577	0.3227	0.5013	0.4512	0.4385	0.3821	0.5053
0.6202	0.4384	0.5517	0.4439	0.4992	0.4430	0.5574	0.4420	0.5054	0.4349	0.4952	0.5562	0.4971	0.5577	0.4466	0.5013	0.4512	0.4385	0.3821	0.5053
0.6202	0.4384	0.5517	0.4439	0.4992	0.4430	0.5574	0.4420	0.5054	0.4349	0.4952	0.5562	0.4971	0.5577	0.4466	0.5013	0.4512	0.4385	0.6797	0.5053
0.5574	0.4384	0.5517	0.4439	0.4992	0.4430	0.5574	0.4420	0.5054	0.4349	0.5542	0.5562	0.4971	0.5577	0.4466	0.5013	0.4512	0.4385	0.6797	0.5053
0.5574	0.4384	0.5517	0.4439	0.4992	0.4430	0.5574	0.4420	0.5054	0.4349	0.5542	0.5562	0.4971	0.5577	0.4466	0.5013	0.4512	0.4385	0.6797	0.5053
0.5574	0.4384	0.5517	0.4439	0.4992	0.4430	0.5574	0.4420	0.5054	0.4349	0.3834	0.5562	0.4971	0.5577	0.4466	0.5013	0.6206	0.4385	0.6797	0.5053
0.5574	0.4384	0.5517	0.4439	0.4992	0.4430	0.5574	0.4420	0.5054	0.4349	0.3834	0.5562	0.4971	0.5577	0.4466	0.5013	0.6206	0.4385	0.5553	0.5053
0.5574	0.4384	0.5517	0.4439	0.4992	0.4430	0.5574	0.4420	0.5054	0.4349	0.3834	0.5562	0.4971	0.5577	0.4466	0.5013	0.6206	0.3192	0.5553	0.5053
0.5574	0.4384	0.4424	0.4439	0.4992	0.4430	0.5574	0.4420	0.5054	0.4349	0.3834	0.5562	0.4936	0.5577	0.4466	0.5013	0.6206	0.4458	0.5553	0.5053
0.5574	0.4384	0.4424	0.4439	0.4992	0.4430	0.5574	0.4420	0.5054	0.4349	0.3834	0.5562	0.4936	0.5577	0.4466	0.5013	0.6206	0.4458	0.5553	0.5053
0.5574	0.4384	0.4424	0.4439	0.4992	0.4430	0.5574	0.4420	0.5054	0.4349	0.3834	0.5620	0.4936	0.5577	0.3821	0.5013	0.6206	0.4458	0.5553	0.5053
0.5574	0.4384	0.4424	0.4439	0.4992	0.4430	0.5574	0.4420	0.5054	0.4349	0.3834	0.5636	0.4936	0.5577	0.3821	0.5013	0.6206	0.4458	0.5553	0.5053
0.5574	0.4384	0.4424	0.4439	0.4992	0.4430	0.5574	0.4420	0.5054	0.4388	0.3834	0.5636	0.4936	0.5577	0.3821	0.5013	0.6206	0.4458	0.5553	0.4930
0.5574	0.4384	0.4424	0.4439	0.4992	0.4430	0.5574	0.4420	0.5054	0.4388	0.3834	0.5636	0.4936	0.5577	0.3821	0.5013	0.6206	0.4458	0.5553	0.4930
0.5574	0.4384	0.4424	0.4439	0.4992	0.4430	0.5574	0.4420	0.5054	0.4388	0.3834	0.5636	0.4936	0.5577	0.3821	0.5013	0.6206	0.4458	0.5553	0.4930
0.5574	0.4384	0.4424	0.4439	0.4992	0.4430	0.5574	0.5016	0.5054	0.6156	0.3834	0.5577	0.4936	0.5577	0.3821	0.5013	0.5616	0.5024	0.5553	0.4930
0.5574	0.4384	0.4424	0.4439	0.4992	0.4430	0.5574	0.5016	0.5054	0.6156	0.3834	0.5577	0.4936	0.5577	0.3821	0.5013	0.5616	0.5024	0.5553	0.4930
0.5574	0.4996	0.4424	0.4439	0.4992	0.4430	0.5574	0.5016	0.5054	0.6156	0.3834	0.5577	0.4936	0.5577	0.3821	0.5013	0.6694	0.5024	0.3921	0.4930
0.5574	0.4996	0.4424	0.4439	0.4992	0.4430	0.5574	0.5016	0.5054	0.4469	0.3834	0.5577	0.4936	0.5577	0.3821	0.5013	0.6694	0.5024	0.6222	0.4930
0.5574	0.4996	0.4424	0.4439	0.4992	0.4430	0.5574	0.5016	0.5054	0.4469	0.3834	0.5577	0.4936	0.5577	0.4997	0.5013	0.4941	0.5024	0.6222	0.4930
0.5574	0.4996	0.4424	0.4439	0.4992	0.4430	0.5574	0.5016	0.5054	0.5590	0.3834	0.5577	0.4936	0.5577	0.4997	0.5013	0.4941	0.5024	0.6222	0.4930
0.5574	0.4996	0.4424	0.4439	0.4992	0.4430	0.5574	0.5016	0.5054	0.5590	0.3834	0.5577	0.4936	0.5577	0.4997	0.4978	0.4941	0.5024	0.6222	0.4930
0.5574	0.4996	0.4424	0.4439	0.4992	0.4430	0.5574	0.5016	0.5054	0.5590	0.3834	0.5577	0.4936	0.5577	0.4997	0.4978	0.4941	0.5024	0.6222	0.4930
0.5574	0.4996	0.4424	0.4439	0.4992	0.4430	0.5574	0.5016	0.5054	0.3215	0.3834	0.5577	0.4936	0.5577	0.4997	0.4978	0.4941	0.5024	0.6222	0.4930
0.5574	0.4996	0.4424	0.4439	0.4992	0.4430	0.5574	0.5016	0.5054	0.3215	0.3834	0.5577	0.4936	0.5577	0.4997	0.4978	0.4941	0.5024	0.6222	0.4930
0.5574	0.4996	0.4424	0.4439	0.4992	0.4430	0.5574	0.5016	0.5054	0.6167	0.3834	0.5577	0.4936	0.5577	0.4997	0.4978	0.4423	0.5024	0.6222	0.4930
0.5574	0.4996	0.4424	0.4439	0.4992	0.4430	0.5574	0.5016	0.5054	0.6167	0.3834	0.5577	0.4936	0.5577	0.4997	0.4978	0.5080	0.4366	0.6222	0.4930
0.5594	0.4996	0.4424	0.4439	0.4992	0.4430	0.5574	0.5016	0.5054	0.6167	0.3834	0.4406	0.4936	0.5577	0.4997	0.4978	0.5080	0.4366	0.6222	0.4930
0.5594	0.4996	0.4424	0.4439	0.4992	0.4430	0.5574	0.5016	0.5054	0.6167	0.3834	0.4406	0.4936	0.5577	0.4997	0.4978	0.5080	0.4366	0.6222	0.4930
0.5594	0.4996	0.4424	0.4439	0.4992	0.4430	0.5574	0.5016	0.5054	0.6167	0.4995	0.4406	0.4936	0.5577	0.4997	0.4978	0.5080	0.4366	0.6222	0.4930
0.5594	0.4996	0.4424	0.4439	0.4992	0.4430	0.5574	0.4987	0.5054	0.6167	0.4995	0.4406	0.4936	0.5577	0.4997	0.4978	0.5080	0.4366	0.6222	0.4930
0.5594	0.4996	0.4424	0.4439	0.4992	0.4430	0.5574	0.4987	0.5054	0.6167	0.4995	0.4406	0.4936	0.5577	0.4997	0.4978	0.5080	0.6128	0.6222	0.4930
0.5594	0.4996	0.4424	0.4439	0.4992	0.4430	0.5574	0.4987	0.5054	0.6167	0.4995	0.4406	0.4936	0.5577	0.4997	0.4978	0.5080	0.6128	0.6222	0.4930
0.5594	0.4996	0.4424	0.4439	0.4992	0.4430	0.5574	0.4987	0.5013	0.6167	0.4995	0.4406	0.4936	0.5577	0.4997	0.4978	0.5080	0.6128	0.6222	0.4930
0.5594	0.4988	0.4424	0.4439	0.4992	0.4430	0.5574	0.4987	0.5013	0.6167	0.4995	0.4406	0.4936	0.5577	0.4997	0.4978	0.5080	0.6128	0.6222	0.4930
0.5594	0.4988	0.4424	0.4439	0.4992	0.4430	0.5574	0.4987	0.5013	0.5007	0.4995	0.4406	0.4936	0.5577	0.4997	0.4978	0.5080	0.6128	0.6222	0.4930
0.5594	0.4988	0.4424	0.4439	0.4992	0.4430	0.5574	0.4987	0.5013	0.5007	0.4995	0.4406	0.4936	0.5577	0.4997	0.4978	0.5080	0.6128	0.6222	0.4930
0.5594	0.4988	0.4424	0.4439	0.4992	0.4430	0.5574	0.4987	0.5013	0.5007	0.4995	0.4406	0.4936	0.5577	0.4997	0.4978	0.5080	0.6128	0.4972	0.4930
0.5594	0.4988	0.4424	0.4439	0.4992	0.4430	0.5574	0.4987	0.5013	0.5007	0.4995	0.4406	0.4936	0.5577	0.4997	0.4978	0.5080	0.6128	0.4972	0.4930
0.5594	0.4988	0.4424	0.4439	0.4992	0.4430	0.5574	0.4987	0.5013	0.5007	0.4995	0.4406	0.4936	0.5577	0.4997	0.4978	0.5080	0.6128	0.4972	0.4930
0.5594	0.4988	0.4424	0.4439	0.4992	0.4430	0.5574	0.4987	0.5013	0.5007	0.4995	0.4406	0.4936	0.5577	0.4997	0.4978	0.5080	0.6128	0.4972	0.4930
0.5594	0.4988	0.4424	0.4439	0.4992	0.4430	0.5574	0.4987	0.5013	0.5612	0.4995	0.4406	0.4936	0.5577	0.4997	0.4978	0.5080	0.6128	0.4972	0.4930
0.5594	0.4988	0.4424	0.4439	0.4992	0.4430	0.5574	0.4987	0.5013	0.5612	0.4995	0.4406	0.4936	0.5577	0.5590	0.4978	0.5080	0.6128	0.4972	0.4930
0.5594	0.4988	0.4424	0.4439	0.4992	0.4430	0.5574	0.4987	0.5013	0.5612	0.4995	0.4406	0.4936	0.5577	0.5590	0.4978	0.5080	0.6128	0.4972	0.5049
0.5594	0.4988	0.4424	0.4439	0.4992	0.4430	0.5574	0.4987	0.5013	0.5612	0.4995	0.4406	0.4936	0.5577	0.5590	0.4978	0.5080	0.6128	0.4972	0.5049
0.5594	0.4988	0.4424	0.5033	0.4992	0.4430	0.5574	0.4987	0.5013	0.5612	0.4995	0.4406	0.4936	0.5577	0.5590	0.4978	0.5080	0.6128	0.4972	0.5049
0.4955	0.4988	0.4424	0.5033	0.4992	0.4430	0.5574	0.4987	0.5013	0.5612	0.4995	0.4406	0.4936	0.5577	0.5590	0.4978	0.5080	0.5614	0.5588	0.5049
0.4955	0.4988	0.4424	0.5033	0.4992	0.4430	0.5574	0.4987	0.5013	0.5612	0.4995	0.4406	0.4936	0.5577	0.5590	0.4978	0.5080	0.5614	0.5588	0.5049
0.4955	0.4988	0.4424	0.5033	0.4992	0.4430	0.5574	0.4987	0.5013	0.5612	0.4995	0.4406	0.4936	0.5577	0.5590	0.4978	0.5080	0.5614	0.5588	0.5049
