0.5017	0.8326	0.5378	0.3294	0.0952	0.6608	0.7875	0.0185	0.5180	0.3199	0.0458	0.1149	0.9107	0.3678	0.4267	0.5924	0.7299	0.0448	0.5651	0.5266
0.4396	1.0000	0.8196	0.7088	0.5557	0.7076	1.0000	0.4727	0.9489	0.2456	0.2594	0.7459	0.5474	0.7470	0.2101	0.3734	0.4928	0.5839	0.4824	0.1695
0.6475	0.5674	0.7845	0.0305	1.0000	0.7456	0.3494	0.0000	0.8837	0.7500	0.2387	0.4072	0.2360	0.6829	0.4060	0.3456	0.5459	1.0000	0.1592	0.8739
0.0000	0.8042	0.5022	0.0000	0.5600	0.4686	0.3494	0.7542	0.5471	0.6853	0.2590	0.4072	0.2669	0.7820	0.3508	0.3018	1.0000	0.1178	0.6423	0.8279
0.4058	1.0000	0.6613	0.9543	0.3563	0.6505	0.4086	1.0000	0.0000	0.0000	0.1601	0.4441	0.5537	0.5291	0.3021	0.4583	0.5832	0.4469	0.4822	0.0132
0.0455	0.3068	0.1142	0.7669	1.0000	0.3665	0.4086	0.3125	0.5954	0.0045	0.9552	0.4441	0.0258	0.8435	0.3482	1.0000	0.4840	0.4469	0.2670	0.4229
0.2765	0.5352	0.7836	0.6021	0.5003	0.5918	0.4086	0.3125	0.4581	0.7437	0.0000	0.4529	0.3558	0.8223	0.3482	0.4088	0.7002	0.4469	0.5598	0.1654
0.5027	0.9225	0.0000	1.0000	0.7290	0.5918	0.4086	0.0375	0.6328	0.4352	0.0000	0.5489	0.7047	0.2889	0.5983	0.2607	0.5490	0.2257	0.2756	1.0000
0.5027	0.0000	0.6090	0.6398	0.0000	0.5918	0.4562	0.4029	0.0855	0.0000	1.0000	0.5489	0.7679	0.1527	0.5983	0.0000	0.7547	0.2900	0.3910	0.3084
0.5525	0.6954	0.0000	0.8242	0.4896	0.5918	0.4562	0.4029	0.8265	0.6257	0.3644	0.5489	0.1345	0.6472	0.5983	1.0000	0.3123	0.3151	0.4524	0.3084
0.4471	0.6457	0.0000	0.6525	0.3535	0.5918	0.4562	0.4029	0.5676	0.6834	1.0000	0.5489	0.7652	0.4640	0.5983	0.0172	0.0963	0.1131	0.5969	0.5909
0.1474	0.5476	0.6485	0.7809	1.0000	0.5918	0.4562	0.4029	0.3283	0.5411	0.6479	0.5489	0.8312	0.4536	0.5983	0.3315	1.0000	0.3158	0.5109	0.5909
1.0000	0.6423	0.7397	0.5397	1.0000	0.5918	0.4562	0.6022	0.5896	0.5411	0.4008	0.5489	0.3071	0.5023	0.5314	0.2928	0.4529	0.2113	0.5447	0.5909
0.6315	0.5907	0.3617	1.0000	0.4769	0.5918	0.4562	0.1483	0.4996	0.4622	0.2450	0.5489	0.3238	0.2204	0.1402	0.4595	0.4529	0.0000	0.5447	0.5909
0.7814	0.5907	0.4999	0.0000	1.0000	0.4538	0.4562	0.7442	0.4996	0.4622	0.6845	0.5489	0.8541	0.5438	0.5935	0.4551	0.4529	0.8733	0.5447	0.5364
0.0044	0.4996	0.4034	0.3218	0.6979	0.4538	0.4562	0.5525	0.4996	0.0000	0.4502	0.5489	0.5432	0.4934	0.4276	0.3908	0.4529	0.4507	0.5447	0.7217
0.0996	0.4996	0.4034	0.6474	0.1484	0.5009	0.4520	0.8902	0.4996	0.3557	0.4940	0.5489	1.0000	0.4934	0.4917	0.6939	0.4529	0.0000	0.5447	1.0000
0.4925	0.4996	0.4034	0.6474	0.0000	0.4563	0.4520	0.4487	0.4996	0.5008	0.4940	0.5489	1.0000	0.5607	0.9723	0.5887	0.4529	0.5498	0.4525	0.6279
0.3161	0.6013	0.4034	0.6454	0.6413	0.4563	0.4520	0.4487	0.4996	0.5008	0.4940	0.5489	0.0000	0.3084	0.0000	0.0000	0.2619	0.5498	0.4525	0.5460
0.0000	0.6013	0.4034	0.6454	0.6413	0.4563	0.4520	0.2446	0.4996	0.5008	0.4423	0.5489	0.5374	0.5508	0.3535	0.0891	0.9661	0.5498	0.4525	0.5460
0.6917	0.6013	0.4567	0.6417	0.6413	0.4563	0.4520	0.8784	0.4996	0.5008	0.4423	0.5005	0.5374	0.5508	0.1497	0.7455	1.0000	0.5498	0.4525	0.5460
0.5385	0.6013	0.4567	0.4024	0.6413	0.4563	0.4520	0.2720	0.7326	0.5008	0.4423	0.5005	0.5090	0.5451	0.5964	0.1805	0.7002	0.5498	0.4525	0.3977
0.5385	0.6013	0.4567	1.0000	0.6413	0.4563	0.4520	0.4948	0.4569	0.3192	0.0000	0.5005	0.9897	0.5451	0.5964	0.3082	0.5573	0.5498	0.4525	0.3977
0.2665	0.5428	0.4567	0.3630	0.6413	0.4563	0.4520	0.6424	0.2781	0.6305	0.0000	0.5005	0.4201	0.5451	0.5964	0.5998	0.3483	0.5498	0.4525	0.4580
0.4976	0.4938	0.4567	0.4939	0.5944	0.4563	0.4520	0.6424	0.3903	1.0000	0.8903	0.5005	1.0000	0.5451	0.5964	0.3047	0.3092	0.5498	0.4525	0.4580
0.4976	0.4938	0.4567	0.4939	0.5944	0.4563	0.6458	0.6424	0.4095	1.0000	0.0597	0.5005	0.4477	0.5451	0.5964	0.3047	0.3092	0.5498	0.4525	0.4580
0.4976	0.4938	0.4567	0.4939	0.5944	0.4563	0.6458	0.6424	0.4983	0.5935	0.2504	0.5005	0.4477	0.5451	0.5964	0.3047	0.3092	0.5498	0.4525	0.4580
0.4976	0.4938	0.4567	0.4939	0.5944	0.4563	0.6458	0.6446	0.4983	0.5061	0.4462	0.5005	0.5472	0.5451	0.5964	0.5875	0.4168	0.5498	0.4525	0.4580
0.4976	0.4938	0.4567	0.3583	0.5944	0.4563	0.6458	0.6410	0.4983	0.5061	0.4462	0.5019	0.5079	0.5451	0.5964	0.4018	0.3599	0.5498	0.4107	0.4580
0.6012	0.4938	0.4567	0.3583	0.5944	0.5001	0.4060	0.6380	0.4983	0.5061	0.4462	0.5019	0.4989	0.5451	0.5964	0.5432	0.3599	0.5498	0.4107	0.4580
1.0000	0.4938	0.4567	0.3583	0.5944	0.5001	0.3538	0.5581	0.4983	0.5061	0.5975	0.5019	0.4989	0.5451	0.5964	0.7442	0.3105	0.5498	0.4107	0.4580
0.4050	0.4938	0.4567	0.3583	0.5944	0.5001	0.5974	0.5581	0.4016	0.4542	0.5975	0.5019	0.4989	0.5451	0.5964	0.4019	0.3105	0.5498	0.4107	0.5401
0.4050	0.6918	0.4567	0.3583	0.4459	0.5001	0.5974	0.5581	0.3076	0.4121	0.6460	0.5019	0.4989	0.5451	0.5964	0.4019	0.4491	0.5498	0.4107	0.4020
0.4050	0.4049	0.4567	0.3583	0.4459	0.4059	0.5974	0.4171	0.4593	0.4121	0.6460	0.5019	0.4989	0.5451	0.5964	0.4019	0.4491	0.5498	0.4107	0.4020
0.4557	0.4049	0.4567	0.3583	0.4950	0.4059	0.5974	1.0000	1.0000	0.5484	0.6460	0.5019	0.4989	0.5055	0.5964	0.4019	0.4491	0.5498	0.4107	0.4020
0.4557	0.4453	0.5002	0.3583	0.6437	0.4059	0.5974	0.6480	0.3198	0.5484	0.6460	0.5019	0.4989	0.5055	0.5964	0.3588	0.4491	0.5498	0.4107	0.4020
0.4557	0.4453	0.5002	0.3583	0.6437	0.4059	0.5974	0.4103	0.5496	0.5484	0.6460	0.5019	0.4989	0.5055	0.5964	0.3588	0.4491	0.5498	0.4107	0.4020
0.4557	0.4453	0.5002	0.3583	0.4425	0.4059	0.5974	0.6863	0.3957	0.5484	0.4012	0.5019	0.4989	0.5055	0.5964	0.3588	0.4491	0.5498	0.4107	0.4020
0.4557	0.4453	0.5002	0.3583	0.4425	0.4059	0.5974	0.6854	0.2641	0.5484	0.4012	0.5019	0.4989	0.5055	0.5964	0.3588	0.6886	0.5498	0.4107	0.4020
0.4557	0.4453	0.5002	0.3583	0.4549	0.4059	0.5974	0.6854	0.2641	0.5484	0.4012	0.5019	0.4989	0.5055	0.5964	0.3588	0.6886	0.5498	0.4107	0.4020
0.5473	0.5486	0.5002	0.3583	0.4549	0.4059	0.5974	0.2680	0.2641	0.5484	0.4012	0.5019	0.4989	0.5055	0.5964	0.3588	0.6886	0.5498	0.4107	0.4020
0.5473	0.5486	0.5002	0.3583	0.4549	0.4059	0.5974	0.5378	0.5490	0.5484	0.4012	0.5019	0.4989	0.5055	0.5964	0.3588	0.6886	0.5498	0.4107	0.5432
0.5473	0.5486	0.5002	0.3583	0.4549	0.4059	0.5455	0.5378	0.5855	0.5484	0.4012	0.5019	0.4989	0.5055	0.5964	0.4937	0.6886	0.5498	0.3536	0.5432
0.4543	0.5066	0.5002	0.3583	0.4549	0.4059	0.5455	0.5378	0.5855	0.5484	0.4012	0.5019	0.4989	0.5055	0.5429	0.4937	0.6886	0.5498	0.3536	0.5432
0.4543	0.5066	0.5002	0.3583	0.4549	0.4059	0.5455	0.5378	0.5855	0.5484	0.4012	0.5019	0.4989	0.5055	0.4493	0.6903	0.6886	0.5498	0.3536	0.5432
0.4543	0.5004	0.5002	0.3583	0.3203	0.4059	0.5455	0.5437	0.5855	0.5484	0.4012	0.5019	0.4989	0.5055	0.4493	0.6903	0.6886	0.5498	0.3536	0.5432
0.4543	0.5004	0.5002	0.3583	1.0000	0.4059	0.5455	0.5437	0.6893	0.5484	0.4012	0.5019	0.4989	0.5055	0.4493	0.6903	0.6886	0.5498	0.3536	0.5432
0.4543	0.5004	0.5002	0.3583	0.5555	0.4563	0.5455	0.5437	0.6893	0.5484	0.4012	0.5019	0.4989	0.5055	0.4493	0.5420	0.6424	0.5498	0.3536	0.5432
0.4543	0.5004	0.5002	0.3583	0.5555	0.4563	0.5455	0.5437	0.5061	0.5484	0.4012	0.5019	0.4989	0.5055	0.4493	0.5014	0.6424	0.5498	0.3580	0.5432
0.4543	0.3506	0.5002	0.3583	0.4910	0.4563	0.5455	0.5437	0.5061	0.5484	0.4012	0.5019	0.4989	0.5055	0.4493	0.5880	0.6424	0.5498	0.3580	0.5432
0.4543	0.3506	0.6394	0.3583	0.5043	0.4563	0.5455	0.4081	0.5061	0.5484	0.4012	0.5019	0.4989	0.4081	0.4493	0.5880	0.6424	0.5498	0.3580	0.5432
0.4543	0.3506	0.6394	0.3583	0.5043	0.4563	0.5455	0.4081	0.5061	0.5484	0.4012	0.5019	0.4989	0.4081	0.4493	0.5524	0.4957	0.5498	0.3580	0.5432
0.4543	0.4606	0.6394	0.3583	0.5043	0.4563	0.5455	0.4081	0.5061	0.5484	0.4012	0.5019	0.4989	0.4081	0.4493	0.5994	0.4068	0.5498	0.3580	0.5432
0.4543	0.5350	0.6394	0.3583	0.5043	0.4563	0.5455	0.4081	0.5061	0.5484	0.4012	0.5019	0.4989	0.4081	0.4493	0.5994	0.4068	0.5498	0.5985	0.5432
0.4543	0.5350	0.6394	0.3583	0.5529	0.4563	0.5455	0.4081	0.5061	0.5484	0.4012	0.5019	0.4989	0.4081	0.4493	0.5994	0.4068	0.5498	0.5489	0.5432
0.4543	0.5350	0.6394	0.3583	0.7427	0.4563	0.5003	0.4081	0.5061	0.5484	0.4012	0.5019	0.4989	0.4081	0.4493	0.5994	0.4068	0.5498	0.5489	0.5432
0.4543	0.5350	0.6394	0.3583	0.6861	0.4563	0.5003	0.4081	0.4045	0.5484	0.4012	0.5019	0.4989	0.4081	0.4493	0.5994	0.4068	0.5498	0.5489	0.5432
0.4543	0.5971	0.6394	0.3583	0.6861	0.4563	0.5003	0.4081	0.4045	0.5484	0.4012	0.5019	0.4989	0.4081	0.4493	0.5994	0.4068	0.5498	0.5489	0.5432
0.4543	0.5971	0.6394	0.3583	0.6861	0.4563	0.5003	0.4081	0.4045	0.5484	0.4012	0.5019	0.4989	0.4081	0.4493	0.5994	0.4068	0.5498	0.5489	0.5432
0.4543	0.5875	0.6394	0.3583	0.4460	0.4563	0.5003	0.4081	0.4045	0.5484	0.4012	0.5019	0.4989	0.4081	0.4493	0.5994	0.4068	0.5498	0.5489	0.5432
0.4543	0.5875	0.6394	0.5426	0.4528	0.4563	0.5003	0.4081	0.4045	0.5484	0.4012	0.5019	0.5424	0.4081	0.4493	0.5994	0.4068	0.5507	0.5489	0.5432
0.4543	0.5875	0.6394	0.5426	0.4528	0.4563	0.5003	0.4081	0.4045	0.5484	0.4012	0.5019	0.5424	0.4081	0.4493	0.5994	0.4068	0.5507	0.5489	0.5432
0.4543	0.5875	0.4972	0.5426	0.6038	0.4563	0.5003	0.4081	0.4045	0.5484	0.4012	0.5019	0.5424	0.4081	0.4493	0.5994	0.4068	0.5507	0.5489	0.5432
0.4543	0.5875	0.4972	0.5426	0.6038	0.4563	0.5003	0.4081	0.4045	0.5011	0.4012	0.5019	0.5424	0.4081	0.4493	0.5994	0.4068	0.5507	0.5489	0.5432
0.4543	0.5875	0.4972	0.5426	0.6038	0.4563	0.5003	0.4081	0.4045	0.5011	0.4012	0.5019	0.4998	0.4081	0.4493	0.5994	0.4068	0.5507	0.5489	0.5432
0.4543	0.5875	0.4972	0.5426	0.6038	0.4563	0.5003	0.4081	0.4045	0.5011	0.4012	0.5019	0.4998	0.4081	0.4493	0.5994	0.4068	0.5507	0.5489	0.5432
0.4543	0.5875	0.4972	0.4022	0.4021	0.4563	0.5003	0.4081	0.4045	0.4482	0.4012	0.5019	0.4998	0.4081	0.4493	0.4965	0.4068	0.5507	0.5489	0.5432
0.4543	0.5875	0.4972	0.4022	0.4021	0.4563	0.5003	0.4529	0.4045	0.4482	0.4012	0.5019	0.4998	0.4081	0.4493	0.5459	0.4068	0.5507	0.5489	0.5432
0.4543	0.5875	0.4972	0.4022	0.4021	0.4563	0.5003	0.4529	0.4045	0.4482	0.4012	0.5019	0.4998	0.4081	0.4493	0.5459	0.4068	0.5507	0.5489	0.5432
0.5927	0.4046	0.4972	0.4022	0.4021	0.4563	0.5003	0.4529	0.4045	0.4482	0.4012	0.5019	0.4998	0.4081	0.4493	0.5459	0.4068	0.5507	0.5489	0.5432
0.5927	0.4046	0.5975	0.4022	0.4021	0.4563	0.5003	0.4529	0.4477	0.4962	0.4465	0.5019	0.4998	0.4081	0.4493	0.5459	0.4068	0.5507	0.5489	0.5432
0.5927	0.4046	0.5975	0.4022	0.4021	0.4563	0.5003	0.4529	0.4477	0.4962	0.4465	0.5019	0.4998	0.4081	0.4493	0.5459	0.4068	0.5507	0.5489	0.5432
0.5927	0.4046	0.5975	0.4022	0.4021	0.4563	0.5003	0.4529	0.4477	0.5490	0.4465	0.5019	0.4998	0.4081	0.4493	0.5459	0.4068	0.5507	0.5489	0.5432
0.5927	0.4046	0.5975	0.4022	0.4021	0.4563	0.5003	0.4529	0.4477	0.5490	0.4465	0.5019	0.5482	0.4081	0.4493	0.5459	0.4068	0.5507	0.5489	0.5432
0.5927	0.4046	0.5975	0.4022	0.4021	0.4563	0.5003	0.4529	0.4477	0.5490	0.4465	0.5019	0.5482	0.4081	0.4493	0.5459	0.4068	0.5507	0.5489	0.5432
0.5927	0.4046	0.5975	0.4022	0.4021	0.4563	0.5003	0.4529	0.4477	0.5490	0.4465	0.4517	0.5482	0.4535	0.4493	0.5459	0.4068	0.5507	0.5489	0.5432
0.5927	0.4046	0.5975	0.4022	0.4021	0.4563	0.5003	0.4529	0.4477	0.5490	0.4465	0.4517	0.5482	0.4535	0.4493	0.5459	0.4068	0.5507	0.5489	0.5432
0.5927	0.4046	0.5975	0.4022	0.5927	0.4563	0.5003	0.4529	0.4477	0.5490	0.4465	0.4517	0.5482	0.4535	0.4493	0.5459	0.4068	0.5507	0.5489	0.5432
0.5927	0.4046	0.5975	0.4022	0.5927	0.4563	0.5003	0.4529	0.4477	0.5490	0.4465	0.4517	0.5482	0.5021	0.4493	0.5459	0.4068	0.5507	0.5489	0.5432
0.5927	0.4046	0.5975	0.4022	0.5927	0.4563	0.5003	0.4529	0.4477	0.5490	0.4465	0.4517	0.5482	0.5021	0.4493	0.5459	0.4068	0.5507	0.5489	0.5432
0.5927	0.4046	0.5975	0.4022	0.5927	0.4563	0.5003	0.4529	0.4477	0.5490	0.4465	0.4517	0.5482	0.5021	0.4493	0.5459	0.4068	0.5507	0.5489	0.5432
0.5927	0.4448	0.5975	0.4022	0.5927	0.4563	0.5003	0.4529	0.4477	0.5490	0.4465	0.4517	0.5482	0.5021	0.4493	0.5459	0.4068	0.5507	0.5489	0.5432
0.5927	0.4448	0.5975	0.5465	0.5918	0.4563	0.5003	0.4529	0.4477	0.5490	0.4465	0.4517	0.5482	0.5021	0.4493	0.5459	0.4068	0.5507	0.5489	0.5432
0.5927	0.4448	0.5975	0.5465	0.5918	0.4563	0.5003	0.4529	0.4477	0.5490	0.4465	0.4517	0.5482	0.5021	0.4493	0.5459	0.4068	0.5507	0.5489	0.5432
0.5927	0.4448	0.5465	0.5465	0.5918	0.4563	0.5003	0.4529	0.4477	0.5490	0.4465	0.4517	0.5482	0.5021	0.4493	0.5459	0.4068	0.5507	0.5489	0.5432
0.5927	0.4448	0.5465	0.5465	0.5918	0.4563	0.5003	0.4529	0.4477	0.5490	0.4465	0.4517	0.5482	0.5021	0.4493	0.5459	0.4068	0.5507	0.5489	0.5432
0.5927	0.4448	0.5465	0.5465	0.5918	0.4563	0.5003	0.4529	0.4477	0.5490	0.4465	0.4517	0.5482	0.5021	0.4493	0.5459	0.4068	0.5507	0.5489	0.5432
0.5927	0.4448	0.5465	0.5465	0.5918	0.4563	0.5003	0.4529	0.4477	0.5490	0.4465	0.4517	0.5482	0.5021	0.4493	0.5459	0.4068	0.5507	0.5489	0.5432
0.5927	0.4448	0.5465	0.5465	0.5918	0.4563	0.5003	0.4529	0.4477	0.5490	0.4959	0.4517	0.5482	0.5021	0.5498	0.5459	0.4068	0.5507	0.5489	0.5432
0.5469	0.4448	0.5465	0.5465	0.5918	0.4563	0.5003	0.4529	0.4477	0.5490	0.4959	0.4517	0.5482	0.5021	0.5498	0.5459	0.4068	0.5507	0.5489	0.5432
0.5469	0.4448	0.5465	0.5465	0.5918	0.4563	0.5003	0.4529	0.4477	0.5490	0.4959	0.4517	0.5482	0.5021	0.5498	0.5459	0.4068	0.5507	0.5489	0.5432
0.5469	0.4448	0.5465	0.5465	0.5918	0.4563	0.5003	0.4529	0.4477	0.5490	0.4959	0.4517	0.5482	0.5021	0.5498	0.5459	0.5489	0.5507	0.5489	0.5432
0.5469	0.4448	0.5465	0.5465	0.5918	0.4563	0.5003	0.4529	0.4477	0.5490	0.4959	0.4517	0.5482	0.5021	0.5498	0.5459	0.5489	0.5507	0.5489	0.5432
0.5469	0.4448	0.5465	0.5465	0.5918	0.4563	0.5003	0.4529	0.4477	0.5490	0.4959	0.4517	0.5482	0.5021	0.5498	0.5459	0.5489	0.5507	0.5489	0.5432
0.5469	0.5475	0.5465	0.5465	0.5918	0.4563	0.5003	0.4529	0.4477	0.5490	0.4959	0.4517	0.5482	0.5021	0.5498	0.5459	0.5489	0.5507	0.5489	0.5432
0.5469	0.5475	0.5465	0.5465	0.5918	0.4563	0.5003	0.4529	0.4477	0.5490	0.4959	0.4517	0.5482	0.5021	0.5498	0.5459	0.5489	0.5507	0.5489	0.5432
0.5469	0.5475	0.5465	0.5465	0.5918	0.4563	0.5003	0.4529	0.4477	0.5490	0.4959	0.4517	0.5482	0.5021	0.5498	0.5459	0.5489	0.5507	0.5489	0.5432
0.5469	0.5475	0.5465	0.5465	0.5918	0.4563	0.5003	0.4529	0.4477	0.5490	0.4959	0.4517	0.5482	0.5021	0.5498	0.5459	0.5489	0.5507	0.5489	0.5432
0.5469	0.5475	0.5465	0.5465	0.5918	0.4563	0.5003	0.4529	0.4477	0.5490	0.4959	0.4517	0.5482	0.5021	0.5498	0.5459	0.5489	0.5507	0.5489	0.5432
0.5469	0.5475	0.5465	0.5465	0.5918	0.4036	0.5003	0.4529	0.4477	0.5490	0.4959	0.4517	0.5482	0.5021	0.5498	0.5459	0.5489	0.5507	0.5489	0.5432
0.5469	0.5475	0.5465	0.5465	0.5918	0.4036	0.5003	0.4529	0.4477	0.5490	0.4959	0.4517	0.5482	0.5021	0.5498	0.5459	0.5489	0.5507	0.5489	0.5432
