0.0692	0.4069	0.6558	0.2546	0.5010	0.4610	0.1531	0.8744	0.5984	0.5991	0.4321	0.8866	0.3263	0.5692	0.3532	0.9405	0.4018	0.2598	0.2694	0.0009
0.5194	0.6023	0.0000	0.7468	0.6068	0.2592	0.5157	0.7371	0.5747	0.7353	0.8383	0.3953	0.5005	1.0000	0.0000	0.5694	0.5231	0.3592	0.2936	0.6366
1.0000	0.0000	0.4673	0.5982	0.5064	0.3291	0.5157	0.2625	0.0000	0.5110	0.6786	0.6065	0.6740	0.7126	0.4899	0.4921	0.8473	0.7222	0.6785	0.4318
0.4590	0.3779	0.2869	0.4982	0.6283	0.4036	0.5157	0.8456	1.0000	0.0000	0.4567	0.9785	0.9098	0.9470	0.4899	0.5149	0.0000	0.7051	0.4848	0.2629
0.0117	0.6183	1.0000	0.1623	0.0945	0.7366	0.3922	0.0136	0.6073	0.3939	0.5059	0.7367	0.2995	1.0000	0.4899	0.5149	0.1649	0.0000	0.7738	0.7723
0.2632	0.6183	0.4877	0.4826	0.2395	0.4805	0.5189	1.0000	0.5841	0.3939	0.4536	0.0000	0.0000	0.8174	0.4899	0.1087	0.4806	0.0000	0.3914	1.0000
0.4994	0.5171	0.5019	0.0000	0.0357	0.0888	0.1859	0.6220	0.8224	0.4927	0.2793	0.7318	0.5028	0.0061	0.2837	1.0000	0.3805	0.2949	0.4421	0.5047
0.5685	0.3809	0.5019	0.0000	0.4236	0.2747	0.3296	0.0134	0.4096	0.4927	0.2793	0.8187	0.3969	0.0000	0.3241	0.5957	0.2703	0.6373	0.6285	0.5047
0.6093	0.7445	0.5850	0.0000	0.2824	0.2600	0.5118	0.2001	0.4039	1.0000	0.4928	0.1546	0.3969	0.4947	0.0381	0.5957	0.2644	0.0153	0.4049	0.5047
1.0000	0.5857	0.3882	0.5115	0.2824	0.0000	0.5118	0.4041	0.4930	0.0000	0.7121	0.3589	0.1063	0.4984	0.7271	0.0000	0.9269	0.4378	0.4931	0.5047
0.0000	0.3331	0.3882	0.8770	0.6086	1.0000	0.3947	0.2866	0.7834	0.3462	0.7121	0.2817	0.0805	1.0000	0.5693	0.1646	0.5236	0.7997	0.7759	0.5047
0.9222	0.5998	0.5895	1.0000	0.6086	1.0000	0.3947	0.2866	0.7699	0.9654	0.7121	0.2831	0.0000	0.5803	0.6143	0.7145	1.0000	0.6516	0.1787	0.5047
0.7026	0.5089	0.0000	0.5994	0.6086	0.4065	0.3947	0.6089	0.5014	0.3978	0.7087	0.4138	0.4718	0.3770	0.6143	0.2836	0.0000	0.9498	0.2830	0.5047
0.3975	0.5089	0.6279	0.6224	0.6086	0.6546	0.5833	0.8275	0.0470	0.9660	0.6318	0.7321	0.5674	0.3710	0.6143	0.4978	1.0000	0.0801	0.4839	0.5047
0.3985	0.4654	0.3575	0.4921	0.6086	0.7328	0.3490	0.6709	0.0000	0.6165	0.6318	0.4905	0.3868	0.4000	0.6143	0.2852	1.0000	0.6010	0.0836	0.5047
0.3985	0.3372	0.2117	0.3048	0.6086	0.4982	0.2940	0.4999	0.3017	0.2892	0.6318	0.4970	0.4005	0.4000	0.6143	0.7214	0.6630	0.6219	0.0632	0.5047
0.3985	0.6222	0.6331	0.0000	0.6086	0.4982	0.6365	0.4999	0.0000	1.0000	0.6318	0.4970	0.4005	0.4000	0.6143	0.2836	0.5189	0.6219	0.5949	0.5047
0.3985	0.1669	0.4831	0.1529	0.6086	0.4982	0.7124	0.4999	0.4512	0.1858	0.6318	0.4970	0.4890	0.4000	0.6143	0.7317	0.5189	0.6219	0.5968	0.5047
0.7081	0.7662	0.4831	0.6002	0.6086	0.4797	0.6835	0.3952	0.2196	0.5791	0.6318	0.4970	0.4890	0.4000	0.6143	0.6086	0.5189	0.6219	0.4956	0.5047
0.7081	0.4924	0.7391	0.6002	0.6086	0.4797	0.6020	0.3952	0.6169	0.6136	0.3844	0.4970	0.4890	0.4000	1.0000	0.6086	0.8132	0.3833	0.5348	0.5047
0.4977	0.4025	0.3900	0.6002	0.6086	0.4797	0.7629	0.3952	0.5251	0.0000	0.3844	0.4155	0.4890	0.4000	0.4033	0.6086	0.6263	0.5181	1.0000	0.5047
0.4977	0.2569	0.3900	0.6002	0.6086	0.4797	0.0362	0.3952	1.0000	0.0223	0.5061	0.5546	0.4890	0.5158	0.4033	0.5966	0.6263	0.5181	0.8130	0.5047
0.6970	0.3992	0.9342	0.6002	0.5020	0.4797	0.5232	0.3952	1.0000	0.7003	0.4759	0.0000	0.4890	0.5158	0.8500	0.3650	1.0000	0.5181	0.6061	0.5047
0.4838	0.2749	0.0000	0.0000	0.5020	0.4840	0.6243	0.3952	0.4711	0.2728	0.4759	0.5959	0.4890	0.5158	0.7704	0.6424	0.7098	0.5181	0.4984	0.5047
0.4838	0.8243	0.6151	0.2967	0.5020	0.3983	0.6243	0.3952	0.3907	0.2728	0.4759	0.0000	0.4890	0.5158	0.3809	0.9220	0.7098	0.5000	0.6108	0.5047
0.4838	0.4054	0.0445	0.4713	0.5020	0.4948	0.5112	0.3952	0.3907	0.2728	0.4759	0.6271	0.4890	0.3815	0.3809	0.0000	0.6479	0.5068	0.0000	0.5047
0.4838	0.2744	0.5201	0.5997	0.5020	0.4948	0.5112	0.3952	0.3907	0.2728	0.3889	0.5953	0.4890	0.3815	0.5013	0.4988	0.9822	0.5068	0.5278	0.5047
0.4902	0.2812	0.6097	0.5997	0.5020	0.4948	0.3806	0.3921	0.3907	0.5079	0.3889	0.5933	0.4890	0.3815	0.5013	0.4296	0.2976	0.5068	0.4455	0.5047
0.4902	0.5107	0.6097	0.6081	0.5020	0.4948	0.3806	0.3921	0.3934	0.5079	0.3889	0.5933	0.4890	0.3815	0.5013	0.2764	0.4669	0.4980	0.4884	0.5047
0.5056	0.5107	0.6097	0.7984	0.5020	0.4948	0.3806	0.3921	0.3934	0.5079	0.3889	0.5933	0.4890	0.3815	0.5013	0.2820	0.1758	0.4980	0.7171	0.5047
0.5056	0.4752	0.5023	0.4034	0.5020	0.4948	0.3806	0.3921	0.3934	0.5124	0.6066	0.5933	0.4890	0.3815	0.5013	0.4078	0.4892	0.4980	0.5137	0.5047
0.5056	0.4752	0.5023	0.3994	0.5020	0.4948	0.3806	0.3921	0.3934	0.2529	0.6067	0.5933	0.4890	0.3815	0.5013	0.5087	0.6966	0.4980	0.5137	0.5047
0.5056	0.3856	0.5023	0.3994	0.5020	0.4948	0.3718	0.3921	0.3934	1.0000	0.6067	0.5933	0.5012	0.3815	0.5013	0.5434	0.2702	0.4980	0.6145	0.5047
0.5056	0.5914	0.5023	0.3994	0.5020	0.4948	0.3992	0.3921	0.3934	0.3811	0.6067	0.5933	0.5012	0.3815	0.5013	0.3637	0.5125	0.4980	0.6145	0.5047
0.5056	0.5914	0.5023	0.3994	0.5020	0.4948	0.3992	0.3921	0.3845	0.3811	0.6067	0.7116	0.5012	0.3815	0.5013	0.9234	0.4137	0.4980	0.6145	0.5051
0.5056	0.5914	0.5023	0.3994	0.5020	0.4948	0.3992	0.3921	0.3845	0.3811	0.6067	0.7116	0.5012	0.3815	0.5013	0.8890	0.4137	0.4980	0.6145	0.5051
0.5056	0.5914	0.5023	0.3994	0.5020	0.4948	0.3992	0.3921	0.3845	0.3811	0.6067	0.7116	0.5012	0.3815	0.5013	0.6110	0.4137	0.4980	0.6145	0.5051
0.5056	0.3777	0.5023	0.3994	0.5020	0.4948	0.3992	0.3921	0.3845	0.3811	0.6067	0.5026	0.5012	0.3815	0.5013	0.8265	0.4963	0.4980	0.6145	0.5051
0.5056	0.3777	0.5023	0.3994	0.4883	0.4948	0.4933	0.3921	0.3845	0.4889	0.6067	0.5026	0.5012	0.3815	0.5013	0.4921	0.6068	0.4980	0.6145	0.5051
0.5056	0.3777	0.3699	0.3994	0.4883	0.4948	0.4933	0.3921	0.3845	0.4874	0.6067	0.5026	0.5012	0.6194	0.5013	0.4921	0.6068	0.4980	0.6145	0.5051
0.5056	0.3777	0.3699	0.5112	0.4883	0.4948	0.4933	0.3921	0.6037	0.4874	0.6067	0.5026	0.5012	0.6194	0.5013	0.4921	0.6068	0.4980	0.6145	0.5051
0.5056	0.5173	0.4980	0.5112	0.4883	0.4948	0.4933	0.3921	0.6037	0.7142	0.6067	0.6139	0.5012	0.6194	0.5013	0.6013	0.6068	0.4980	0.5082	0.5051
0.5056	0.5173	0.4980	0.5112	0.4883	0.4948	0.4933	0.3921	0.6058	0.7142	0.6067	0.6139	0.4935	0.6194	0.5013	0.6238	0.6068	0.4980	0.5082	0.5051
0.5056	0.5173	0.4980	0.6172	0.4883	0.4948	0.4933	0.3921	0.6058	0.7142	0.6067	0.6139	0.4935	0.6194	0.3892	0.6132	0.6068	0.4980	0.5082	0.5051
0.5056	0.5173	0.4980	0.6172	0.4883	0.4948	0.4933	0.4973	0.5967	0.7142	0.6067	0.6139	0.4935	0.6194	0.3892	0.6132	0.6068	0.4980	0.5082	0.5051
0.5056	0.5173	0.4980	0.6172	0.4883	0.4948	0.4933	0.4973	0.5967	0.7142	0.6067	0.6139	0.4935	0.6194	0.3892	0.6132	0.6068	0.5051	0.5082	0.5051
0.5056	0.5173	0.5141	0.6172	0.4883	0.4948	0.4933	0.4973	0.5026	0.4917	0.6067	0.6139	0.4935	0.6194	0.3892	0.6132	0.6068	0.5051	0.5082	0.5051
0.5056	0.5173	0.5141	0.6172	0.4883	0.4948	0.4933	0.4088	0.5026	0.4917	0.6067	0.6139	0.4935	0.6194	0.3892	0.6132	0.6068	0.5051	0.5082	0.5051
0.5056	0.5986	0.5141	0.4890	0.4883	0.4948	0.4933	0.5073	0.5026	0.4917	0.6067	0.6139	0.4935	0.6194	0.3892	0.6132	0.6068	0.6103	0.5082	0.5051
0.5056	0.3777	0.5141	0.4890	0.4883	0.4948	0.4933	0.5073	0.5026	0.4917	0.6067	0.6139	0.4935	0.6194	0.3892	0.6132	0.6068	0.6103	0.5082	0.5051
0.5056	0.6114	0.5141	0.4890	0.4883	0.4948	0.4933	0.5073	0.5026	0.4917	0.6067	0.6139	0.4935	0.6194	0.3892	0.6132	0.6068	0.6103	0.5082	0.5051
0.5056	0.6114	0.6005	0.4890	0.4883	0.4948	0.4933	0.5073	0.5026	0.4917	0.6067	0.6139	0.4935	0.6194	0.3892	0.6132	0.6068	0.6103	0.5082	0.5051
0.5056	0.6114	0.6005	0.4890	0.4883	0.4948	0.4933	0.5073	0.5026	0.4917	0.6067	0.6139	0.4935	0.6194	0.3892	0.6132	0.6068	0.6103	0.5082	0.5051
0.5056	0.6114	0.6005	0.4890	0.4883	0.4948	0.4933	0.5073	0.5026	0.6025	0.6067	0.6139	0.4935	0.6194	0.3892	0.6132	0.6068	0.6103	0.5082	0.5051
0.5056	0.6114	0.6102	0.4890	0.4883	0.4948	0.4933	0.5073	0.5026	0.6025	0.6100	0.6139	0.5130	0.6194	0.3892	0.3903	0.6068	0.6103	0.5082	0.5051
0.5056	0.6114	0.6102	0.4890	0.4883	0.4948	0.4933	0.5073	0.5026	0.6025	0.6100	0.6139	0.5130	0.6194	0.3892	0.3903	0.6068	0.6103	0.5082	0.5051
0.5056	0.6114	0.4999	0.4890	0.4883	0.4948	0.4933	0.5073	0.6229	0.6025	0.6100	0.6139	0.5130	0.6194	0.3892	0.3903	0.6068	0.6103	0.5082	0.5051
0.5056	0.6114	0.4999	0.4890	0.4883	0.4948	0.4933	0.5073	0.6229	0.6025	0.6100	0.6139	0.5130	0.6194	0.3892	0.3903	0.6068	0.6103	0.5082	0.5051
0.5056	0.6114	0.4999	0.4890	0.4883	0.4948	0.4933	0.5073	0.6229	0.6025	0.6100	0.6139	0.5130	0.4956	0.6206	0.3903	0.6068	0.6103	0.5082	0.5051
0.5056	0.6114	0.4999	0.4890	0.4883	0.4948	0.5035	0.5073	0.6229	0.6025	0.6100	0.6139	0.5130	0.4956	0.6206	0.3903	0.6068	0.6103	0.5082	0.5051
0.5056	0.6114	0.4999	0.4890	0.4883	0.4948	0.5035	0.5073	0.6229	0.6025	0.6100	0.6139	0.5130	0.4956	0.6206	0.3903	0.6068	0.6103	0.5082	0.5051
0.5056	0.6114	0.4999	0.4890	0.4883	0.4948	0.5035	0.5073	0.6229	0.6025	0.6100	0.4878	0.5130	0.4956	0.6206	0.3903	0.6172	0.6103	0.5082	0.5051
0.5056	0.6114	0.4999	0.4890	0.4883	0.4948	0.5035	0.5073	0.6229	0.3826	0.6100	0.4049	0.5130	0.4956	0.6206	0.3903	0.6172	0.6103	0.5082	0.5051
0.5056	0.6114	0.4999	0.4890	0.4883	0.4948	0.5035	0.5073	0.6229	0.3826	0.6100	0.4049	0.5982	0.4956	0.6206	0.3903	0.6172	0.6103	0.5082	0.5051
0.5056	0.6114	0.4999	0.4890	0.4883	0.4948	0.5035	0.4903	0.6229	0.5075	0.6100	0.5082	0.7167	0.3850	0.6206	0.3903	0.6172	0.6103	0.5082	0.5051
0.5056	0.6114	0.4999	0.4890	0.4883	0.4948	0.5035	0.4903	0.6229	0.5075	0.6100	0.5082	0.5047	0.3850	0.6206	0.3903	0.6172	0.6103	0.5082	0.5051
0.5056	0.6114	0.4999	0.4890	0.4883	0.4948	0.5035	0.4903	0.6229	0.5075	0.6100	0.5053	0.5047	0.3850	0.6206	0.3903	0.6172	0.6103	0.5082	0.5051
0.5056	0.6114	0.4999	0.4890	0.4883	0.4948	0.5035	0.4903	0.6229	0.5075	0.6100	0.5053	0.5047	0.3850	0.6206	0.3903	0.3916	0.6103	0.5082	0.5051
0.5056	0.6114	0.4999	0.4890	0.4883	0.4948	0.5035	0.4903	0.6229	0.5075	0.6100	0.5053	0.5047	0.3850	0.6206	0.3903	0.3916	0.6103	0.5082	0.5051
0.5056	0.6114	0.4999	0.4890	0.4883	0.4948	0.5035	0.4903	0.6229	0.5075	0.3865	0.5018	0.5047	0.3850	0.6206	0.3903	0.3916	0.6103	0.5082	0.5051
0.5056	0.6114	0.4999	0.4890	0.4883	0.4948	0.5035	0.4903	0.6229	0.5075	0.3865	0.5018	0.5047	0.3850	0.6206	0.3903	0.3916	0.6103	0.5082	0.5051
0.5056	0.6114	0.4999	0.4890	0.4883	0.4948	0.5035	0.6021	0.6229	0.5075	0.3865	0.5018	0.5047	0.3850	0.6206	0.3903	0.3916	0.6103	0.5082	0.5051
0.5056	0.6114	0.4999	0.4984	0.4883	0.4948	0.5035	0.6021	0.6229	0.5075	0.3865	0.5018	0.5047	0.3850	0.6206	0.3903	0.3916	0.6103	0.5082	0.5051
0.5056	0.6114	0.4999	0.4984	0.4883	0.4948	0.5035	0.6021	0.6229	0.5075	0.3865	0.5018	0.5047	0.3850	0.6206	0.3903	0.4934	0.6103	0.5082	0.5051
0.5056	0.6114	0.4999	0.4984	0.4883	0.4948	0.5035	0.6021	0.6229	0.5075	0.3865	0.5018	0.5047	0.3850	0.6206	0.3903	0.4934	0.6103	0.5082	0.5051
0.5056	0.6114	0.4999	0.4984	0.4883	0.4948	0.5035	0.6021	0.6229	0.5075	0.3865	0.5018	0.5047	0.3850	0.6206	0.3903	0.4934	0.6103	0.5082	0.5051
0.5056	0.6114	0.4999	0.4984	0.4883	0.4948	0.5035	0.6021	0.6229	0.5075	0.3865	0.5018	0.4977	0.3850	0.6206	0.3903	0.4934	0.6103	0.5082	0.4988
0.5056	0.6111	0.4999	0.4984	0.4883	0.4948	0.5035	0.6021	0.6229	0.5075	0.3865	0.5018	0.4977	0.3850	0.6206	0.3903	0.4934	0.6103	0.5082	0.4988
0.5056	0.6111	0.4999	0.4984	0.4883	0.4948	0.4906	0.6021	0.6229	0.5075	0.3865	0.5018	0.4977	0.3850	0.6206	0.3903	0.4934	0.6103	0.5082	0.4988
0.5056	0.6111	0.4999	0.4984	0.4883	0.4948	0.4906	0.6021	0.6229	0.5075	0.3865	0.5018	0.4977	0.3850	0.6206	0.3903	0.4934	0.6103	0.5082	0.4988
0.5056	0.6111	0.4999	0.4984	0.4883	0.4948	0.4906	0.6021	0.6229	0.5075	0.3865	0.5018	0.4977	0.3850	0.6206	0.3903	0.4934	0.6103	0.5082	0.4988
0.5056	0.6111	0.4999	0.4984	0.4883	0.4948	0.4906	0.6021	0.6229	0.5075	0.3865	0.5018	0.4977	0.3850	0.6206	0.3903	0.4934	0.6103	0.5082	0.4988
0.5056	0.6111	0.5058	0.4984	0.4883	0.4948	0.4906	0.6021	0.5031	0.5075	0.3865	0.5018	0.4977	0.3850	0.6206	0.3903	0.5030	0.6103	0.5082	0.4988
0.5056	0.6111	0.5058	0.4984	0.4883	0.4948	0.5006	0.6021	0.5031	0.5075	0.3865	0.5018	0.4977	0.3850	0.6206	0.3903	0.5030	0.6103	0.5082	0.4988
0.5056	0.6111	0.5058	0.4984	0.4883	0.4948	0.5006	0.6021	0.5031	0.5075	0.3865	0.5018	0.4977	0.3850	0.6206	0.3903	0.5030	0.6103	0.5082	0.4988
0.5056	0.6111	0.5058	0.4984	0.4883	0.4948	0.5006	0.6021	0.5031	0.5075	0.3865	0.5018	0.4977	0.3850	0.6206	0.3903	0.5030	0.6103	0.5082	0.4988
0.5056	0.6111	0.6058	0.4984	0.4883	0.4948	0.5006	0.3872	0.5031	0.5075	0.3865	0.5018	0.4977	0.3850	0.6206	0.3903	0.5030	0.6103	0.5082	0.4988
0.5056	0.6111	0.6058	0.4984	0.4883	0.4948	0.5006	0.3872	0.5031	0.5075	0.3865	0.5018	0.4977	0.3850	0.6206	0.3903	0.5030	0.6103	0.5082	0.4988
0.5056	0.6111	0.6058	0.6095	0.4883	0.4948	0.5006	0.3872	0.5031	0.5075	0.3865	0.5018	0.4977	0.3850	0.6206	0.3903	0.5030	0.6103	0.5082	0.4988
0.5056	0.6111	0.6058	0.6095	0.4883	0.4948	0.5006	0.3872	0.5031	0.5075	0.3865	0.5018	0.4977	0.3850	0.6206	0.3903	0.5030	0.6103	0.5082	0.4988
0.5056	0.6111	0.6058	0.6095	0.4883	0.4948	0.5006	0.3872	0.5031	0.5075	0.3865	0.5018	0.4977	0.3850	0.3877	0.3903	0.5030	0.6103	0.5082	0.4988
0.5056	0.6111	0.6058	0.6095	0.4883	0.4948	0.5006	0.3872	0.5031	0.5075	0.3865	0.5018	0.4977	0.3850	0.3877	0.3903	0.5030	0.6103	0.5082	0.4988
0.5056	0.6111	0.6058	0.6095	0.4883	0.4948	0.5006	0.3872	0.5031	0.5075	0.3865	0.5018	0.4977	0.3850	0.3877	0.3903	0.5030	0.6103	0.5082	0.4988
0.5056	0.6111	0.6058	0.6095	0.4883	0.4948	0.5006	0.3872	0.5031	0.5075	0.3865	0.5018	0.4977	0.3850	0.3877	0.3903	0.5030	0.6103	0.5082	0.4988
0.5056	0.6111	0.6058	0.6095	0.4883	0.4948	0.5006	0.3872	0.5031	0.5075	0.3865	0.5018	0.4977	0.3850	0.3877	0.3903	0.5030	0.6103	0.5082	0.4988
0.5056	0.6111	0.6058	0.6061	0.4883	0.4948	0.5006	0.3872	0.5031	0.5075	0.3865	0.5018	0.4977	0.3850	0.3877	0.3903	0.5030	0.6103	0.5082	0.4988
0.5056	0.6111	0.6058	0.6061	0.4883	0.4948	0.5006	0.3872	0.5031	0.5075	0.3865	0.5018	0.4977	0.3850	0.3877	0.3903	0.5030	0.6103	0.5082	0.4988
0.5056	0.6111	0.6058	0.6061	0.4883	0.4948	0.5006	0.3872	0.5031	0.5075	0.3865	0.5018	0.4977	0.3850	0.3877	0.3903	0.5030	0.6103	0.5082	0.4988
0.5056	0.6111	0.6058	0.6061	0.4883	0.4948	0.5006	0.3872	0.5031	0.5075	0.3865	0.5018	0.4977	0.3850	0.3877	0.3903	0.5030	0.6103	0.5082	0.4988
0.5056	0.6111	0.6058	0.6061	0.4883	0.4948	0.5006	0.3872	0.5031	0.5075	0.3865	0.5018	0.4977	0.3850	0.3877	0.3903	0.5030	0.6103	0.5082	0.4988
0.5056	0.6111	0.6058	0.6061	0.4883	0.4948	0.5006	0.3872	0.5031	0.5075	0.3865	0.5018	0.4977	0.3850	0.3877	0.3903	0.5030	0.6103	0.5082	0.4988
