0.8588	0.4923	0.1408	0.9678	0.6704	0.7770	0.6327	0.3925	0.2923	0.3768	0.7647	0.8643	0.5417	0.2617	0.2137	0.9566	0.6350	0.8376	0.2128	0.7144
0.0000	0.4446	0.4001	0.2859	0.8089	1.0000	0.6360	0.6098	0.8942	1.0000	0.3337	0.6495	0.0959	0.0111	1.0000	1.0000	0.5982	0.6468	0.5131	0.1029
0.0000	1.0000	0.6564	0.6391	0.7359	0.6482	0.5942	0.2033	1.0000	0.6843	0.6404	0.7955	0.7827	0.4723	0.6445	0.0863	1.0000	0.5911	0.9966	0.2133
0.5739	0.5466	0.5503	0.9522	0.5577	0.6482	0.7507	0.5406	0.4072	1.0000	0.3192	0.1121	0.6550	0.6215	0.8064	0.3042	0.5457	0.0407	0.4920	0.2993
0.7556	0.6048	1.0000	0.3527	0.5915	0.6482	0.6842	0.5406	0.0000	0.2691	1.0000	0.7215	1.0000	0.8885	0.5447	0.3988	0.5457	0.5467	0.7334	0.2660
0.0000	0.0000	0.4065	0.3556	0.8339	0.7339	0.6842	0.5406	0.3058	0.7515	0.4403	0.6046	0.0471	0.5412	0.6971	0.3988	0.0000	0.4024	0.9064	0.0000
0.3606	0.1837	0.0000	0.6760	0.4158	0.4475	0.6842	0.5406	0.5961	0.4073	0.9167	0.7927	1.0000	0.5919	0.8487	0.6454	0.0000	0.4024	0.9471	0.5857
0.3606	0.9933	0.0000	0.5212	0.3785	0.4475	0.5043	0.5406	0.8663	0.6843	0.2822	0.7731	0.5000	0.8221	1.0000	0.3036	0.5565	0.8752	0.1581	0.4719
0.5094	0.3869	0.2858	0.2297	0.0000	0.4545	0.5043	0.5406	0.0225	0.6843	0.8433	0.3147	0.5501	1.0000	1.0000	0.3036	0.5565	0.5582	0.6295	0.2513
0.7834	0.3603	0.3982	0.6439	0.7102	0.4545	0.5043	0.5406	0.6450	0.4579	0.5164	0.3594	0.5501	1.0000	0.8825	0.2215	0.6499	0.2512	0.0000	0.8903
0.4483	0.6447	1.0000	0.4548	1.0000	0.4545	0.5043	0.5406	0.5035	0.3511	0.3609	0.0777	0.5501	0.0000	0.0000	0.4491	0.4206	0.4221	0.7104	0.8406
0.7267	0.3557	0.7481	0.4548	0.6865	0.4545	0.3587	0.5406	0.4492	0.0000	1.0000	1.0000	0.6386	0.3586	1.0000	0.7399	1.0000	0.4496	0.5560	0.3532
1.0000	0.6492	0.5516	0.4548	0.8004	0.4545	0.3610	0.5909	0.5375	0.7947	0.5927	0.6948	0.6386	0.3613	0.2950	0.0214	0.3002	0.9590	0.2599	0.6970
0.5503	0.4548	0.7895	0.4578	1.0000	0.4545	0.3610	0.5909	0.1597	0.5307	0.6134	0.3950	0.3582	0.3613	0.1439	0.1841	1.0000	0.3402	0.0282	0.2295
0.4020	0.4548	0.3594	0.4492	0.6326	0.4545	0.6536	0.5909	0.5055	0.4433	0.0817	0.5994	0.5294	0.3613	0.5582	0.5468	0.5015	0.9277	0.7008	0.5002
0.7358	0.4548	0.3630	0.8891	0.6901	0.4545	0.6450	0.5909	0.3601	0.3084	0.7390	1.0000	0.4085	0.3613	0.5582	0.5455	0.5015	0.8820	0.4971	0.6918
1.0000	0.0000	0.3630	0.4777	0.0000	0.4994	0.5061	0.4522	1.0000	0.3084	0.1422	0.6605	0.8695	0.3613	0.0000	0.5455	0.5015	0.2657	0.0000	0.5912
0.4496	0.7465	0.6925	0.2748	0.8663	0.4994	0.5061	0.4522	0.4504	0.2671	0.0000	0.7889	0.0000	0.4029	0.8072	1.0000	0.5015	0.5071	1.0000	0.5912
0.2531	0.4910	0.6925	0.3984	0.6905	0.4994	0.5061	0.4522	0.4504	0.4086	0.2574	0.0000	0.0000	0.4029	0.5923	0.6955	0.5015	0.4999	0.7402	0.5912
1.0000	0.5342	0.6925	0.3984	0.6905	0.4994	0.2115	0.4522	0.1016	0.7406	0.5881	0.0000	0.4596	0.4029	0.1894	1.0000	0.5015	0.6422	0.3606	0.5912
0.1776	0.0241	0.6527	0.0000	0.3123	0.4994	0.5166	0.4522	0.8247	0.6003	0.6891	0.6165	0.4448	0.4029	0.1966	0.7374	0.5015	0.6422	0.3606	0.5912
0.5407	0.5572	0.0000	0.4305	0.3123	0.4516	0.4878	0.4522	1.0000	0.6003	0.4478	0.7382	0.4448	0.4029	0.8922	0.3558	0.5015	0.3636	0.3606	0.5912
0.6011	0.4985	0.4146	0.6399	0.3123	0.4516	0.5450	0.4522	0.3083	0.6003	0.4450	0.3571	0.5015	0.5450	0.5935	1.0000	0.5015	0.3636	0.4983	0.5912
1.0000	0.4985	0.3552	0.5437	0.3123	0.4516	0.5450	0.4522	0.5584	0.6003	0.4450	0.3571	0.3598	0.4997	0.5935	0.4993	0.5015	1.0000	0.4983	0.5912
0.4105	0.4985	0.8242	0.5532	0.3123	0.4516	0.5450	0.4522	0.5865	0.6003	0.3136	0.3571	0.4069	0.4997	0.5935	1.0000	0.5022	0.7874	0.4983	0.5912
0.4105	0.4985	0.2739	0.5517	0.3123	0.4516	0.5450	0.4522	0.6836	0.5527	0.3661	0.3571	0.4069	0.4997	0.4946	0.6222	0.5022	0.4947	0.4983	0.4989
0.2450	0.4985	0.0441	0.5517	0.3123	0.4516	0.5450	0.4522	0.4550	0.5527	0.5050	0.3571	0.4535	0.4997	0.4946	0.2558	0.5022	0.4947	0.4983	0.4989
0.2493	0.4985	0.0000	0.5473	0.3123	0.4516	0.5450	0.4522	0.4550	0.5527	0.5050	0.3571	0.4535	0.4063	0.4038	0.3126	0.5022	0.4947	0.4983	0.4989
0.4051	0.4985	0.4392	0.5473	0.4019	0.4516	0.5450	0.4522	0.4550	0.5527	0.5050	0.3571	0.4535	0.5517	0.4038	0.3523	0.5022	0.4947	0.4983	0.4989
0.4051	0.4985	0.4981	0.5473	0.4019	0.4516	0.5450	0.4522	0.4550	0.4107	0.5050	0.3571	0.4535	0.5517	0.4038	0.3533	0.5022	0.4947	0.4983	0.4001
0.3583	0.4985	0.4981	0.2501	0.4019	0.4516	0.5450	0.4522	0.4550	0.4107	0.4011	0.5512	0.6912	0.5517	0.4038	0.5481	0.5022	0.4947	0.4983	0.4001
0.3583	0.4985	0.4981	0.4634	0.4019	0.4516	0.5450	0.4522	0.4550	0.4547	0.4011	0.5512	0.6912	0.5517	0.4038	0.5481	0.5022	0.4089	0.4983	0.4001
0.3583	0.4985	0.4981	0.7398	0.4019	0.4516	0.5450	0.4522	0.4550	0.4547	0.4011	0.5512	0.6912	0.5517	0.4038	0.6908	0.5022	0.3560	0.4983	0.4001
0.5452	0.4985	0.4981	0.7398	0.4019	0.4516	0.5450	0.4522	0.4550	0.4547	0.4011	0.5512	0.6912	0.5517	0.4038	0.3997	0.5022	0.3560	0.4983	0.4001
0.5452	0.4985	0.5969	0.5499	0.4019	0.4516	0.5450	0.4522	0.4550	0.4547	0.4011	0.5512	0.6912	0.5479	0.4038	0.3997	0.5022	0.6860	0.4983	0.4001
0.5452	0.4985	0.5969	0.6437	0.4019	0.4516	0.5450	0.4522	0.4076	0.4547	0.4011	0.5512	0.6912	0.5479	0.4038	0.3997	0.5022	0.6860	0.4983	0.4001
0.5452	0.4985	0.5969	0.7824	0.4019	0.4516	0.5450	0.4522	0.4076	0.4547	0.4011	0.6865	0.6912	0.5479	0.4038	0.4025	0.5022	0.6860	0.4983	0.4001
0.5452	0.4985	0.5969	0.4991	0.4019	0.4516	0.5450	0.4522	0.4076	0.4547	0.4011	0.6865	0.6912	0.5479	0.4038	0.4025	0.5022	0.6860	0.4983	0.4001
0.5452	0.4985	0.5969	0.4991	0.4019	0.4516	0.5450	0.4522	0.6939	0.4547	0.3998	0.5925	0.6912	0.5479	0.4038	0.4469	0.5022	0.6860	0.4983	0.4001
0.5452	0.4985	0.5969	0.4991	0.4019	0.4516	0.5450	0.4522	0.6939	0.4547	0.3998	0.5925	0.6912	0.5479	0.4038	0.4461	0.5022	0.4974	0.4983	0.4001
0.5452	0.4985	0.5969	0.4991	0.4019	0.4516	0.5450	0.4522	0.6939	0.4547	0.3998	0.5925	0.6495	0.5930	0.4038	0.4461	0.5022	0.4974	0.4983	0.4001
0.5452	0.4985	0.5969	0.4991	0.4019	0.4516	0.5450	0.4522	0.6939	0.4547	0.4508	0.5062	0.6495	0.5475	0.4038	0.4461	0.5022	0.4974	0.4954	0.4001
0.5452	0.4985	0.5969	0.4991	0.4019	0.4516	0.5450	0.4522	0.6939	0.4547	0.3984	0.5062	0.5949	0.5475	0.4552	0.4461	0.5022	0.4974	0.4954	0.4001
0.5452	0.4985	0.5969	0.4991	0.4019	0.4516	0.5450	0.4522	0.6939	0.4547	0.3984	0.5062	0.5949	0.5475	0.4552	0.4461	0.5022	0.4974	0.4954	0.4001
0.5452	0.4985	0.5969	0.4991	0.4019	0.4516	0.5450	0.4522	0.6939	0.4547	0.3984	0.5062	0.5949	0.5475	0.4552	0.4461	0.5022	0.4974	0.4954	0.4001
0.5452	0.4985	0.5969	0.4991	0.4019	0.4516	0.5450	0.4522	0.6939	0.4547	0.3984	0.5062	0.5949	0.5475	0.4552	0.4461	0.5022	0.4974	0.3528	0.4001
0.5452	0.4985	0.5969	0.4991	0.5465	0.4516	0.5450	0.4522	0.6939	0.4547	0.7411	0.5062	0.5949	0.5475	0.4552	0.4461	0.5022	0.5932	0.3528	0.4001
0.3585	0.4985	0.5969	0.4991	0.5465	0.4516	0.5450	0.4522	0.6939	0.4547	0.4577	0.5062	0.5949	0.5475	0.4552	0.4461	0.5022	0.7319	0.5981	0.4001
0.4991	0.4985	0.5969	0.4991	0.5465	0.4516	0.5450	0.4522	0.6939	0.4547	0.4577	0.5062	0.5949	0.5475	0.4552	0.4461	0.5022	0.7319	0.5981	0.4001
0.6903	0.4985	0.5969	0.4991	0.5465	0.4516	0.5450	0.4522	0.6939	0.4547	0.4577	0.5062	0.5963	0.5475	0.4552	0.4077	0.5022	0.4981	0.5981	0.4001
0.6903	0.4985	0.5969	0.4991	0.5465	0.4516	0.5450	0.4522	0.6939	0.4547	0.4577	0.5062	0.5963	0.5475	0.4552	0.5463	0.5022	0.4981	0.5981	0.4001
0.6903	0.4985	0.5969	0.4034	0.5465	0.4516	0.5450	0.4522	0.6939	0.4547	0.4577	0.5062	0.5963	0.5475	0.4552	0.5463	0.5022	0.5549	0.5981	0.4001
0.6903	0.4985	0.5969	0.4034	0.5465	0.4516	0.5450	0.4522	0.6939	0.4547	0.4577	0.5062	0.5963	0.5475	0.4552	0.5463	0.5022	0.4099	0.5981	0.4001
0.6903	0.4985	0.5969	0.4034	0.5465	0.4516	0.5450	0.4522	0.6939	0.4547	0.4577	0.5062	0.5963	0.5475	0.4552	0.5486	0.5022	0.4099	0.5981	0.4001
0.6903	0.4985	0.5969	0.4034	0.5465	0.4516	0.5450	0.4522	0.4971	0.4547	0.4577	0.5062	0.5963	0.5475	0.4552	0.5486	0.5022	0.4099	0.5981	0.4001
0.5460	0.4985	0.5969	0.4034	0.5465	0.4516	0.5450	0.4522	0.4971	0.4547	0.4577	0.6912	0.5963	0.5475	0.4552	0.5486	0.5022	0.6847	0.5981	0.4001
0.5460	0.4985	0.5969	0.4034	0.5465	0.4516	0.5450	0.4522	0.3567	0.4547	0.2639	0.3546	0.5963	0.5475	0.4552	0.5486	0.5022	0.6847	0.5981	0.4001
0.5460	0.4985	0.5969	0.4034	0.5465	0.4516	0.5450	0.4522	0.3567	0.4547	0.2639	0.3546	0.5002	0.5475	0.4552	0.5486	0.5022	0.6847	0.5981	0.4001
0.5460	0.4985	0.5969	0.4034	0.5465	0.4516	0.5450	0.4522	0.3567	0.4547	0.2639	0.3546	0.5002	0.5475	0.4552	0.5486	0.5022	0.6847	0.5981	0.4946
0.5460	0.4985	0.5969	0.4034	0.5465	0.4516	0.5450	0.4522	0.3567	0.4547	0.2639	0.3546	0.5002	0.5475	0.4552	0.5486	0.5022	0.6847	0.5981	0.4946
0.5460	0.4985	0.5969	0.4034	0.5465	0.4516	0.5450	0.4522	0.3567	0.4547	0.2639	0.3546	0.5002	0.5475	0.4552	0.5486	0.5022	0.6847	0.5981	0.4946
0.5460	0.4985	0.5969	0.4034	0.5465	0.4516	0.5450	0.4522	0.3567	0.4547	0.2639	0.3546	0.5002	0.5475	0.4552	0.5486	0.5022	0.6847	0.5981	0.4946
0.5460	0.4985	0.5969	0.4034	0.5465	0.4516	0.5450	0.4522	0.3567	0.4547	0.2639	0.3546	0.5002	0.5475	0.4552	0.5486	0.5022	0.6847	0.5981	0.4946
0.5460	0.4985	0.5969	0.4034	0.5465	0.5484	0.5450	0.4522	0.3567	0.4547	0.2639	0.3546	0.5002	0.5475	0.4552	0.5486	0.5022	0.6847	0.4005	0.4946
0.5460	0.4985	0.5969	0.4034	0.5465	0.5484	0.5450	0.4522	0.3567	0.4547	0.2639	0.3546	0.5002	0.5475	0.4552	0.5486	0.5022	0.6847	0.4005	0.4946
0.5460	0.4985	0.5969	0.4034	0.5465	0.5484	0.5450	0.4522	0.3567	0.4547	0.2639	0.3546	0.5002	0.5475	0.4552	0.4516	0.5022	0.6847	0.4005	0.4946
0.5460	0.4985	0.5969	0.4034	0.5465	0.5484	0.5450	0.4522	0.3567	0.4547	0.2639	0.3546	0.5002	0.5475	0.4552	0.4516	0.5022	0.6847	0.4005	0.4946
0.5460	0.4985	0.5969	0.4034	0.5465	0.5484	0.5450	0.4522	0.3567	0.4547	0.2639	0.3546	0.5002	0.5475	0.4552	0.4516	0.5022	0.6847	0.4005	0.4946
0.5460	0.4985	0.5969	0.4034	0.5465	0.5484	0.5450	0.4522	0.3567	0.4547	0.5010	0.3546	0.5002	0.5475	0.4552	0.4516	0.5022	0.6847	0.4005	0.4946
0.5460	0.4985	0.5969	0.4034	0.5465	0.5484	0.5450	0.4522	0.3567	0.4547	0.5010	0.3546	0.5002	0.5475	0.4552	0.4516	0.5022	0.6847	0.4005	0.4946
0.5460	0.4985	0.5969	0.4034	0.5465	0.5484	0.5450	0.4522	0.4562	0.4547	0.5010	0.3546	0.5002	0.5475	0.4552	0.4516	0.5022	0.6847	0.4005	0.4946
0.5460	0.4985	0.5969	0.4034	0.5465	0.5484	0.5450	0.4522	0.4562	0.4547	0.5006	0.4524	0.5002	0.5475	0.4552	0.4516	0.5022	0.6847	0.4005	0.4946
0.5050	0.4985	0.5969	0.4034	0.5465	0.5484	0.5450	0.4522	0.4562	0.4547	0.5006	0.4524	0.5002	0.5475	0.4552	0.4516	0.5022	0.6847	0.4005	0.4946
0.5050	0.4985	0.5969	0.4034	0.5465	0.5484	0.5450	0.4522	0.4562	0.4547	0.4043	0.4524	0.5002	0.5475	0.4552	0.4516	0.5022	0.3520	0.4005	0.4946
0.5050	0.4985	0.5969	0.4034	0.5465	0.5484	0.5450	0.4522	0.4562	0.4547	0.4043	0.4524	0.5002	0.5475	0.4532	0.4516	0.5022	0.3520	0.4005	0.4946
0.5050	0.4985	0.5969	0.4034	0.5465	0.5484	0.5450	0.4522	0.4562	0.4547	0.4043	0.4524	0.5002	0.5475	0.4532	0.4516	0.5022	0.5908	0.4005	0.4946
0.5050	0.4985	0.5969	0.4034	0.5465	0.5484	0.5450	0.4522	0.4562	0.4547	0.4043	0.4524	0.5002	0.5475	0.4532	0.4516	0.5022	0.5908	0.4005	0.4946
0.5050	0.4985	0.5969	0.4034	0.5465	0.5484	0.5450	0.4522	0.4562	0.4547	0.4043	0.4524	0.5002	0.5475	0.4532	0.4516	0.5022	0.5908	0.4005	0.5476
0.5050	0.4985	0.5969	0.4034	0.5465	0.5484	0.5450	0.4522	0.4562	0.4547	0.4043	0.4524	0.5002	0.5475	0.4532	0.4516	0.5022	0.5908	0.4005	0.5476
0.5050	0.4985	0.5969	0.4034	0.5465	0.5484	0.5450	0.4522	0.4562	0.4547	0.4043	0.4524	0.5002	0.5475	0.4532	0.4516	0.5022	0.5908	0.4005	0.5476
0.5050	0.4985	0.5969	0.4034	0.5465	0.5484	0.5450	0.4522	0.4562	0.4547	0.5023	0.4524	0.5002	0.5475	0.4532	0.4516	0.5022	0.5908	0.4005	0.5476
0.5050	0.4985	0.5969	0.4034	0.5465	0.5484	0.5450	0.4522	0.4562	0.4547	0.5023	0.4524	0.5002	0.5475	0.4532	0.4516	0.5022	0.5908	0.4005	0.5476
0.5050	0.4985	0.5969	0.4034	0.5465	0.5484	0.5450	0.4522	0.4562	0.4547	0.5023	0.4524	0.5002	0.5475	0.4532	0.4516	0.5022	0.5908	0.4005	0.5476
0.5050	0.4985	0.5969	0.4034	0.5465	0.5484	0.5450	0.4522	0.4562	0.4547	0.5023	0.4524	0.5002	0.5475	0.4532	0.4516	0.5022	0.5908	0.4005	0.5476
0.5050	0.4985	0.5969	0.4034	0.5465	0.5484	0.5450	0.4522	0.4562	0.4547	0.5023	0.4524	0.5002	0.5475	0.4532	0.4516	0.5022	0.4086	0.4005	0.5476
0.5050	0.4985	0.5969	0.4034	0.5465	0.5484	0.5450	0.4522	0.4562	0.4547	0.5023	0.4524	0.5002	0.5475	0.4532	0.4516	0.5022	0.4086	0.4005	0.5476
0.5050	0.4985	0.4947	0.4034	0.5465	0.5484	0.5450	0.4522	0.4562	0.4547	0.5023	0.4524	0.5002	0.5475	0.4532	0.4516	0.5022	0.4086	0.4005	0.5476
0.5050	0.4985	0.4947	0.4034	0.5465	0.5484	0.5450	0.4522	0.4562	0.4547	0.5023	0.4524	0.5002	0.5475	0.4532	0.4516	0.5022	0.4086	0.4005	0.5476
0.5050	0.4985	0.4947	0.4034	0.5465	0.5484	0.5450	0.4522	0.4562	0.4547	0.5023	0.4524	0.5002	0.5475	0.4532	0.4516	0.5022	0.4086	0.4005	0.5476
0.5050	0.4985	0.4947	0.4034	0.5465	0.5484	0.5450	0.4522	0.4562	0.4547	0.5023	0.4524	0.5002	0.5475	0.4532	0.4516	0.5022	0.4086	0.4005	0.5476
0.5050	0.4985	0.4947	0.4531	0.5465	0.5484	0.5450	0.4522	0.4562	0.4547	0.5023	0.4524	0.5002	0.5475	0.4532	0.4516	0.5022	0.4086	0.4005	0.5476
0.5050	0.4985	0.4947	0.4531	0.5465	0.5484	0.5450	0.4522	0.4562	0.4547	0.5023	0.4524	0.5002	0.5475	0.4532	0.4516	0.5022	0.5507	0.4005	0.5476
0.5050	0.4985	0.4947	0.4531	0.5465	0.5484	0.5450	0.4522	0.4562	0.4547	0.5023	0.4524	0.5002	0.5475	0.4532	0.4516	0.5022	0.5507	0.4005	0.5476
0.5050	0.4985	0.4947	0.4531	0.5465	0.5484	0.5450	0.4522	0.4562	0.4547	0.5023	0.4524	0.5002	0.5475	0.4532	0.4516	0.5022	0.5507	0.4005	0.5476
0.5050	0.4985	0.4947	0.4531	0.5465	0.5484	0.5450	0.4522	0.4562	0.4547	0.5023	0.4524	0.5002	0.5475	0.4532	0.4516	0.5022	0.5507	0.4005	0.5476
0.4563	0.4985	0.4947	0.4506	0.5465	0.5484	0.5450	0.4522	0.4562	0.4547	0.5023	0.4524	0.5002	0.5475	0.4532	0.4516	0.5022	0.5507	0.4005	0.5476
0.4563	0.4985	0.4947	0.4506	0.5465	0.5484	0.5450	0.4522	0.4562	0.4547	0.5023	0.4524	0.5002	0.5475	0.4532	0.4516	0.5022	0.5507	0.4005	0.5476
0.4563	0.4985	0.4947	0.4506	0.5465	0.5484	0.5450	0.4522	0.4562	0.4547	0.5023	0.4524	0.5002	0.5475	0.4532	0.4516	0.5022	0.5507	0.4005	0.5476
0.4563	0.4985	0.4947	0.4506	0.5465	0.5484	0.5450	0.4522	0.4562	0.4547	0.5023	0.4524	0.5002	0.5475	0.4532	0.4516	0.5022	0.5507	0.4005	0.5476
0.4563	0.4985	0.4947	0.4506	0.5465	0.5484	0.5450	0.4522	0.4562	0.4547	0.5023	0.4524	0.5002	0.5475	0.4532	0.4516	0.5022	0.5507	0.4005	0.5476
0.4563	0.4985	0.4947	0.4506	0.5465	0.5484	0.5450	0.4522	0.4562	0.4547	0.5023	0.4524	0.5002	0.5475	0.4532	0.4516	0.5022	0.5507	0.4005	0.5476
