0.0676	0.2478	0.2106	0.7839	0.7077	0.0828	0.0890	0.7475	0.5326	0.6782	0.0037	0.0842	0.0741	0.7636	0.7312	0.7709	0.5462	0.5514	0.4125	0.1309
0.6249	1.0000	1.0000	0.5043	0.9186	0.3044	1.0000	0.9378	0.7713	0.3429	0.7516	0.3041	0.6171	0.1858	0.1790	0.0000	0.9339	0.2673	0.0502	0.2778
0.3019	0.8321	0.5114	0.3761	0.4961	1.0000	0.6495	0.4953	0.6752	0.6823	0.7389	0.2710	0.5961	0.4754	0.3067	0.4020	0.9247	0.2429	0.4021	0.0313
0.1641	0.3228	0.5114	0.7351	0.4961	0.7213	1.0000	0.4953	0.2612	0.7314	0.2684	0.8607	0.5961	0.6021	0.5618	1.0000	0.6433	0.0000	0.7953	0.6413
0.3712	0.8267	0.5114	0.8175	0.4815	0.2843	0.1169	0.6523	0.4060	0.7314	0.8954	0.4004	0.5961	1.0000	0.3888	0.3756	0.8792	0.2277	0.5205	0.6261
0.4089	0.0571	0.5114	0.0000	0.7112	0.0000	0.6053	0.6348	0.1083	0.4754	0.0000	0.4004	0.5961	0.1024	0.5381	0.3756	0.8412	0.8725	0.0000	0.0000
0.4716	0.4650	0.5114	0.8071	0.4752	0.0286	0.8415	0.5773	0.5198	0.1951	0.6322	0.4004	0.5961	0.3909	0.7172	0.4852	0.6506	0.6170	0.3850	0.2861
0.7081	0.5123	0.3028	0.2397	0.4752	0.3743	1.0000	0.5149	0.5152	0.3987	0.3880	0.5085	0.6135	1.0000	0.2279	0.4852	0.0000	0.5586	0.3850	0.5408
0.1530	0.5123	0.5199	1.0000	0.4065	0.2782	0.6359	0.5149	0.4085	0.5897	0.3880	0.3772	0.6135	0.4990	0.8320	0.4852	0.4804	1.0000	0.3850	0.6167
0.1942	0.5123	0.6688	0.3761	0.3970	0.6573	0.3323	0.5168	0.1715	0.2912	0.3880	0.3772	0.6135	0.2856	0.0000	0.4852	0.4804	0.5200	0.3850	0.5260
0.6149	0.5123	0.7939	0.5992	0.3902	0.0000	0.3648	0.5168	0.2349	0.0000	0.3880	0.3772	0.6135	0.4065	0.5784	0.4852	0.0000	0.5200	0.3850	0.1481
0.5162	0.5123	0.0000	0.5984	0.3902	0.0408	0.3922	0.4104	0.4974	0.0000	0.5035	0.0892	0.6135	0.5050	0.1687	0.4029	0.5673	0.4001	0.3850	1.0000
0.0000	0.5123	0.3772	0.5984	0.3902	0.3320	0.3922	0.6235	0.7020	0.6284	0.5035	0.0668	0.6135	0.7239	0.0000	0.3797	0.9622	0.4001	0.3906	0.3476
0.5064	0.5123	0.3758	0.8404	0.3902	0.3810	0.2830	0.6166	0.3964	0.9857	0.5035	0.6287	0.6135	0.0000	0.5307	0.3797	1.0000	0.8260	0.3906	1.0000
0.8881	0.5123	0.6087	0.1546	0.3902	0.3810	0.2830	0.6166	0.3964	1.0000	0.5035	0.4061	0.6135	0.0974	0.6008	0.3797	0.2264	0.7066	0.3906	0.6940
0.8147	0.5123	0.3930	0.2810	0.3902	0.3810	0.3964	0.6166	0.4868	0.9661	0.5035	0.4061	0.6135	0.4816	0.3011	0.3797	0.4739	0.6698	0.3906	0.8570
0.6254	0.5123	0.3930	0.0000	0.0000	0.6099	0.7168	0.6166	0.7171	1.0000	0.5035	0.6079	0.6135	0.6675	0.5921	0.3797	0.4981	0.4829	0.3906	0.1353
0.5087	0.5123	0.3930	0.7859	0.0000	0.3793	0.5051	0.6166	0.7171	0.3969	0.5035	0.6079	0.6135	0.5968	0.6099	0.3797	0.6204	0.3860	0.3906	0.7185
0.5936	0.2853	0.3930	0.0000	0.6399	0.4946	0.5051	0.6166	1.0000	0.6059	0.5035	0.6079	0.6135	0.5968	0.6099	0.3797	0.6204	0.3808	0.3906	0.4024
0.4859	0.5965	1.0000	0.7569	0.3964	0.4946	0.5051	0.6166	0.4870	0.6059	0.5035	0.6229	0.6135	0.2943	0.6099	0.3797	0.4880	0.6130	0.3929	0.1973
0.4859	0.5965	0.1935	0.6146	0.5208	0.4946	0.5051	0.6166	0.0000	0.6059	0.5035	0.6229	0.6135	1.0000	0.6099	0.4007	0.4880	0.6130	0.3929	0.3787
0.4859	0.5965	0.3020	0.6146	0.4095	0.4946	0.5180	0.3873	0.6362	0.5059	0.5035	0.6229	0.6148	0.7270	0.6099	0.4007	0.4880	0.4970	0.3929	0.5016
0.4859	0.4876	0.5076	0.6146	0.4095	0.4946	0.5180	0.1302	0.6351	0.5059	0.5035	0.6195	0.6148	0.2263	0.3956	0.4007	0.4880	0.4970	0.3929	0.2012
0.5052	0.4876	0.2557	0.4947	0.2689	0.4946	0.5180	0.4525	0.7336	0.5059	0.5035	0.6195	0.6148	0.4976	0.4065	0.4007	0.5025	0.4970	0.3929	0.7304
0.5052	0.4876	0.4005	0.4947	0.2689	0.4946	0.5180	0.6147	0.5157	0.5059	0.5035	0.6195	0.6148	0.4976	0.0000	0.4007	0.5025	0.4970	0.3929	0.6120
0.5052	0.4876	0.3732	0.4947	0.6188	0.4946	0.5180	0.4774	0.7052	0.5059	0.5142	0.6195	0.6148	0.4976	0.7006	0.4007	0.5025	0.4970	0.3929	0.6120
0.5052	0.4956	0.5206	0.4947	0.3939	0.6166	0.5180	0.8480	0.5175	0.5059	0.5142	0.6195	0.6148	0.4976	0.8011	0.4007	0.5025	0.4970	0.3929	0.6120
0.5052	0.4125	0.8288	0.4947	0.3939	0.6166	0.5180	0.4124	0.4999	0.5059	0.5142	0.6195	0.6148	0.4976	0.0000	0.4007	0.5025	0.4970	0.3929	0.6120
0.5052	0.4125	0.7437	0.4947	0.3939	0.6166	0.5180	0.4866	0.6105	0.5059	0.5142	0.5047	0.6148	0.4976	1.0000	0.4007	0.5025	0.4970	0.3929	0.6120
0.5052	0.5993	0.2786	0.4947	0.3939	0.6166	0.5056	0.8892	0.6105	0.5059	0.5142	0.5047	0.6148	0.4976	0.2843	0.4007	0.5025	0.4880	0.3929	0.6120
0.5052	0.5993	0.4023	0.4947	0.3939	0.6166	0.5056	0.5269	0.6105	0.5059	0.5142	0.5047	0.6148	0.4976	0.7071	0.4007	0.5025	0.4880	0.3929	0.6120
0.5052	0.5993	0.4023	0.4947	0.3937	0.4853	0.5056	0.3543	0.6105	0.3995	0.5142	0.5047	0.6148	0.4976	0.7071	0.4007	0.5025	0.4880	0.3929	0.6120
0.5052	0.5993	0.4023	0.4955	0.3937	0.4853	0.4868	0.2923	0.4837	0.3995	0.5142	0.5047	0.6148	0.4976	0.7071	0.4007	0.5025	0.4969	0.3929	0.6120
0.5991	0.5993	0.4023	0.4955	0.3937	0.4853	0.4868	0.2923	0.4837	0.3995	0.5142	0.5047	0.6148	0.4976	0.4939	0.4862	0.5025	0.4969	0.3929	0.6120
0.3985	0.5993	0.4023	0.4955	0.3937	0.4853	0.4868	0.5844	0.4837	0.3995	0.5142	0.5047	0.6148	0.4976	0.4939	0.5057	0.5025	0.4969	0.3929	0.6120
0.3985	0.5993	0.4023	0.4955	0.3937	0.4853	0.4868	0.8214	0.4837	0.3995	0.5142	0.3957	0.6148	0.4976	0.4939	0.5057	0.5025	0.4969	0.3929	0.5075
0.3985	0.5993	0.4023	0.4955	0.3937	0.4853	0.4868	0.3679	0.4837	0.3995	0.5142	0.3957	0.6148	0.4976	0.4939	0.5057	0.5025	0.4969	0.3929	0.5075
0.4973	0.5993	0.5004	0.4955	0.3937	0.4836	0.4868	1.0000	0.4837	0.3995	0.5142	0.3957	0.6148	0.4976	0.6263	0.5057	0.5025	0.4969	0.3929	0.5075
0.4935	0.5993	0.5004	0.4955	0.3937	0.4836	0.4868	0.5781	0.4837	0.3995	0.5142	0.3957	0.6148	0.4976	0.6263	0.5057	0.5025	0.4968	0.3929	0.5075
0.6193	0.4833	0.5004	0.4955	0.3937	0.4871	0.4868	0.5394	0.4837	0.3995	0.5142	0.3957	0.6148	0.4976	0.6263	0.5057	0.5025	0.4968	0.3929	0.5075
0.6193	0.4833	0.5004	0.5079	0.3937	0.4871	0.4868	0.7432	0.4825	0.6131	0.5142	0.3957	0.6148	0.4976	0.6263	0.5057	0.5025	0.4968	0.3929	0.5075
0.6193	0.5017	0.5004	0.5079	0.3937	0.4871	0.4868	0.4007	0.4825	0.4891	0.5142	0.3957	0.6148	0.4976	0.6263	0.5057	0.5025	0.4968	0.3929	0.5075
0.6193	0.4946	0.5004	0.5079	0.3937	0.4871	0.4868	0.5931	0.4825	0.4891	0.5142	0.3957	0.6148	0.4976	0.6263	0.5057	0.5025	0.4968	0.3929	0.5075
0.4857	0.4946	0.5004	0.5079	0.3937	0.3856	0.3805	0.5931	0.4825	0.4891	0.5142	0.3957	0.6148	0.4976	0.6263	0.5057	0.5025	0.4968	0.3929	0.5075
0.5119	0.4946	0.5004	0.5079	0.3937	0.3856	0.3805	0.5121	0.4825	0.4891	0.5142	0.3957	0.6148	0.4976	0.6263	0.5057	0.5025	0.4968	0.3929	0.3900
0.5119	0.4946	0.5004	0.5079	0.3937	0.3856	1.0000	0.5121	0.4825	0.4891	0.5142	0.3957	0.4881	0.4976	0.5994	0.5057	0.5025	0.4968	0.3929	0.3900
0.5119	0.4946	0.5004	0.5079	0.3937	0.3856	0.5199	0.5121	0.4825	0.4891	0.5142	0.3957	0.4881	0.4976	0.5994	0.5057	0.5025	0.4968	0.3929	0.3900
0.5119	0.4946	0.5004	0.5079	0.3937	0.3856	0.5199	0.4941	0.4825	0.4891	0.5142	0.3957	0.5087	0.6151	0.5994	0.5057	0.5025	0.4968	0.3929	0.3900
0.3933	0.4946	0.5004	0.5079	0.3937	0.5013	0.5199	0.4941	0.4825	0.4891	0.5142	0.3957	0.5087	0.6151	0.5994	0.5057	0.5025	0.4968	0.3929	0.3900
0.3933	0.4946	0.5004	0.5079	0.3937	0.5013	0.5199	0.4941	0.4825	0.4891	0.5052	0.3957	0.5087	0.6151	0.5092	0.5057	0.5025	0.4968	0.3929	0.3900
0.3933	0.4946	0.5004	0.5079	0.3937	0.5013	0.5199	0.4941	0.4825	0.3942	0.5052	0.3957	0.5087	0.6151	0.5092	0.5057	0.5025	0.4968	0.3929	0.3900
0.3933	0.4946	0.5004	0.5079	0.3937	0.5013	0.5199	0.4941	0.4825	0.3942	0.5052	0.3957	0.5087	0.6151	0.5092	0.5057	0.5025	0.4968	0.3929	0.3900
0.3933	0.4946	0.5004	0.5079	0.3937	0.5013	0.5199	0.4941	0.4947	0.3942	0.5052	0.3957	0.5087	0.6151	0.5092	0.5057	0.5025	0.4968	0.3929	0.3900
0.3933	0.4946	0.5004	0.5079	0.3937	0.5013	0.5199	0.4941	0.4947	0.3942	0.5052	0.3957	0.5087	0.6152	0.5092	0.5057	0.5025	0.4968	0.3929	0.3900
0.3933	0.4946	0.5004	0.5079	0.3937	0.5013	0.4829	0.5043	0.4947	0.3942	0.5052	0.3957	0.5087	0.6152	0.5092	0.5057	0.5025	0.4968	0.3929	0.3900
0.3933	0.4946	0.5004	0.5079	0.3937	0.5013	0.4829	0.5043	0.4947	0.3942	0.5052	0.3957	0.5084	0.6152	0.5092	0.5057	0.5025	0.4968	0.3929	0.3900
0.3933	0.4946	0.5004	0.5079	0.3937	0.5013	0.4829	0.5043	0.6105	0.3942	0.5052	0.3957	0.5084	0.6152	0.5092	0.5057	0.5025	0.4968	0.3929	0.3900
0.3933	0.4946	0.5004	0.5079	0.3937	0.5013	0.4829	0.5043	0.6105	0.3942	0.5052	0.3957	0.4938	0.6152	0.5092	0.5057	0.5025	0.4968	0.3929	0.3900
0.3933	0.4946	0.5004	0.5079	0.3937	0.5013	0.4829	0.5043	0.6105	0.6093	0.5052	0.3957	0.6133	0.6152	0.5092	0.5057	0.5025	0.4968	0.3929	0.3900
0.3933	0.4946	0.5004	0.5079	0.3937	0.5013	0.3991	0.5043	0.6105	0.6093	0.5052	0.3957	0.6133	0.6152	0.5092	0.5057	0.5025	0.4968	0.3929	0.3900
0.3933	0.4946	0.5004	0.5079	0.3937	0.5013	0.3991	0.5043	0.3936	0.6093	0.5052	0.3957	0.6133	0.6152	0.5135	0.5057	0.5025	0.4968	0.3929	0.4974
0.3933	0.4946	0.5004	0.5079	0.3937	0.5013	0.3991	0.5043	0.3936	0.6093	0.5052	0.3957	0.6133	0.6152	0.5135	0.5057	0.5025	0.4968	0.3929	0.4974
0.3933	0.4946	0.5004	0.5079	0.3937	0.5013	0.3991	0.5043	0.3936	0.6093	0.5052	0.3957	0.6133	0.6152	0.5135	0.5057	0.5025	0.4968	0.3929	0.4974
0.3933	0.4946	0.6031	0.5079	0.3937	0.5013	0.3991	0.5043	0.3936	0.6093	0.5052	0.3957	0.6133	0.6152	0.5135	0.5057	0.5025	0.4968	0.3929	0.4974
0.3933	0.4946	0.6031	0.5079	0.3937	0.5013	0.3991	0.5043	0.3936	0.6093	0.5052	0.5136	0.6133	0.6152	0.5135	0.5057	0.5025	0.4968	0.3929	0.4974
0.3933	0.4946	0.3857	0.5079	0.3937	0.5013	0.3991	0.5043	0.3936	0.6093	0.5052	0.5136	0.6133	0.6152	0.5135	0.5057	0.5025	0.4968	0.3929	0.4974
0.3933	0.3934	0.3857	0.5079	0.3937	0.5013	0.3991	0.5043	0.3936	0.6093	0.5052	0.5136	0.6133	0.6152	0.5135	0.5057	0.5025	0.4968	0.3929	0.4974
0.3933	0.3934	0.3857	0.5079	0.3937	0.5013	0.3991	0.5043	0.3936	0.6093	0.5098	0.5136	0.6133	0.6152	0.5135	0.5057	0.5025	0.4968	0.3929	0.4974
0.3933	0.3934	0.3857	0.5079	0.3937	0.5013	0.3991	0.5043	0.3936	0.6093	0.5098	0.5136	0.6133	0.6152	0.5135	0.5057	0.5025	0.4968	0.3929	0.4974
0.3933	0.3934	0.3857	0.5079	0.3937	0.5013	0.3991	0.4891	0.3936	0.6093	0.5098	0.5136	0.6133	0.6152	0.5135	0.5057	0.5025	0.4968	0.3929	0.4974
0.3933	0.3934	0.3857	0.5079	0.6065	0.5013	0.3991	0.4891	0.3936	0.6093	0.5098	0.5136	0.6133	0.6152	0.5135	0.5057	0.5025	0.4968	0.3929	0.4974
0.3933	0.3934	0.3857	0.5079	0.6065	0.5013	0.5010	0.4891	0.3936	0.6093	0.5098	0.5136	0.6133	0.6152	0.5135	0.5057	0.5025	0.4968	0.3929	0.4974
0.3933	0.3934	0.3857	0.5079	0.6065	0.5013	0.5010	0.3992	0.3936	0.6093	0.4965	0.5136	0.6133	0.6152	0.5135	0.5057	0.5025	0.4968	0.3929	0.4974
0.3933	0.3934	0.3857	0.5079	0.6065	0.5013	0.5010	0.3992	0.3936	0.6093	0.4965	0.5136	0.6133	0.6152	0.5135	0.5057	0.5025	0.4968	0.3929	0.4974
0.3933	0.3934	0.3857	0.5079	0.6065	0.5013	0.5010	0.3992	0.3936	0.6093	0.4965	0.5136	0.6133	0.6152	0.5135	0.5057	0.5025	0.4968	0.3929	0.4974
0.3933	0.3934	0.3857	0.5079	0.6065	0.5013	0.5010	0.3992	0.3936	0.6093	0.4965	0.5136	0.6133	0.6152	0.5135	0.5057	0.5025	0.4968	0.3929	0.5018
0.3933	0.3934	0.3857	0.5079	0.6065	0.5013	0.5010	0.3992	0.3936	0.6093	0.4965	0.5136	0.6133	0.6152	0.5135	0.5057	0.5025	0.4968	0.3929	0.5018
0.3933	0.3934	0.3857	0.5079	0.6065	0.5013	0.5010	0.3992	0.3936	0.6093	0.4965	0.3791	0.6133	0.6152	0.5135	0.5057	0.5025	0.4968	0.3929	0.5018
0.3933	0.4939	0.3857	0.5079	0.6065	0.5013	0.5010	0.3992	0.3936	0.6093	0.4965	0.3791	0.6133	0.6152	0.5135	0.5057	0.5025	0.4968	0.3929	0.5018
0.3933	0.4939	0.3857	0.5079	0.6065	0.5013	0.5010	0.3992	0.5010	0.6093	0.4965	0.3791	0.6133	0.6152	0.5135	0.5057	0.5025	0.4968	0.3929	0.5018
0.3933	0.4939	0.4835	0.5079	0.6065	0.5013	0.5010	0.3992	0.5010	0.6093	0.4965	0.3791	0.6133	0.6152	0.5135	0.5057	0.5025	0.4968	0.3929	0.5018
0.3933	0.4939	0.4835	0.5079	0.6065	0.5013	0.5010	0.3992	0.5010	0.6093	0.4965	0.3791	0.6133	0.6152	0.5135	0.5057	0.5025	0.4968	0.3929	0.5018
0.3933	0.4939	0.4835	0.5079	0.6065	0.5013	0.5010	0.3992	0.5010	0.6093	0.4965	0.3791	0.6133	0.6152	0.5135	0.5057	0.5025	0.4968	0.3929	0.5018
0.3933	0.4939	0.4835	0.5079	0.6065	0.5013	0.5010	0.3992	0.5010	0.6093	0.4965	0.3791	0.6133	0.6152	0.5135	0.5057	0.5025	0.4968	0.3929	0.5018
0.3933	0.4939	0.4835	0.5079	0.6065	0.5013	0.5010	0.3992	0.5010	0.6093	0.4965	0.3791	0.6133	0.6152	0.5135	0.5057	0.5025	0.4968	0.3929	0.5018
0.3933	0.4939	0.4835	0.5079	0.6065	0.5013	0.5010	0.3992	0.5010	0.6093	0.4965	0.3791	0.6133	0.6152	0.5135	0.5057	0.5025	0.4949	0.3929	0.5018
0.3933	0.4939	0.4835	0.5079	0.6065	0.5013	0.5010	0.3992	0.5010	0.6093	0.4965	0.3791	0.6133	0.6152	0.5008	0.5057	0.5025	0.4949	0.3929	0.5018
0.3933	0.4939	0.4835	0.5079	0.6065	0.5013	0.5010	0.3992	0.5010	0.6093	0.4965	0.3791	0.6133	0.6152	0.5008	0.5057	0.5025	0.4949	0.3929	0.5018
0.3933	0.4939	0.4835	0.5079	0.6065	0.5013	0.5010	0.3992	0.5010	0.6093	0.4965	0.3791	0.6133	0.6152	0.5008	0.5057	0.5025	0.4949	0.3929	0.5018
0.3933	0.4939	0.4835	0.5079	0.6065	0.5013	0.5010	0.3992	0.5010	0.6093	0.4965	0.3791	0.6133	0.6152	0.5008	0.5057	0.5025	0.4949	0.3929	0.5018
0.3933	0.4939	0.4835	0.5079	0.6065	0.5013	0.5010	0.3992	0.5010	0.6093	0.4965	0.3791	0.6133	0.6152	0.5008	0.5057	0.5025	0.4949	0.3929	0.5018
0.3933	0.4939	0.4835	0.5079	0.6065	0.5013	0.5010	0.3992	0.5010	0.6093	0.4965	0.3791	0.6133	0.6152	0.5008	0.5057	0.5025	0.4949	0.3929	0.5018
0.3933	0.4939	0.4835	0.5079	0.6065	0.5013	0.5010	0.3992	0.5010	0.6093	0.4965	0.3791	0.6133	0.6152	0.5008	0.5057	0.5025	0.4949	0.3929	0.5018
0.3933	0.4939	0.6039	0.5079	0.6065	0.5013	0.5010	0.3992	0.5010	0.6093	0.4965	0.3791	0.6133	0.6152	0.5008	0.5057	0.5025	0.4949	0.3929	0.5018
0.3933	0.4939	0.6039	0.5079	0.6065	0.5013	0.5010	0.3992	0.5010	0.6093	0.4965	0.3791	0.4931	0.6152	0.5008	0.5057	0.5025	0.4949	0.3929	0.5018
0.3933	0.4939	0.6039	0.5079	0.6065	0.5013	0.5010	0.3992	0.5010	0.6093	0.4965	0.3791	0.4931	0.6152	0.5008	0.5057	0.5025	0.4949	0.3929	0.5018
0.3933	0.4939	0.6039	0.5079	0.6065	0.5013	0.5010	0.3992	0.5010	0.6093	0.4965	0.3791	0.4931	0.5048	0.5008	0.5057	0.5025	0.4949	0.3929	0.5018
0.3933	0.4939	0.6039	0.5079	0.5079	0.5013	0.5010	0.3992	0.5010	0.6093	0.4965	0.3791	0.4931	0.5048	0.5008	0.5057	0.5025	0.4949	0.3929	0.5018
0.3933	0.4939	0.6039	0.5079	0.5079	0.5013	0.5010	0.4965	0.5010	0.6093	0.4965	0.3791	0.4931	0.5048	0.5008	0.5057	0.5025	0.4949	0.3929	0.5018
0.3933	0.4939	0.6039	0.5079	0.5079	0.5013	0.5010	0.3856	0.4955	0.6093	0.4965	0.3791	0.4931	0.5048	0.5008	0.5057	0.5025	0.4949	0.3929	0.5018
0.3933	0.4939	0.6039	0.5079	0.5079	0.5013	0.5010	0.3856	0.4955	0.6093	0.4965	0.3791	0.4931	0.5048	0.5008	0.5057	0.5025	0.4949	0.3929	0.5018
