0.3452	0.8629	0.6296	0.9678	0.6685	0.1641	0.7753	0.4012	0.4603	0.4624	0.1846	0.8517	0.6616	0.9389	0.1825	0.3131	0.0698	0.1347	0.2045	0.1680
0.2999	0.1383	0.8872	0.8755	0.0000	0.3731	0.5010	0.1118	0.3818	0.6529	0.2995	0.0000	0.4865	0.7698	0.2283	0.5925	0.9286	0.0354	0.3660	0.0000
0.8491	0.6638	0.2310	0.0279	0.0000	0.7225	0.5330	0.5669	0.4312	0.0000	1.0000	0.3699	0.0000	0.3576	0.2318	0.6998	0.7328	0.3697	0.0000	0.6307
0.0000	0.7194	0.2310	0.8251	0.9083	0.6959	1.0000	0.1712	0.4383	0.4195	0.9566	0.7042	0.3694	0.0000	0.5659	0.0278	0.9571	0.2907	0.6951	0.6307
0.6335	0.0000	0.3737	0.7502	0.0000	0.5718	1.0000	0.1843	1.0000	1.0000	0.6278	0.9170	0.0000	1.0000	0.9516	0.4369	0.6623	0.5526	0.3660	0.3824
0.8540	0.5626	0.4316	0.9312	0.1506	0.5718	0.5732	0.0000	1.0000	0.3761	0.6278	0.3821	0.1224	0.8322	1.0000	1.0000	0.0000	0.5014	0.3660	0.2403
0.2990	0.5626	0.4316	0.4353	0.6361	0.5718	0.7532	0.6312	0.4351	0.0000	0.5692	0.4257	0.3924	0.5001	0.8967	0.1378	0.5591	0.7792	0.3660	0.3149
0.4888	0.5610	0.4316	0.3759	0.4222	0.5718	0.5631	0.6345	0.7011	0.7968	0.5692	0.2066	0.6226	0.4328	0.7646	0.2499	0.8942	0.3672	0.3660	0.0000
0.5587	0.5610	0.4316	0.5237	1.0000	0.5718	0.0886	0.6345	0.7011	0.0668	0.5692	0.3738	0.5506	1.0000	0.4147	0.3765	0.5463	0.3672	0.0000	1.0000
0.3135	0.5610	0.4316	0.4858	0.2780	0.2981	0.2493	0.6345	0.7011	0.2323	0.5692	0.4543	0.5907	0.0224	0.3886	0.7001	1.0000	0.5721	0.3854	0.6338
0.4085	0.5610	0.5656	0.5790	0.5050	0.0000	0.0000	1.0000	0.7011	0.4999	0.5692	0.5743	0.5518	0.1667	0.6083	0.7001	1.0000	0.5084	1.0000	0.5552
0.6147	0.5610	0.5656	0.5790	0.5050	0.8320	0.5624	0.5611	0.6981	0.4999	0.5692	0.3660	0.3588	0.6222	0.7612	0.3631	0.6620	0.6295	0.0076	0.5552
0.6571	0.5610	0.5656	0.5008	0.3600	0.1024	0.8606	0.3114	0.6981	0.6280	0.5692	0.5065	0.3659	0.4457	0.8658	0.3635	0.4533	0.0000	0.3685	0.5552
0.4028	0.5610	0.5656	0.5008	0.6452	0.0000	1.0000	0.6393	0.4956	0.6280	0.5692	0.5065	0.1926	0.4233	0.0000	0.6973	0.6277	0.1030	0.6453	0.5552
0.3612	0.5610	0.5656	0.5624	0.4943	0.2244	0.4482	0.6393	0.4956	0.6280	0.5692	0.5065	0.0000	0.8975	0.3626	0.2240	0.0000	0.7207	0.3772	0.5552
0.4813	0.5610	0.5656	0.4861	0.4790	0.5629	0.3506	0.6314	0.4956	0.4987	0.5692	0.7016	0.2833	0.5975	0.1894	0.4149	0.6323	0.5601	0.3772	0.5552
0.5724	0.5610	0.5656	0.5002	0.8464	0.8433	0.6890	0.5061	0.4956	0.2979	0.5692	0.3557	1.0000	0.4693	0.7568	0.4341	0.7658	0.3040	0.3772	0.5552
0.5724	0.5610	0.5656	0.5002	1.0000	0.0000	0.6890	0.6904	0.4956	0.2979	0.5692	0.5054	0.3578	0.0000	0.7784	0.6400	0.9003	0.3040	0.3772	0.5552
0.5724	0.5610	0.5656	0.5002	0.0000	1.0000	0.6890	0.7620	0.4956	0.4386	0.5692	0.5732	0.6878	0.3818	0.5551	0.1851	0.5034	0.3040	0.3772	0.4312
0.5724	0.3007	0.5656	0.5002	0.4181	0.5896	0.6338	0.3779	0.6031	0.4386	0.5692	0.5732	0.2260	0.5074	0.2366	0.4973	0.3600	0.3040	0.5683	0.4936
0.5724	0.3007	0.5656	0.5002	0.4981	0.4658	0.5051	0.6374	0.4884	0.4386	0.5692	0.5732	0.5008	0.4868	0.7262	0.4330	0.3600	0.3040	0.2993	0.4936
0.5724	0.3007	0.5656	0.5002	0.4981	0.2275	0.6298	0.8621	0.4884	0.4386	0.4441	0.5732	0.6432	0.4868	0.6265	0.4330	0.5071	0.5569	0.2280	0.4936
0.3712	0.6922	0.5656	0.5002	0.4981	0.0000	0.6298	0.4395	0.4884	0.5641	0.4441	0.5732	0.6432	0.4407	0.6226	0.4330	0.7762	0.4947	0.3113	0.4936
1.0000	0.6922	0.5656	0.5002	0.4981	0.5074	0.5657	0.5654	0.5605	0.5641	0.4441	0.5732	0.6435	0.4407	0.2287	0.0000	0.4367	0.5050	0.3113	0.3693
0.0000	0.6922	0.5656	0.5002	0.4981	0.5704	0.3566	0.6332	0.4320	0.5623	0.4347	0.6366	0.2820	0.4464	0.4330	0.2831	0.8188	0.5050	0.3021	0.3693
0.3069	0.4239	0.5656	0.5002	0.4981	0.5704	0.0212	0.6332	0.2884	0.5623	0.4375	0.6366	0.4266	0.4383	0.3717	1.0000	0.5851	0.5050	0.4286	0.3693
0.4290	0.4239	0.5656	0.5002	0.4981	0.5704	0.3764	0.6332	0.3499	0.5623	0.3647	0.6366	0.4266	1.0000	0.3717	0.6781	0.7026	0.5050	0.4286	0.3693
0.5082	0.4239	0.5656	0.5002	0.4981	0.5704	0.4392	0.4940	0.5083	0.5623	0.3647	0.6366	0.4266	0.5770	0.3717	0.0000	0.7026	0.3663	0.5663	0.3693
0.5624	0.4239	0.5656	0.4330	0.3598	0.5704	0.4392	0.4940	0.5083	0.5623	0.3647	0.6366	0.4266	0.2944	0.5140	0.4856	0.7026	0.8140	0.5663	0.3693
0.5624	0.4239	0.5656	0.4330	0.3598	0.5704	0.4392	0.4940	0.5083	0.5623	0.3699	0.6366	0.4266	0.8527	0.3090	0.5657	0.5563	0.1627	0.5663	0.3693
0.5624	0.6359	0.5656	0.4330	0.3598	0.5704	0.4392	0.4940	0.5083	0.5623	0.2926	0.6366	0.4266	0.3638	0.3090	0.5572	0.5563	0.0000	0.5663	0.3693
0.5624	0.4341	0.5656	0.4330	0.3598	0.5704	0.4266	0.4940	0.5083	0.5623	0.2977	0.6366	0.4266	0.6362	0.4900	0.4264	0.4261	0.3037	0.5663	0.3693
0.5624	0.3631	0.5656	0.4330	0.3598	0.5704	0.5718	0.4940	0.3658	0.5623	0.5792	0.6366	0.5686	0.6362	0.4900	0.4264	0.4261	0.3037	0.4922	0.3693
0.5624	0.3631	0.5656	0.4330	0.3598	0.5704	0.5667	0.4940	0.3676	0.5623	0.5792	0.4949	0.5686	0.6362	0.4900	0.4264	0.3168	0.3037	0.4922	0.3693
0.5624	0.4243	0.5656	0.4330	0.3598	0.5704	0.5667	0.4940	0.5614	0.5623	0.4332	0.4949	0.5686	0.6362	0.4281	0.4264	0.5648	0.3037	0.4922	0.3693
0.5624	0.4243	0.5656	0.4330	0.3598	0.5704	0.5667	0.4940	0.6357	0.5623	0.4332	0.4949	0.5686	0.6362	0.4240	0.4264	0.5648	0.4395	0.4922	0.3693
0.5624	0.4243	0.5656	0.4330	0.3598	0.5704	0.5667	0.4940	0.6357	0.5623	0.4332	0.4949	0.5686	0.6362	0.4240	0.4264	0.5648	0.4395	0.5607	0.3693
0.5624	0.4243	0.5656	0.4330	0.4222	0.5704	0.4371	0.4940	0.4325	0.5623	0.7921	0.5092	0.5686	0.6362	0.4341	0.4264	0.5648	0.4395	0.5607	0.3693
0.5624	0.4243	0.5656	0.4330	0.4222	0.5704	0.4371	0.4940	0.4325	0.5623	0.6288	0.5092	0.5686	0.6362	0.4341	0.4264	0.5648	0.4395	0.5607	0.6338
0.5624	0.5074	0.5656	0.4330	0.4222	0.5700	0.4371	0.4940	0.4325	0.5623	0.0000	0.5092	0.5686	0.6362	0.6316	0.4264	0.5648	0.4395	0.5607	0.4363
0.5624	0.5074	0.5656	0.4330	0.4222	0.5700	0.4371	0.4940	0.4325	0.5623	0.0000	0.4401	0.5686	0.6362	0.5014	0.4264	0.5648	0.4395	0.5607	0.4363
0.5624	0.5074	0.5656	0.4330	0.3641	0.5700	0.4371	0.4940	0.4325	0.5623	0.4823	0.3664	0.6972	0.6362	0.5014	0.4264	0.5648	0.4395	0.5607	0.4363
0.5624	0.5074	0.5656	0.4330	0.3641	0.5700	0.4371	0.4940	0.4325	0.5623	0.5680	0.3664	0.6972	0.6362	0.5014	0.4264	0.5648	0.4395	0.5607	0.3650
0.5624	0.5074	0.5656	0.4330	0.3641	0.5700	0.4371	0.5675	0.4325	0.5623	0.5680	0.3664	0.4328	0.6362	0.5014	0.4264	0.3653	0.4395	0.5607	0.3650
0.5624	0.5074	0.5656	0.4330	0.3641	0.5700	0.4371	0.5675	0.4325	0.5623	0.5052	0.3664	0.4328	0.6362	0.5048	0.5739	0.3653	0.4395	0.5607	0.3650
0.5624	0.5074	0.5656	0.4330	0.3641	0.5700	0.4371	0.5675	0.4325	0.5623	0.3687	0.3664	0.4328	0.6362	0.5048	0.5739	0.3653	0.4395	0.5607	0.3650
0.5624	0.5074	0.5656	0.4330	0.3641	0.5700	0.4371	0.5675	0.4325	0.5623	0.3687	0.3664	0.4328	0.5044	0.5048	0.5739	0.3653	0.4395	0.5607	0.3650
0.5641	0.5074	0.5656	0.4330	0.3002	0.5700	0.4371	0.5675	0.4325	0.5623	0.3687	0.3664	0.4328	0.5044	0.5048	0.5739	0.3653	0.4395	0.5607	0.3650
0.5641	0.5074	0.5656	0.4330	0.3002	0.5700	0.4371	0.5675	0.4325	0.5623	0.3729	0.3664	0.4328	0.5044	0.5048	0.5739	0.3653	0.4395	0.5607	0.3650
0.5641	0.5074	0.5656	0.4330	0.4917	0.5700	0.4371	0.5675	0.4325	0.5623	0.5729	0.3664	0.4328	0.5044	0.5048	0.6331	0.3653	0.4395	0.5607	0.3650
0.5641	0.5074	0.5656	0.4330	0.4401	0.5700	0.4371	0.5675	0.4325	0.5623	0.5729	0.3664	0.4328	0.5044	0.5048	0.6331	0.3653	0.4395	0.5607	0.3651
0.5641	0.5074	0.5656	0.4330	0.4401	0.5700	0.4371	0.5675	0.4325	0.5623	0.5729	0.3664	0.4328	0.5044	0.5048	0.6331	0.3653	0.4395	0.5607	0.3651
0.5641	0.5074	0.5656	0.4330	0.4401	0.5700	0.4371	0.5675	0.4325	0.5623	0.5729	0.4258	0.4307	0.5044	0.5048	0.6331	0.3653	0.4395	0.5607	0.3651
0.5641	0.5074	0.5656	0.4330	0.4401	0.5700	0.4371	0.5675	0.4325	0.5623	0.5729	0.4258	0.4307	0.5044	0.5048	0.6331	0.3653	0.4395	0.5607	0.3651
0.5641	0.5614	0.5656	0.4330	0.4370	0.5700	0.4371	0.5675	0.4325	0.5623	0.5625	0.4258	0.4307	0.5044	0.5048	0.6331	0.3653	0.4395	0.5607	0.3651
0.5641	0.4263	0.5656	0.4330	0.4370	0.5700	0.4331	0.5675	0.4325	0.5623	0.5625	0.4258	0.4307	0.5044	0.5048	0.6331	0.3653	0.4395	0.5607	0.3651
0.5641	0.4263	0.5656	0.4330	0.4370	0.5700	0.4331	0.5675	0.4325	0.5623	0.5625	0.4258	0.4307	0.5044	0.5048	0.6331	0.3653	0.4395	0.5607	0.3651
0.5641	0.4263	0.5656	0.4330	0.4370	0.5700	0.4331	0.5675	0.4325	0.5623	0.5697	0.4258	0.4307	0.5044	0.5048	0.6331	0.3653	0.4395	0.5607	0.3651
0.5641	0.4263	0.5656	0.4330	0.4370	0.5700	0.4331	0.5675	0.4325	0.5623	0.5653	0.4258	0.4307	0.5044	0.5048	0.6331	0.3653	0.4395	0.5607	0.3651
0.5641	0.4321	0.5656	0.4330	0.4370	0.5700	0.4331	0.5675	0.4325	0.5623	0.5653	0.4258	0.4307	0.5044	0.5048	0.6331	0.3653	0.4395	0.5607	0.3651
0.5641	0.4321	0.5656	0.4330	0.4370	0.5700	0.4331	0.5675	0.4325	0.5623	0.5653	0.4258	0.4307	0.5044	0.4958	0.6331	0.3653	0.4395	0.5607	0.3651
0.5641	0.4321	0.5656	0.4330	0.4370	0.5700	0.4331	0.5675	0.4325	0.5623	0.5653	0.4258	0.4307	0.5044	0.4326	0.5711	0.3653	0.4395	0.5607	0.3651
0.5641	0.4321	0.5656	0.4330	0.4370	0.5700	0.4331	0.5675	0.4325	0.5623	0.5653	0.4258	0.4307	0.5044	0.4326	0.5711	0.3653	0.4395	0.5607	0.3651
0.5641	0.4321	0.5656	0.4330	0.4370	0.5700	0.4331	0.5675	0.4325	0.5623	0.5653	0.4258	0.4307	0.5044	0.4326	0.5711	0.3653	0.4395	0.5607	0.3651
0.5641	0.4321	0.5656	0.4330	0.4370	0.5700	0.4331	0.5675	0.4325	0.5623	0.5653	0.4258	0.4378	0.5044	0.5029	0.5711	0.3653	0.4395	0.5607	0.3651
0.5641	0.4321	0.5656	0.4330	0.4370	0.5700	0.3641	0.5675	0.4325	0.5623	0.5653	0.4258	0.4378	0.5044	0.5029	0.5711	0.3653	0.4395	0.5607	0.3651
0.5641	0.4321	0.5656	0.4330	0.4370	0.5700	0.3641	0.5675	0.4325	0.5623	0.5653	0.4258	0.4378	0.5044	0.5029	0.5711	0.3653	0.4395	0.5607	0.3651
0.5641	0.4321	0.5656	0.4330	0.4370	0.5700	0.3641	0.5675	0.4325	0.5623	0.5653	0.4258	0.4378	0.5044	0.5029	0.5711	0.3653	0.4395	0.5607	0.3651
0.5641	0.4321	0.5656	0.4330	0.4936	0.5700	0.3641	0.5675	0.4325	0.5623	0.5653	0.4258	0.4378	0.5044	0.5668	0.5711	0.4409	0.4395	0.5607	0.3651
0.5641	0.4321	0.5656	0.4330	0.4936	0.5700	0.3641	0.5675	0.4325	0.5623	0.5653	0.4258	0.4378	0.5044	0.5668	0.5711	0.4409	0.4395	0.5607	0.3651
0.5641	0.5064	0.5656	0.4330	0.4936	0.5700	0.3641	0.5009	0.4325	0.5623	0.5653	0.4258	0.4378	0.5044	0.5668	0.5711	0.4409	0.4395	0.5607	0.3651
0.5641	0.5064	0.5656	0.4330	0.4936	0.5700	0.3641	0.5009	0.4325	0.5623	0.5653	0.4258	0.4378	0.5044	0.5668	0.5711	0.4409	0.4395	0.5607	0.3651
0.5641	0.5064	0.5656	0.4330	0.4936	0.5700	0.3641	0.5009	0.4325	0.5623	0.5653	0.4258	0.4378	0.5044	0.5668	0.5711	0.4409	0.4395	0.5607	0.3651
0.5641	0.5064	0.5656	0.4330	0.4936	0.5700	0.3641	0.5009	0.4325	0.5623	0.4310	0.5069	0.4378	0.5044	0.5668	0.5711	0.4409	0.4395	0.5607	0.3651
0.5641	0.5064	0.5656	0.4330	0.4936	0.5700	0.3641	0.5009	0.4325	0.5623	0.4310	0.5069	0.4378	0.5044	0.5668	0.5711	0.4409	0.4395	0.5607	0.3651
0.5641	0.5064	0.5656	0.4330	0.4936	0.5700	0.3641	0.5009	0.4325	0.5623	0.4310	0.5069	0.4378	0.5044	0.5668	0.5711	0.4409	0.4395	0.5607	0.3651
0.5641	0.5064	0.5656	0.4330	0.4936	0.5700	0.3641	0.5009	0.4325	0.5623	0.4310	0.5069	0.4378	0.5044	0.5668	0.5711	0.4409	0.4395	0.5607	0.3651
0.5641	0.5064	0.5656	0.4330	0.4936	0.5700	0.5739	0.5009	0.4325	0.5623	0.4310	0.5069	0.4378	0.5044	0.5668	0.5711	0.4409	0.4395	0.5607	0.3651
0.5641	0.5064	0.5656	0.4330	0.4936	0.5700	0.5739	0.5009	0.4325	0.5623	0.4310	0.5069	0.4378	0.5044	0.5668	0.5711	0.4409	0.4395	0.5607	0.3651
0.5641	0.5064	0.5656	0.4321	0.4936	0.5700	0.5739	0.5009	0.4325	0.5623	0.5036	0.5069	0.4378	0.5044	0.5668	0.5711	0.4409	0.4395	0.5607	0.3651
0.5641	0.5064	0.4384	0.4321	0.4936	0.5700	0.5739	0.5009	0.4325	0.5623	0.5036	0.5069	0.4378	0.5044	0.5668	0.5711	0.4409	0.3661	0.5607	0.3651
0.5641	0.5064	0.4384	0.4321	0.4936	0.5700	0.5739	0.5009	0.4325	0.5623	0.5036	0.5069	0.4378	0.5044	0.5668	0.5711	0.4409	0.3661	0.5607	0.3651
0.5641	0.5064	0.4384	0.4321	0.4936	0.5700	0.5723	0.5009	0.4325	0.5623	0.5036	0.5069	0.4378	0.5044	0.5668	0.5711	0.4409	0.3661	0.5607	0.3651
0.5641	0.5064	0.4384	0.4321	0.4936	0.5700	0.5609	0.5009	0.4325	0.5623	0.5036	0.5069	0.4378	0.5044	0.5668	0.5711	0.4409	0.3661	0.5607	0.3651
0.5641	0.5064	0.4384	0.4321	0.4381	0.5700	0.5609	0.5009	0.4325	0.5623	0.5036	0.5069	0.4378	0.5044	0.5668	0.5711	0.4409	0.3661	0.5607	0.4295
0.5641	0.5064	0.4384	0.4321	0.4381	0.5700	0.5609	0.5009	0.4325	0.5623	0.5036	0.5069	0.4378	0.5044	0.5668	0.5711	0.3720	0.3661	0.5607	0.4295
0.5641	0.5064	0.4384	0.4321	0.4381	0.5700	0.5609	0.5009	0.4325	0.5623	0.5036	0.5069	0.4378	0.5044	0.5668	0.5711	0.3720	0.3661	0.5607	0.4295
0.5641	0.5064	0.4378	0.4321	0.4381	0.5700	0.5609	0.5009	0.4325	0.5623	0.5036	0.5069	0.4378	0.5044	0.5668	0.5711	0.3720	0.3661	0.5607	0.4295
0.5641	0.5064	0.4378	0.4321	0.4381	0.5700	0.5609	0.5009	0.4325	0.5623	0.5036	0.5069	0.4378	0.4947	0.5668	0.5711	0.3720	0.3661	0.5607	0.4295
0.5641	0.5064	0.4378	0.4321	0.4381	0.5700	0.5609	0.5009	0.4325	0.5623	0.5036	0.5069	0.4378	0.4947	0.5668	0.5711	0.3720	0.3661	0.5607	0.4335
0.5641	0.5064	0.4378	0.4321	0.4381	0.5700	0.5609	0.5009	0.4325	0.5623	0.5036	0.5069	0.4378	0.4947	0.5668	0.5711	0.3720	0.3661	0.5607	0.4335
0.5641	0.5064	0.4378	0.4321	0.4381	0.5700	0.5609	0.5009	0.4325	0.5623	0.5036	0.5069	0.4378	0.4947	0.5668	0.5711	0.3720	0.3661	0.5607	0.4335
0.5641	0.5064	0.4378	0.4321	0.4381	0.5700	0.5609	0.5009	0.4325	0.5623	0.5036	0.5069	0.4378	0.4947	0.5668	0.5711	0.3720	0.3661	0.5607	0.4335
0.5641	0.5064	0.4378	0.4321	0.4381	0.5700	0.5609	0.5009	0.4325	0.5623	0.5036	0.5069	0.4378	0.4947	0.5668	0.5711	0.3720	0.3661	0.5607	0.4335
0.5641	0.5064	0.4378	0.4321	0.4381	0.5700	0.5609	0.5009	0.4325	0.5623	0.5036	0.4381	0.4378	0.6313	0.5668	0.5711	0.3720	0.3661	0.5607	0.4335
0.5641	0.5064	0.4378	0.4321	0.4381	0.5700	0.5609	0.5009	0.4325	0.5623	0.5036	0.4381	0.4378	0.6313	0.5668	0.5711	0.3720	0.3661	0.5607	0.4335
0.5641	0.5064	0.4378	0.4321	0.4381	0.5700	0.5609	0.5009	0.4325	0.5623	0.5036	0.4381	0.4378	0.6313	0.5668	0.5711	0.3720	0.5667	0.5607	0.4335
0.5641	0.5064	0.4378	0.4321	0.4381	0.5700	0.5609	0.5009	0.4325	0.5623	0.5036	0.4381	0.4378	0.6313	0.5668	0.5632	0.3720	0.5667	0.5607	0.4335
0.5641	0.5064	0.4378	0.4321	0.4381	0.5700	0.5609	0.5009	0.4325	0.5623	0.5036	0.4381	0.4378	0.6313	0.5668	0.5632	0.3720	0.5667	0.5607	0.4335
0.5641	0.5064	0.4378	0.4321	0.4381	0.5700	0.5609	0.5009	0.4325	0.5623	0.5036	0.4381	0.4378	0.6313	0.5668	0.5632	0.3720	0.5667	0.5607	0.4335
0.5641	0.5064	0.4378	0.4321	0.4381	0.5700	0.5609	0.5009	0.4325	0.5623	0.5036	0.4381	0.4378	0.6313	0.5668	0.5632	0.3720	0.5667	0.5607	0.4335
