0.7247	0.2713	0.0259	0.4788	0.2106	0.5808	0.9115	0.8009	0.8276	0.4532	0.0709	0.6710	0.7442	0.0674	0.4699	0.7171	0.8943	0.1720	0.8629	0.6063
1.0000	0.0000	0.7952	1.0000	0.6845	0.6078	1.0000	1.0000	0.9193	0.5141	0.3687	0.1266	1.0000	0.9973	0.1080	0.1164	0.4659	0.5220	0.5596	0.5411
0.3535	0.0000	0.5788	1.0000	0.3400	1.0000	1.0000	1.0000	0.7376	0.4688	0.3993	0.4903	1.0000	0.0339	0.5964	0.2584	0.8392	0.4238	0.5564	0.5018
0.8823	0.5943	0.3809	0.2400	0.5541	0.4849	0.4527	0.4861	0.0165	0.3123	0.0133	0.4903	0.5760	0.4654	0.5791	0.4435	0.5015	0.7558	0.5100	1.0000
0.4018	0.6763	0.3359	0.0000	0.4197	1.0000	0.8383	0.6399	0.2042	0.6033	0.7320	0.4903	0.5701	0.0000	0.7029	0.4435	0.4476	0.4466	0.4344	0.3379
0.4785	0.5644	0.4193	0.0000	0.6098	0.2193	0.5542	0.5765	0.0408	0.0000	0.2723	0.4564	0.5843	0.3999	0.5010	0.4435	0.0456	0.3643	0.6467	0.5885
0.5603	0.6858	0.2111	0.3658	1.0000	0.5109	0.5045	0.5765	0.5015	0.1496	0.5977	0.4564	0.2592	0.7745	0.6124	0.4406	0.0000	0.5141	0.5354	1.0000
1.0000	0.5061	0.7176	0.5833	0.3034	0.1840	0.0000	0.5402	0.4340	0.5230	0.0000	0.4482	0.3959	0.3391	0.2822	0.5617	0.0000	0.9560	0.6480	0.4830
0.0000	0.0000	0.3717	0.5672	0.1455	0.0000	0.5416	0.5402	0.2224	0.4414	0.5667	0.3993	0.0327	0.4127	0.3418	0.5684	0.5247	1.0000	0.8166	0.5274
0.7318	0.4804	0.4162	0.6826	0.0000	0.7680	0.3992	0.4534	0.5072	0.7807	0.4010	0.3866	0.6106	0.4976	0.6132	0.5684	0.4154	0.6548	0.4299	0.0000
0.5421	0.1515	1.0000	0.4111	1.0000	0.5763	0.4786	0.4998	0.5209	0.9578	1.0000	1.0000	0.0000	0.5066	0.4855	0.5684	0.4208	0.5175	0.4377	1.0000
0.2671	0.6003	0.6226	0.7452	0.3768	0.5574	0.0000	0.4998	0.5317	0.5192	0.8615	0.4349	0.4893	1.0000	0.4855	0.5684	1.0000	1.0000	1.0000	0.7291
1.0000	0.4357	0.9554	1.0000	0.2201	0.6719	0.6590	0.4998	0.4279	0.2651	0.2754	0.2191	0.4188	0.6522	0.5246	0.5085	0.6515	0.9058	0.0773	0.6303
0.6266	0.4911	0.4911	0.4432	0.0000	0.2672	0.3736	0.5690	0.4740	0.2279	0.4303	0.4326	0.7020	0.4175	0.6564	0.5085	0.5904	0.5940	0.0000	1.0000
0.0000	0.3329	0.2574	0.4790	0.3515	1.0000	0.6739	0.4261	0.4386	1.0000	0.6015	1.0000	0.4074	0.4786	0.3853	0.5085	0.5318	0.7260	1.0000	0.0473
0.5298	0.4533	0.4629	0.0000	0.6858	0.7540	0.5123	0.3889	0.4831	0.5107	0.6576	0.8115	0.3972	0.4011	0.6051	0.5085	1.0000	0.7440	0.4117	0.3625
0.2858	0.6147	0.2794	0.3887	0.0000	0.4895	0.5768	1.0000	0.6652	0.5142	1.0000	0.5275	0.6079	0.4222	0.5151	0.5085	0.5068	0.5711	0.5506	0.0000
0.6137	0.4376	0.4962	0.6280	0.4248	0.6293	0.1138	0.4420	0.5486	0.3334	0.0090	0.5370	1.0000	0.5676	0.0000	0.5085	0.4994	0.8334	0.3979	0.7397
0.5517	0.4619	0.7075	0.4478	0.7790	0.4832	0.0000	0.5030	0.8122	0.4380	1.0000	0.2937	0.3129	0.3928	0.7716	0.5085	0.3653	0.7464	0.3755	0.4007
0.4628	0.4570	0.4491	0.7313	0.5835	0.1645	0.2994	0.5515	0.4743	0.4520	0.4304	0.1836	0.4023	0.3430	0.3052	0.5085	0.4521	0.3864	0.4076	0.7052
0.4330	0.4570	0.5706	0.4508	0.3352	0.5984	0.4428	0.4659	0.6718	0.6781	0.5008	0.3046	0.4859	0.6162	0.2233	0.5085	0.4521	0.3864	0.5955	0.6746
0.1001	0.6778	0.4467	0.5456	0.4084	0.4553	0.5133	0.4749	0.4096	0.3657	1.0000	0.0000	0.1395	0.2282	0.5676	0.4883	0.4694	0.4094	0.5601	0.4975
0.5833	0.5335	1.0000	0.5456	0.5547	0.4553	0.3432	0.5115	0.4613	0.0000	1.0000	0.4465	0.4599	0.0000	0.8048	0.4883	0.3959	0.4247	0.1718	0.8117
0.7124	0.6400	0.6915	0.3811	0.4487	0.5431	0.6145	0.5115	0.4613	0.6692	0.3670	0.4766	1.0000	0.5118	1.0000	0.4883	0.3479	0.4863	0.8809	0.6436
0.5807	0.7056	0.4454	0.5907	0.4262	0.4818	0.2770	0.4059	0.6007	0.2956	0.2871	0.4366	0.6969	0.4562	0.3391	0.5704	0.5544	0.4358	0.7364	1.0000
0.1768	1.0000	0.2166	0.4908	0.4710	0.5604	0.7866	0.5475	0.5274	0.2386	1.0000	0.5083	0.4690	0.5234	0.5339	0.5314	0.7321	0.4766	0.4156	0.5119
0.4818	0.1552	1.0000	0.3818	0.5251	0.5604	0.4552	0.5475	0.5515	0.6392	0.5356	0.7088	0.4832	0.5234	0.5411	0.4618	0.5158	0.4764	0.5250	0.5832
0.3884	0.4025	0.0775	0.3502	0.4370	0.4959	0.4161	0.5475	0.6456	0.6240	0.4018	0.6726	0.5568	0.6328	0.5411	0.4618	0.6668	0.5315	0.5330	0.5155
0.6997	0.4281	0.4744	0.7146	0.4656	0.4965	0.6414	0.6376	0.5808	0.4896	0.2591	0.4672	0.3373	0.2680	0.4743	0.4618	0.5522	0.5315	0.5946	0.6190
0.5193	1.0000	0.4563	0.5974	0.4656	0.4965	0.5121	0.5275	0.5245	0.4187	0.5445	0.4556	0.5474	0.4811	0.4743	0.4060	0.4452	0.4435	0.4825	0.4256
0.5378	0.4718	0.8920	0.4723	0.4984	0.4965	0.3992	0.4251	0.5888	0.5342	0.5445	0.3315	0.0465	0.5224	0.4743	0.4034	0.4452	0.3665	0.6420	0.5326
0.5378	0.0000	0.4426	0.4723	0.4984	0.5295	0.5936	0.4251	0.4079	0.3327	0.3220	0.6871	0.3429	0.4093	0.5055	0.5006	0.4452	0.3665	0.5191	0.5107
0.6485	0.2326	0.5786	0.3385	0.3608	0.6273	0.4423	0.5851	0.5054	0.4299	0.0000	0.3586	0.4137	0.4591	0.4616	0.5331	0.6408	0.5279	0.5191	0.5515
0.3799	0.3481	0.6443	0.4197	0.5732	0.3768	0.4423	0.5851	0.6193	0.4299	0.2043	0.6038	0.3297	0.5664	0.4243	0.5331	0.3047	0.5279	0.4602	0.2189
0.6249	0.5184	0.4713	0.4407	0.9344	0.4954	0.4423	0.4791	0.5192	0.5942	0.7773	0.5559	0.5377	0.5434	0.4839	0.5814	0.6515	0.4015	0.4602	0.8034
0.4765	0.5630	0.4713	0.4279	0.5527	0.5692	0.5717	0.4791	0.5192	0.5633	1.0000	0.5559	0.4532	0.5434	0.3753	0.5814	0.6212	0.4323	0.5382	1.0000
0.4092	0.5881	0.4563	0.5673	0.3665	0.5692	0.4867	0.4830	0.3782	0.7222	0.5444	0.4609	0.4532	0.5180	0.4114	0.4840	0.5486	0.4323	0.5675	0.4680
0.6376	0.5112	0.4563	0.5673	0.5884	0.5692	0.4867	0.5003	0.5807	0.8464	0.4508	0.4609	0.4532	0.3635	0.5465	0.4840	0.5130	0.4323	0.4656	0.4090
0.4999	0.3949	0.5134	0.5867	0.5782	0.4264	0.4623	0.4274	0.5260	0.4429	0.4508	0.4609	0.6411	0.4085	0.5465	0.4840	0.3952	0.5215	0.5210	0.5315
0.4458	0.5704	0.5134	0.5867	0.5445	0.5534	0.4623	0.4274	0.3992	0.4429	0.4374	0.4637	0.4355	0.5705	0.4880	0.4840	0.3639	0.4558	0.5210	0.5518
0.5421	0.4810	0.6149	0.4321	0.5256	0.4769	0.3705	0.4908	0.3992	0.4646	0.4374	0.4354	0.4355	0.4296	0.4880	0.4749	0.3639	0.4558	0.4720	0.4471
0.1291	0.4810	0.4269	0.4504	0.3499	0.4482	0.4874	0.4908	0.5850	0.4768	0.4486	0.6329	0.5622	0.5068	0.4880	0.4749	0.5201	0.5782	0.4720	0.4471
0.5971	0.4810	0.4269	0.5505	0.4847	0.4482	0.5200	0.4908	0.5850	0.4768	0.4486	0.5116	0.4935	0.5263	0.4880	0.4749	0.5201	0.6091	0.4662	0.4471
0.5369	0.4201	0.4656	0.3740	0.4226	0.4482	0.5421	0.4908	0.5239	0.5013	0.4486	0.5116	0.5334	0.5263	0.5017	0.4749	0.5959	0.5271	0.5788	0.4896
0.5369	0.6086	0.4656	0.3879	0.4226	0.5492	0.5421	0.4908	0.4512	0.5013	0.4486	0.3924	0.5334	0.5297	0.5017	0.4749	0.5881	0.5068	0.5788	0.4300
0.5245	0.5764	0.4889	0.4574	0.4226	0.5492	0.5421	0.4908	0.5739	0.4222	0.3829	0.4950	0.5044	0.5266	0.5017	0.4749	0.5436	0.4473	0.5788	0.3541
0.4936	0.5562	0.5229	0.4845	0.5194	0.5492	0.5421	0.4908	0.5855	0.6233	0.5015	0.4950	0.5044	0.5266	0.5017	0.4749	0.5830	0.4579	0.5988	0.6478
0.5048	0.5387	0.5229	0.4845	0.5315	0.4860	0.4995	0.5378	0.5855	0.3724	0.5015	0.4950	0.5044	0.5266	0.5017	0.4749	0.5869	0.6688	0.4554	0.4846
0.5048	0.5387	0.5229	0.4023	0.4695	0.4770	0.4780	0.5378	0.5280	0.4251	0.4533	0.5037	0.5152	0.5266	0.5770	0.4749	0.3316	0.4663	0.4554	0.4057
0.5048	0.5966	0.6135	0.4023	0.5208	0.4770	0.4780	0.5903	0.5280	0.5077	0.4533	0.4381	0.5152	0.5537	0.5770	0.4749	0.4734	0.4663	0.4011	0.3961
0.4383	0.5966	0.5544	0.6174	0.5208	0.4770	0.4900	0.4837	0.4748	0.4833	0.4112	0.4381	0.4340	0.5300	0.5770	0.4749	0.5160	0.4663	0.4011	0.4388
0.4383	0.5165	0.5544	0.6174	0.5516	0.4770	0.5948	0.4495	0.4748	0.4833	0.6073	0.4191	0.4340	0.5480	0.4689	0.4749	0.5432	0.4384	0.5359	0.5044
0.4383	0.4497	0.7153	0.5115	0.5516	0.4770	0.5744	0.4495	0.4748	0.4833	0.4893	0.4862	0.6047	0.5480	0.5060	0.4749	0.4543	0.5217	0.5157	0.4919
0.5976	0.4497	0.3750	0.5115	0.5516	0.5482	0.5147	0.4495	0.4748	0.4678	0.4893	0.5228	0.4203	0.5480	0.5893	0.4749	0.4213	0.4575	0.5061	0.4919
0.4938	0.4437	0.5544	0.5115	0.5516	0.5482	0.5147	0.4686	0.4748	0.4678	0.4649	0.5228	0.5481	0.5480	0.5054	0.4749	0.4213	0.4575	0.5272	0.4257
0.4938	0.4437	0.4947	0.5115	0.5301	0.5482	0.5147	0.4686	0.4748	0.4678	0.4649	0.5361	0.5481	0.5480	0.5511	0.4749	0.4213	0.5680	0.5466	0.4257
0.4938	0.4437	0.4565	0.5115	0.5387	0.5482	0.4656	0.4686	0.4748	0.4678	0.4205	0.5361	0.5481	0.5480	0.5511	0.4896	0.5848	0.5680	0.5466	0.4257
0.4938	0.4437	0.4565	0.5081	0.5387	0.5394	0.4656	0.4686	0.4748	0.4678	0.4205	0.4785	0.5932	0.4884	0.5588	0.4896	0.4928	0.5680	0.6180	0.4257
0.4938	0.4437	0.4987	0.5081	0.5387	0.5394	0.5292	0.4686	0.3978	0.4678	0.4634	0.5345	0.5084	0.5861	0.5588	0.4896	0.4567	0.4235	0.4723	0.4988
0.4541	0.4237	0.4987	0.5081	0.5387	0.5394	0.5292	0.5126	0.3978	0.4678	0.5458	0.5788	0.5084	0.5861	0.4451	0.4896	0.5634	0.4235	0.5854	0.4988
0.5660	0.4237	0.4987	0.4912	0.5387	0.5074	0.5292	0.4695	0.4289	0.5526	0.5458	0.4952	0.5084	0.5861	0.4451	0.4896	0.5596	0.5433	0.5116	0.4988
0.5544	0.5529	0.5518	0.4912	0.5284	0.5486	0.5292	0.4695	0.4289	0.5526	0.5289	0.4952	0.5084	0.5861	0.4025	0.4896	0.4784	0.4777	0.5116	0.4988
0.5544	0.5529	0.5518	0.5190	0.4285	0.4756	0.4979	0.4629	0.5063	0.5843	0.5943	0.4952	0.4252	0.5383	0.4025	0.4896	0.4690	0.4777	0.5034	0.5336
0.5544	0.5041	0.5518	0.5190	0.4285	0.4756	0.5288	0.4629	0.5063	0.5277	0.4600	0.5712	0.5203	0.5383	0.4025	0.4896	0.6243	0.4418	0.5034	0.5595
0.5544	0.5266	0.5002	0.5190	0.4285	0.4756	0.5475	0.4629	0.5363	0.5344	0.4600	0.4453	0.5198	0.5383	0.6086	0.4896	0.4199	0.4284	0.5034	0.5595
0.5544	0.5266	0.5002	0.5840	0.4285	0.4756	0.5514	0.5118	0.5363	0.5134	0.4600	0.4327	0.5184	0.5035	0.4683	0.4896	0.4261	0.4130	0.5034	0.5006
0.5644	0.5266	0.5002	0.5840	0.4285	0.4756	0.5514	0.4905	0.5363	0.5134	0.4600	0.4327	0.5184	0.5035	0.4395	0.4896	0.4261	0.4130	0.5034	0.5006
0.5644	0.5497	0.5002	0.5742	0.4285	0.4756	0.4791	0.5333	0.5331	0.5134	0.4600	0.4327	0.5051	0.5035	0.4716	0.4896	0.4261	0.4130	0.4574	0.4731
0.5644	0.5497	0.4857	0.4917	0.5907	0.4756	0.4791	0.5333	0.5331	0.4843	0.4600	0.5620	0.5051	0.5035	0.4716	0.4896	0.4261	0.4941	0.4574	0.4731
0.5644	0.5497	0.4796	0.4917	0.5907	0.4756	0.4791	0.5086	0.4389	0.5201	0.4525	0.4686	0.5051	0.5006	0.4716	0.4896	0.4261	0.5335	0.5380	0.4731
0.5644	0.5497	0.5843	0.4917	0.5087	0.4756	0.4437	0.5281	0.4389	0.5201	0.4525	0.5187	0.5051	0.4874	0.4716	0.4896	0.4261	0.5458	0.5625	0.4731
0.5644	0.5215	0.4539	0.4917	0.5539	0.4600	0.4437	0.4836	0.4389	0.5630	0.4525	0.5187	0.5051	0.4874	0.4825	0.4896	0.4560	0.4752	0.5162	0.4731
0.4163	0.5215	0.4539	0.4917	0.5539	0.4530	0.5427	0.4374	0.4389	0.5630	0.5554	0.5187	0.5344	0.4874	0.4825	0.4896	0.4560	0.4752	0.5162	0.4731
0.4163	0.5215	0.5016	0.5210	0.5539	0.5170	0.5427	0.4374	0.4389	0.4538	0.5554	0.5187	0.5344	0.4874	0.4975	0.4896	0.4560	0.5154	0.5162	0.4731
0.4874	0.5215	0.5016	0.5046	0.5338	0.5170	0.5118	0.4863	0.4694	0.4538	0.5554	0.5187	0.5344	0.5046	0.4975	0.4896	0.4125	0.5154	0.5162	0.4731
0.4642	0.5458	0.5016	0.5046	0.5338	0.5325	0.5078	0.4863	0.5545	0.4819	0.5554	0.5187	0.5344	0.5046	0.4975	0.4896	0.4713	0.5154	0.5162	0.5146
0.4642	0.5458	0.5016	0.5046	0.5044	0.5325	0.5078	0.4549	0.5898	0.4819	0.5324	0.5187	0.5344	0.5046	0.4969	0.4896	0.4713	0.5154	0.5034	0.5146
0.4642	0.5458	0.5016	0.5046	0.5044	0.5325	0.5010	0.4549	0.5898	0.4819	0.5324	0.5187	0.5344	0.5046	0.4885	0.4896	0.4713	0.5154	0.5034	0.5146
0.4642	0.4740	0.4347	0.5046	0.5044	0.5325	0.5010	0.4549	0.4145	0.4819	0.5324	0.5187	0.5344	0.4376	0.4885	0.4896	0.4713	0.5154	0.5034	0.5146
0.4642	0.4740	0.4324	0.4412	0.5044	0.5325	0.5010	0.5350	0.4145	0.4819	0.5324	0.4465	0.5344	0.4376	0.5472	0.4896	0.4986	0.5154	0.5034	0.5701
0.4642	0.4740	0.4324	0.4784	0.5044	0.3927	0.5010	0.5350	0.4145	0.4819	0.5324	0.4465	0.5344	0.5079	0.4445	0.4896	0.4986	0.5154	0.5034	0.5701
0.4642	0.4740	0.4324	0.4784	0.5044	0.5022	0.5010	0.5350	0.4145	0.4819	0.4720	0.4962	0.5344	0.5079	0.4445	0.4896	0.4986	0.5403	0.5034	0.4895
0.4642	0.4740	0.4324	0.4784	0.5044	0.5022	0.5010	0.5350	0.5625	0.4819	0.4979	0.6050	0.5344	0.5079	0.4445	0.4896	0.4986	0.5050	0.4952	0.4895
0.5374	0.4740	0.5184	0.4784	0.5044	0.5022	0.5010	0.5350	0.5625	0.5126	0.4979	0.4216	0.5344	0.5079	0.4948	0.4892	0.4274	0.5050	0.4952	0.4895
0.5374	0.4740	0.5184	0.4784	0.5044	0.5022	0.5010	0.5350	0.4641	0.5126	0.5159	0.4659	0.5113	0.5038	0.4948	0.4892	0.4274	0.5050	0.4329	0.4895
0.5374	0.4740	0.5184	0.4784	0.5044	0.5022	0.5010	0.5350	0.4641	0.5126	0.5159	0.4968	0.5113	0.5208	0.4948	0.4892	0.4274	0.5050	0.4329	0.4895
0.5374	0.4740	0.5184	0.4784	0.5044	0.5022	0.5010	0.5350	0.4641	0.5126	0.5159	0.4968	0.5113	0.5208	0.5102	0.4892	0.4274	0.5050	0.4176	0.4895
0.5374	0.4740	0.5184	0.4784	0.5044	0.4519	0.5010	0.5350	0.4641	0.5126	0.5159	0.5660	0.5113	0.5016	0.5102	0.4892	0.4274	0.5050	0.4176	0.4895
0.4277	0.4740	0.5184	0.5034	0.5044	0.4519	0.5010	0.5350	0.4641	0.5126	0.5159	0.5660	0.5113	0.5016	0.5102	0.4892	0.4274	0.5050	0.4176	0.4895
0.4277	0.4740	0.5184	0.5034	0.5044	0.4519	0.5010	0.5350	0.5377	0.5126	0.5159	0.5660	0.5113	0.5016	0.4763	0.4892	0.4274	0.5050	0.4119	0.4895
0.4160	0.4740	0.5184	0.5034	0.5044	0.4963	0.5010	0.5350	0.5126	0.5126	0.4530	0.5660	0.5113	0.5016	0.4763	0.4892	0.4274	0.5050	0.4119	0.4895
0.4160	0.4740	0.5184	0.5034	0.5251	0.4963	0.5157	0.4592	0.5126	0.5126	0.4530	0.4622	0.5113	0.5016	0.4763	0.4892	0.5422	0.5050	0.4119	0.4895
0.4160	0.4740	0.5184	0.5034	0.5251	0.4963	0.4458	0.4592	0.5126	0.5126	0.4530	0.4622	0.5113	0.5016	0.4957	0.4892	0.5422	0.5050	0.4119	0.4763
0.4160	0.4740	0.5184	0.5034	0.5251	0.4963	0.4458	0.5099	0.5126	0.5126	0.4530	0.4622	0.5113	0.5257	0.4957	0.4892	0.5422	0.5727	0.4119	0.4763
0.4160	0.4740	0.5184	0.5034	0.5251	0.4963	0.4458	0.5099	0.5126	0.5126	0.4530	0.4622	0.5113	0.5257	0.4957	0.5103	0.5422	0.5727	0.4712	0.4763
0.4466	0.4740	0.5184	0.5034	0.5251	0.4963	0.4456	0.5099	0.5126	0.5126	0.4530	0.4622	0.5113	0.5257	0.4957	0.5103	0.5680	0.5727	0.4712	0.4763
0.5313	0.4740	0.5184	0.5034	0.5251	0.4963	0.4456	0.4969	0.5126	0.5126	0.4530	0.4622	0.5113	0.5257	0.4957	0.5103	0.5680	0.5727	0.4747	0.4763
0.5313	0.4740	0.5184	0.5034	0.5251	0.4963	0.4570	0.4969	0.5126	0.5126	0.4530	0.4622	0.5113	0.5225	0.4957	0.5103	0.5680	0.5486	0.4761	0.4763
0.5313	0.4740	0.5184	0.5034	0.5251	0.4963	0.4570	0.5100	0.5126	0.5126	0.4530	0.4588	0.5113	0.5225	0.4957	0.5103	0.5272	0.5486	0.4761	0.4763
0.5313	0.4740	0.5184	0.5034	0.5251	0.4963	0.4570	0.5100	0.5126	0.5126	0.4530	0.4588	0.5113	0.5225	0.4957	0.5103	0.5272	0.5486	0.4761	0.4763
0.5324	0.5388	0.4627	0.5034	0.5251	0.4963	0.4570	0.5413	0.5126	0.5126	0.4530	0.4588	0.4516	0.5225	0.4957	0.5103	0.5272	0.5486	0.4761	0.4763
