0.9406	0.8767	0.7693	0.7219	0.1996	0.7311	0.9706	0.4220	0.6353	0.4953	0.3113	0.1075	0.8507	0.4118	0.0149	0.4051	0.5237	0.9033	0.5614	0.7963
0.3336	0.3082	0.7737	1.0000	0.3160	0.3120	0.1006	0.0000	0.3113	0.5671	0.2423	0.0000	0.0583	0.2563	1.0000	0.4137	0.3216	0.7570	0.7651	0.6805
0.2189	0.3285	0.2984	0.3707	0.6069	0.5800	0.6022	0.6551	0.6892	0.5868	0.0000	0.3375	0.6882	1.0000	0.4799	0.8614	0.3862	0.6897	1.0000	0.1664
1.0000	0.3285	0.8934	0.8173	0.5003	0.5230	0.6022	0.7729	0.0000	0.1953	0.4864	0.0000	0.6882	0.5667	0.4799	1.0000	0.6184	0.4844	0.0000	0.1885
0.0000	0.3285	0.4805	0.4236	0.5003	0.0000	0.5994	0.7729	0.8610	0.6091	0.5011	0.8128	0.4214	0.0886	0.4799	1.0000	0.4389	1.0000	0.7456	0.7216
0.0000	0.3285	0.4290	0.3226	0.0000	0.4059	0.5851	0.5014	0.0000	0.1209	0.5011	0.7468	0.3193	0.5089	0.4799	1.0000	0.4641	0.0000	0.5136	0.1134
1.0000	0.3285	0.5990	0.0000	0.7397	0.4993	0.4147	0.5014	0.5066	0.5121	0.5011	0.6000	0.3193	0.5453	0.5021	0.7913	1.0000	0.3161	0.4923	0.5439
0.0000	0.3285	0.4837	0.5914	0.6164	0.6296	0.4147	0.4246	0.4470	0.5068	0.5011	0.5036	0.4201	0.2972	0.5000	0.5783	0.5152	0.0000	0.0000	0.0000
0.0000	0.3285	0.7207	0.8122	0.1610	0.1337	0.4147	0.4246	0.3918	0.5068	0.5848	0.5036	0.4201	0.3158	0.5000	0.6879	0.5971	0.4950	0.1514	0.0000
0.5812	0.3285	0.6077	0.4362	0.4427	0.6961	0.4147	0.4246	0.2207	0.5001	0.5848	0.5036	0.4201	0.3158	0.5246	0.0834	0.0000	0.8715	0.3616	0.5043
0.6044	0.3285	0.2616	0.0000	1.0000	0.5131	0.4147	0.4246	0.4747	0.5001	0.5848	0.5036	0.6679	0.0000	0.4159	0.5702	0.4941	0.4040	0.3238	0.4206
0.3145	0.3285	0.4984	0.4135	0.5642	0.8950	0.4147	0.4246	0.6838	0.5001	0.5848	0.5036	0.3640	0.3107	0.7786	0.2980	1.0000	0.4040	0.3965	0.4206
0.6959	0.3175	0.4924	0.4970	0.5784	0.7948	0.4147	0.5079	0.0000	0.5001	0.5848	0.5036	0.2164	0.4205	0.5619	0.3112	0.7364	0.4040	0.7927	0.5872
0.0197	0.3175	0.4924	0.4970	0.5784	0.6716	0.4147	0.5079	0.3075	0.5001	0.5816	0.5036	0.6881	0.3815	0.4109	0.2843	0.0000	0.4040	0.5671	0.5743
0.4031	0.3175	0.4924	0.4970	0.3235	0.6768	0.4147	0.5873	0.1486	0.5001	0.5816	0.5036	0.0000	0.7546	1.0000	0.3130	0.7748	0.4040	0.3950	0.5743
0.6068	0.3175	0.4924	0.4970	0.4080	0.4990	0.4147	0.3350	0.8424	0.5001	0.5816	0.5999	0.5963	0.8438	0.7695	0.4155	0.8344	0.4040	0.3950	0.5002
0.4258	0.3175	0.4924	0.4970	0.4896	0.4990	0.4147	0.2386	0.6169	0.5001	0.5816	0.2257	0.3894	0.4112	1.0000	0.4155	0.0000	0.4040	0.5168	0.5002
0.3193	0.3175	0.4924	0.4970	0.4896	0.9310	0.4147	0.2267	0.4402	0.5001	0.5816	0.8579	0.9402	0.4558	0.0000	0.4106	0.6001	0.4040	0.3331	0.5002
0.0000	0.4878	0.4085	0.4970	0.4896	0.6840	0.4147	0.2267	1.0000	0.5001	0.5816	0.3036	0.5689	0.7878	0.0369	0.4106	0.0000	0.4040	0.7490	0.5002
0.0000	0.4878	0.0000	0.4970	0.3256	1.0000	0.4147	0.2267	0.5919	0.5001	0.5816	0.4999	0.4945	0.5974	0.3172	0.4106	0.5018	0.4040	0.7836	0.0754
0.7675	0.4878	0.6327	0.4970	0.3256	0.0000	0.4147	0.3145	0.4913	0.5001	0.5816	0.4999	0.4945	0.5020	0.7717	0.4106	0.5052	0.4040	0.4844	1.0000
0.5756	0.5980	0.5051	0.5003	0.4233	0.5416	0.4147	0.2354	0.4913	0.5001	0.5816	0.4999	0.4945	0.5020	0.8148	0.4106	0.5052	0.4040	0.4161	0.4860
0.0000	0.5980	0.3016	0.5003	0.4233	0.0974	0.4147	0.6091	0.4913	0.5001	0.5816	0.4999	0.4945	0.4354	0.4950	0.4106	0.4131	0.4040	0.4161	0.5104
0.8779	0.5980	0.1719	0.5003	0.4127	0.5076	0.4147	0.6091	0.3050	0.4184	0.5816	0.5970	0.4945	0.5834	0.0000	0.4106	0.4131	0.4040	0.4161	1.0000
0.6197	0.5980	0.5051	0.5003	0.4127	0.5076	0.6824	0.6091	0.2217	0.4184	0.5816	0.5970	0.4945	1.0000	1.0000	0.4106	0.5743	0.4040	0.5840	0.4062
0.5018	0.5980	0.6650	0.6063	0.4127	0.6060	0.6824	0.5958	0.5909	0.4184	0.5816	0.4250	0.4945	0.7796	0.3269	0.4948	0.3222	0.4040	0.5840	0.7649
0.5018	0.5980	0.6880	0.3805	0.4127	0.5049	0.5952	0.4911	0.5909	0.4184	0.5816	0.4984	0.4945	0.4819	0.3269	0.4948	0.3222	0.4040	0.4118	0.7649
0.5018	0.5980	0.6880	0.5797	0.4127	0.4084	0.5952	0.4911	0.5909	0.4184	0.6834	0.4984	0.4945	0.4819	0.4183	0.4948	0.5939	0.4040	0.4118	0.5085
0.5018	0.5980	0.5918	0.6032	0.4127	0.5900	0.5952	0.4911	0.5909	0.4184	0.6840	0.4984	0.4945	0.2981	0.4183	0.4948	0.7615	0.4040	0.4118	0.4047
0.5018	0.5980	0.5918	0.6032	0.4127	0.5900	0.5952	0.4976	0.5909	0.4185	0.6840	0.4984	0.4945	0.7946	0.3944	0.4948	0.5999	0.4040	0.4118	0.4047
0.5018	0.5980	0.5918	0.6032	0.4127	0.3122	0.5952	0.4976	0.5909	0.4185	0.5013	0.4984	0.4945	0.6774	0.3944	0.4948	0.3418	0.4040	0.4118	0.4047
0.5018	0.5980	0.5918	0.6032	0.4989	0.3122	0.5952	0.4976	0.5909	0.4185	0.5013	0.4984	0.3174	0.5062	0.3944	0.4948	0.5859	0.4040	0.5895	0.4047
0.5018	0.5980	0.5918	0.6032	0.4989	0.3122	0.5952	0.4976	0.5909	0.4185	0.5013	0.4984	0.7761	0.5062	0.3944	0.4948	0.5859	0.4040	0.4943	0.4047
0.5018	0.5980	0.5918	0.6032	0.4989	0.3122	0.5952	0.4976	0.5909	0.4185	0.5013	0.4984	0.4080	0.5062	0.3944	0.4948	0.2404	0.4040	0.4999	0.4047
0.5018	0.5980	0.5918	0.6032	0.4989	0.3122	0.5952	0.4976	0.5909	0.4185	0.5013	0.4984	0.4080	0.5062	0.3944	0.4948	0.2404	0.4040	0.4999	0.4047
0.5018	0.5980	0.5918	0.6032	0.4989	0.3122	0.5952	0.4976	0.5909	0.4185	0.5013	0.4984	0.4080	0.5062	0.3944	0.4948	0.2761	0.4040	0.4999	0.4047
0.5018	0.5980	0.5918	0.6046	0.4989	0.3122	0.5952	0.4976	0.5909	0.4879	0.5013	0.4984	0.4080	0.5062	0.3944	0.5951	0.5762	0.4040	0.4999	0.4047
0.5018	0.5980	0.5918	0.6046	0.4989	0.2175	0.5952	0.4976	0.5909	0.4879	0.5013	0.3176	0.4293	0.5062	0.3944	0.5951	0.5762	0.4040	0.4999	0.4071
0.5018	0.5980	0.5918	0.6046	0.4989	0.5181	0.5952	0.4976	0.5909	0.4879	0.5013	0.3176	0.4293	0.5062	0.3944	0.5951	0.2328	0.4040	0.4999	0.4071
0.5018	0.5980	0.5918	0.6046	0.4989	0.5661	0.5952	0.4976	0.5909	0.4879	0.5013	0.3176	0.4293	0.5062	0.3944	0.5951	0.4877	0.4040	0.5037	0.4071
0.5018	0.5980	0.5918	0.6046	0.4989	0.5974	0.5952	0.4976	0.5909	0.4879	0.5013	0.3176	0.4293	0.5062	0.3944	0.5951	0.4877	0.4040	0.5037	0.4071
0.5018	0.5980	0.5918	0.6046	0.4989	0.6827	0.5952	0.4976	0.5909	0.4879	0.5013	0.3176	0.4095	0.4991	0.3944	0.5951	0.4877	0.4040	0.5037	0.4071
0.5018	0.5980	0.5918	0.6046	0.4989	0.6086	0.5952	0.4976	0.5909	0.4879	0.5013	0.3176	0.4095	0.3164	0.4077	0.5951	0.5000	0.4040	0.5037	0.4071
0.5018	0.5980	0.5918	0.6046	0.4989	0.6086	0.5952	0.4976	0.5909	0.4879	0.5013	0.3176	0.4095	0.3164	0.4077	0.5951	0.5000	0.4040	0.5027	0.4071
0.4959	0.5980	0.5918	0.6046	0.4989	0.5749	0.5952	0.4976	0.5909	0.4879	0.5013	0.3176	0.4095	0.3164	0.4077	0.5951	0.5000	0.4040	0.5027	0.4071
0.5030	0.5980	0.5918	0.6046	0.4989	0.5749	0.5952	0.4976	0.5909	0.3970	0.5013	0.3176	0.4095	0.3967	0.4077	0.5951	0.5000	0.5793	0.5027	0.4071
0.5030	0.4990	0.5918	0.6046	0.4989	0.6026	0.5952	0.5788	0.5909	0.3970	0.5013	0.5772	0.4095	0.3967	0.4077	0.5951	0.5000	0.5793	0.5027	0.4071
0.5030	0.4990	0.5918	0.6046	0.4989	0.6026	0.5952	0.5788	0.5909	0.3970	0.5013	0.5772	0.4095	0.3967	0.4077	0.5951	0.5000	0.4133	0.5027	0.4071
0.5030	0.4990	0.5918	0.6046	0.4989	0.3188	0.5952	0.5788	0.5909	0.3970	0.5013	0.5772	0.4095	0.3967	0.4077	0.5951	0.5000	0.4063	0.5027	0.4071
0.5030	0.4990	0.5918	0.5917	0.4989	0.6988	0.5952	0.5788	0.5909	0.3970	0.5013	0.4112	0.4095	0.3967	0.5795	0.5951	0.5967	0.4063	0.5027	0.4071
0.5030	0.4990	0.5918	0.5917	0.4989	0.4009	0.5952	0.5788	0.5909	0.3970	0.5013	0.4112	0.4095	0.3967	0.5795	0.5951	0.5967	0.5849	0.5027	0.4071
0.5030	0.4990	0.5918	0.5881	0.4989	0.7689	0.5952	0.5788	0.5909	0.3970	0.5013	0.4112	0.4095	0.3967	0.4916	0.5951	0.5967	0.5849	0.5014	0.4071
0.5068	0.4990	0.5918	0.5881	0.4989	0.3008	0.5952	0.5788	0.5909	0.5895	0.5013	0.4112	0.4095	0.3967	0.6013	0.5951	0.5967	0.5849	0.5014	0.4071
0.5068	0.4990	0.5918	0.5881	0.4989	0.3008	0.5952	0.5788	0.5909	0.5895	0.5013	0.4112	0.4095	0.3967	0.6013	0.5951	0.5967	0.5849	0.5014	0.4071
0.5068	0.4990	0.5918	0.5881	0.4989	0.6940	0.5952	0.5788	0.5909	0.5895	0.5013	0.4112	0.4095	0.3967	0.6013	0.5951	0.5967	0.5917	0.5014	0.4071
0.5068	0.4990	0.5918	0.6015	0.4989	0.4907	0.5952	0.5788	0.5909	0.5895	0.5013	0.4112	0.4095	0.4976	0.6013	0.5951	0.5967	0.5917	0.5014	0.4071
0.5068	0.4990	0.5918	0.6015	0.4989	0.4907	0.5952	0.5788	0.5909	0.5895	0.5013	0.3278	0.4095	0.4976	0.6013	0.5951	0.5967	0.5917	0.5014	0.4071
0.5068	0.4990	0.5918	0.5901	0.4989	0.4907	0.5952	0.5788	0.5909	0.5895	0.5013	0.3278	0.4095	0.4976	0.6013	0.5951	0.5972	0.5917	0.5014	0.4071
0.5068	0.4990	0.5918	0.5901	0.4989	0.4907	0.5952	0.5788	0.5084	0.5895	0.5013	0.3278	0.4095	0.4976	0.6013	0.5951	0.5972	0.5917	0.5014	0.4071
0.5068	0.4990	0.5918	0.5901	0.4989	0.4907	0.5952	0.5788	0.5084	0.5895	0.5013	0.3278	0.4095	0.4976	0.6013	0.5951	0.5972	0.5917	0.5014	0.4071
0.5068	0.4990	0.5918	0.5901	0.4989	0.4907	0.5952	0.5788	0.5084	0.5895	0.5013	0.3278	0.4095	0.4976	0.6013	0.5951	0.5972	0.5917	0.5014	0.4071
0.5068	0.4990	0.5918	0.5901	0.4989	0.5760	0.5952	0.5788	0.5084	0.5895	0.5013	0.3278	0.4095	0.4976	0.6013	0.5951	0.5972	0.5917	0.5014	0.4071
0.5068	0.4990	0.5918	0.5901	0.4989	0.4961	0.5952	0.5788	0.5084	0.5895	0.5013	0.3257	0.4095	0.4976	0.6013	0.5951	0.5972	0.4085	0.5014	0.4957
0.5068	0.4990	0.5918	0.6000	0.4989	0.4971	0.5952	0.5788	0.5084	0.4944	0.5013	0.3257	0.4095	0.4976	0.6013	0.5951	0.5972	0.4085	0.5014	0.4957
0.5068	0.4990	0.5918	0.6000	0.4989	0.4039	0.5952	0.5788	0.5084	0.4944	0.5013	0.3257	0.4095	0.4976	0.6013	0.5951	0.5972	0.4085	0.5014	0.4957
0.5068	0.4990	0.5918	0.6000	0.4989	0.4039	0.5952	0.5788	0.5084	0.4944	0.5013	0.3257	0.4095	0.4976	0.6013	0.5951	0.5972	0.4085	0.5014	0.4957
0.5068	0.4990	0.5918	0.6000	0.4989	0.4039	0.5952	0.5788	0.5084	0.4944	0.5013	0.3257	0.4095	0.4976	0.6013	0.5951	0.5972	0.4085	0.5014	0.4957
0.5068	0.4990	0.4962	0.6000	0.4989	0.4039	0.5952	0.5788	0.5084	0.4944	0.5013	0.3257	0.4095	0.4976	0.6013	0.5951	0.5972	0.4903	0.5014	0.4957
0.5068	0.4990	0.4962	0.6000	0.4989	0.4039	0.4974	0.5788	0.5084	0.4944	0.5013	0.3257	0.4095	0.4976	0.6013	0.5951	0.5972	0.4903	0.5014	0.4957
0.5068	0.4990	0.4962	0.6000	0.4989	0.4039	0.4974	0.5788	0.5084	0.4944	0.5013	0.4939	0.4095	0.4988	0.6013	0.6003	0.5972	0.4903	0.5014	0.4957
0.5068	0.4990	0.4962	0.6000	0.4989	0.4039	0.4974	0.5788	0.5084	0.4944	0.5013	0.4939	0.4095	0.4988	0.6013	0.6003	0.5972	0.4903	0.5014	0.4957
0.5068	0.4990	0.4962	0.6000	0.4989	0.4039	0.4974	0.5788	0.5084	0.4944	0.5013	0.4939	0.4095	0.4988	0.6013	0.6003	0.5972	0.4903	0.5014	0.4957
0.5068	0.4990	0.4962	0.6000	0.4989	0.4039	0.4974	0.5788	0.5084	0.4944	0.5013	0.4939	0.4095	0.4988	0.6013	0.6003	0.5972	0.4903	0.5014	0.4957
0.5068	0.4990	0.4962	0.6000	0.4989	0.4039	0.4974	0.5788	0.5084	0.4944	0.5013	0.4939	0.4095	0.4988	0.6013	0.6003	0.5972	0.4903	0.5014	0.4957
0.5930	0.4990	0.4962	0.6000	0.4989	0.4039	0.4974	0.5788	0.5084	0.4944	0.5013	0.4939	0.4095	0.4988	0.5884	0.6003	0.5972	0.4903	0.5014	0.4957
0.5930	0.4990	0.4962	0.6000	0.4989	0.4039	0.4974	0.5896	0.5084	0.4944	0.5013	0.4939	0.4095	0.4988	0.5884	0.6003	0.5972	0.4903	0.5014	0.4957
0.5930	0.4990	0.4962	0.6000	0.5016	0.4039	0.4974	0.5896	0.5084	0.4944	0.5013	0.4939	0.4095	0.4988	0.5884	0.6003	0.5972	0.4903	0.5014	0.4957
0.5930	0.4990	0.4962	0.6000	0.5016	0.4039	0.4974	0.5896	0.5084	0.4944	0.5013	0.4939	0.4095	0.4988	0.4968	0.6003	0.5972	0.4903	0.5014	0.4957
0.5930	0.4990	0.4962	0.6000	0.5016	0.4039	0.4974	0.5896	0.5084	0.4944	0.5013	0.4939	0.4095	0.4988	0.4968	0.6003	0.5972	0.4903	0.5014	0.4957
0.5930	0.4990	0.4962	0.6000	0.5016	0.4039	0.4974	0.5896	0.5084	0.4944	0.5013	0.4939	0.4095	0.4988	0.4968	0.6003	0.5989	0.4903	0.5014	0.4957
0.5930	0.4990	0.4962	0.6000	0.5016	0.4039	0.4974	0.5896	0.5084	0.4944	0.5013	0.4939	0.4095	0.4988	0.4968	0.6003	0.5989	0.4903	0.5014	0.4957
0.5930	0.4990	0.4962	0.6000	0.5016	0.4039	0.4974	0.5896	0.5084	0.4944	0.5013	0.5103	0.4095	0.4988	0.4968	0.6003	0.5989	0.4903	0.5014	0.4957
0.5930	0.4990	0.4962	0.6000	0.5016	0.4039	0.4974	0.5896	0.5084	0.4944	0.5013	0.5103	0.4095	0.4988	0.4968	0.6003	0.4012	0.4903	0.5014	0.4957
0.5930	0.4990	0.4962	0.6000	0.5016	0.4039	0.4974	0.5896	0.5084	0.4944	0.5013	0.5103	0.4095	0.4988	0.4968	0.6003	0.4012	0.4903	0.5014	0.4957
0.5930	0.4990	0.4962	0.6000	0.5016	0.4039	0.4974	0.5896	0.5084	0.4944	0.5013	0.5103	0.4095	0.4988	0.4968	0.6003	0.4012	0.4903	0.5014	0.4957
0.5930	0.4990	0.4962	0.6000	0.5016	0.4039	0.4974	0.5896	0.5084	0.4944	0.5013	0.5103	0.4095	0.4988	0.4968	0.5108	0.4012	0.4903	0.5014	0.4957
0.5930	0.4990	0.4962	0.6000	0.5016	0.4039	0.4974	0.5896	0.5084	0.4944	0.5013	0.5103	0.4095	0.4988	0.4968	0.5108	0.4012	0.4903	0.5014	0.4957
0.5930	0.4990	0.4962	0.6000	0.5016	0.4039	0.4974	0.5896	0.5084	0.4944	0.5013	0.5103	0.4095	0.4988	0.4968	0.5108	0.4012	0.4903	0.5014	0.4957
0.5930	0.4990	0.4962	0.6000	0.5016	0.4039	0.4974	0.5896	0.5084	0.4944	0.5013	0.5103	0.4095	0.4988	0.4968	0.5108	0.4012	0.4903	0.5014	0.4957
0.5930	0.4990	0.4962	0.6000	0.5016	0.4039	0.4974	0.5896	0.5084	0.4944	0.5013	0.5103	0.4095	0.4988	0.4968	0.5108	0.4012	0.4903	0.5014	0.4957
0.5930	0.4990	0.4962	0.6000	0.5016	0.4039	0.4974	0.5896	0.5084	0.4944	0.5013	0.4973	0.4095	0.4988	0.4968	0.5108	0.4012	0.4903	0.5014	0.4957
0.5930	0.4990	0.4962	0.6000	0.5016	0.4039	0.4974	0.5896	0.5084	0.4968	0.5013	0.4973	0.4095	0.4988	0.4968	0.5108	0.4012	0.4903	0.5014	0.4957
0.5930	0.4990	0.4962	0.6000	0.5016	0.4039	0.4974	0.5896	0.5084	0.4968	0.5013	0.4973	0.4095	0.4988	0.4968	0.5108	0.4012	0.4903	0.5014	0.4957
0.5930	0.4990	0.4962	0.6000	0.5016	0.4039	0.4974	0.5896	0.5084	0.4968	0.5013	0.4973	0.4095	0.4988	0.4968	0.4940	0.4012	0.4903	0.5014	0.4957
0.5930	0.4990	0.4962	0.6000	0.5016	0.4039	0.4974	0.5896	0.5084	0.4968	0.5013	0.4973	0.4095	0.4988	0.4968	0.4940	0.4012	0.4903	0.5014	0.4957
0.5930	0.4990	0.4962	0.6000	0.5016	0.5901	0.4974	0.5896	0.5084	0.4968	0.5013	0.4973	0.4095	0.4988	0.4968	0.4940	0.4012	0.4903	0.5014	0.4957
0.5930	0.4990	0.4962	0.6000	0.5016	0.5901	0.4974	0.5896	0.5024	0.4968	0.5013	0.4973	0.4095	0.4988	0.4968	0.4940	0.4012	0.4903	0.5014	0.4957
0.5930	0.4990	0.4962	0.6000	0.5016	0.5901	0.4974	0.5896	0.5024	0.4968	0.5013	0.4973	0.5827	0.4988	0.4968	0.4940	0.4012	0.4903	0.5014	0.4957
0.5930	0.4990	0.4962	0.6000	0.5016	0.5901	0.4974	0.5896	0.5024	0.4968	0.5013	0.4973	0.5827	0.4988	0.4968	0.4940	0.4012	0.4903	0.5014	0.4957
0.4104	0.4990	0.4164	0.6000	0.5016	0.5901	0.4974	0.5896	0.5024	0.4968	0.5013	0.4973	0.5827	0.4988	0.4968	0.4940	0.4048	0.4903	0.5014	0.4957
0.4104	0.4990	0.4164	0.6000	0.5016	0.5901	0.4974	0.5896	0.5078	0.4968	0.5013	0.4973	0.5827	0.4988	0.4968	0.4940	0.4048	0.4903	0.5014	0.4957
