0.6289	0.8637	0.4495	0.0754	0.2838	0.4519	0.3375	0.2469	0.5907	0.4134	0.8400	0.2610	0.2598	0.6124	0.7801	0.3180	0.1512	0.0325	0.2625	0.7927
0.0000	0.8717	1.0000	0.4662	0.7061	0.7443	1.0000	0.1985	0.5504	0.6074	0.0000	0.8041	0.0005	0.6051	0.4462	0.8602	0.1971	0.2503	0.1201	0.6562
0.3191	0.5237	1.0000	0.5112	0.3203	0.0001	0.0000	0.7471	0.0000	0.3064	0.1661	0.4815	0.4133	0.5767	0.6330	0.3268	0.4468	0.7316	0.5218	0.4909
0.7310	0.7741	0.0000	0.0000	0.4737	0.0000	0.7203	0.4738	0.3553	0.4402	0.0422	0.0000	0.3462	0.2282	0.6012	0.3899	0.6131	0.4835	1.0000	0.4909
0.0968	0.7711	0.0000	0.6124	0.2798	1.0000	0.3752	0.4966	0.6423	0.5038	0.1992	0.6698	0.3857	1.0000	1.0000	0.4666	0.5201	0.4835	0.3619	0.6014
0.0000	0.9898	0.0000	0.1425	0.6141	0.3455	0.5447	0.2692	0.4569	0.0000	0.3361	0.3339	0.6383	0.5167	0.4573	0.2764	0.4948	0.0000	0.0000	0.2197
0.8343	0.0000	0.9845	0.1140	0.1655	0.6045	0.1425	0.3735	0.6827	0.9326	0.0416	0.5585	0.0000	0.4616	0.4935	0.7056	0.6573	1.0000	0.5407	0.7022
0.5832	0.4691	1.0000	1.0000	0.6139	0.8960	0.1129	0.0000	1.0000	0.4830	0.2838	0.5907	0.0000	0.3993	0.3272	0.5318	0.4320	0.3617	0.5045	1.0000
1.0000	0.5600	0.2027	0.3728	0.2310	0.8790	0.6288	0.0000	0.0000	0.6243	1.0000	0.8349	0.5699	0.2363	0.0000	0.4556	0.4360	1.0000	0.4124	0.7003
0.3234	0.4698	0.0000	0.2968	0.5111	0.7047	0.0324	0.8778	0.5336	1.0000	0.5679	0.4324	0.2284	0.0000	1.0000	0.0000	0.6155	0.4408	0.0000	1.0000
0.7615	0.6394	0.6922	0.2480	0.8823	0.5046	0.5261	0.5207	0.6578	0.4981	0.4578	0.5362	0.4576	0.7667	0.5625	0.7427	0.6523	0.4501	0.4671	0.0000
0.5609	0.5707	0.6693	1.0000	0.0000	0.5769	0.7437	0.6341	0.3649	1.0000	0.3905	0.6345	0.4252	0.5339	0.5376	0.4223	0.4229	0.4501	0.7603	0.5141
0.4805	0.0000	0.6573	0.6030	0.0000	0.5769	0.5020	0.6228	0.0000	0.6643	0.6959	0.9001	0.5238	0.4705	0.5412	1.0000	0.1871	0.0333	0.5175	0.2135
0.4338	0.8763	0.0000	0.6030	0.5833	0.2737	0.0000	0.5119	0.4315	0.5516	0.5210	0.6410	0.0000	0.7543	0.5837	0.0000	1.0000	0.9533	0.0000	0.4531
0.0647	0.3930	0.6893	1.0000	0.3548	0.2942	1.0000	0.5524	0.4085	0.4450	0.5210	0.0651	0.6502	0.4779	0.3967	0.4338	0.3609	0.6058	0.5918	0.5226
0.2748	0.0000	0.5351	0.4105	0.0000	0.6341	0.4651	0.5142	0.0000	0.4227	0.4708	0.7312	0.3935	0.5743	0.3343	0.5060	0.7156	0.3791	1.0000	0.5226
0.5660	0.4298	0.6338	0.6009	0.4977	0.4308	0.4867	0.1022	0.5062	0.8756	0.6096	0.5972	0.7474	0.7322	0.0455	0.5060	0.0000	0.5769	0.4565	0.5226
0.5648	0.4593	0.3986	0.6009	0.0000	0.5284	0.5709	0.3818	0.0935	0.5289	0.0000	0.7601	0.8170	0.0000	0.4939	0.4166	0.6485	0.6108	0.8340	0.4964
0.4974	1.0000	0.9945	0.6009	0.7804	0.6665	0.1914	0.6246	0.5909	0.5289	0.6104	1.0000	0.6094	0.5606	0.0316	0.3663	0.5721	0.3610	0.3697	0.4924
0.4974	0.3759	0.5551	0.3451	0.5762	0.6032	0.5048	0.0000	0.4092	0.4879	0.0000	0.3960	0.4319	0.7076	0.4737	0.4747	0.8636	0.2636	0.3089	0.4924
0.4974	0.5004	0.4394	0.5224	0.5138	0.4509	0.5405	0.4083	0.2925	0.4879	0.3852	0.6807	0.6405	0.4737	0.4932	0.6494	0.5375	0.4631	0.4786	0.4924
0.4974	0.4547	0.5732	0.5224	0.4198	0.4988	0.3908	0.5848	0.5303	0.4879	0.6036	0.4531	0.7333	0.6099	0.5118	0.5091	0.3289	0.3745	0.5107	0.4924
0.4833	0.7046	0.3315	0.4903	0.4963	0.3014	0.6529	0.6048	0.4336	0.4200	0.3458	0.3931	0.7105	0.4960	0.3260	0.5946	0.4005	0.7150	0.5107	0.5616
0.4526	0.6175	1.0000	0.6044	0.5112	0.4320	0.5635	0.8365	1.0000	0.5486	0.4715	0.6425	0.6626	0.5030	0.0848	1.0000	1.0000	0.6194	0.5107	0.5616
0.8201	0.6326	0.5031	0.0000	0.7278	0.4813	0.4974	0.4707	0.5701	0.6038	0.3370	0.0000	0.6234	0.5621	0.4775	0.3559	0.0521	0.4798	0.5107	0.5616
1.0000	0.3787	0.6261	0.6017	0.4670	0.5100	0.5423	0.4978	0.5701	0.6271	0.5277	0.2958	0.5093	0.5621	0.4371	0.3757	0.3573	0.1421	0.4482	0.5091
0.6495	0.4552	0.4271	0.3469	0.7420	0.5490	0.6480	0.4978	0.5277	0.6792	0.5617	0.8155	0.3894	0.5586	0.6702	0.5467	0.4204	0.2570	0.7317	0.5091
1.0000	0.4552	0.6764	0.0916	0.4085	0.5490	0.1352	0.3957	0.4724	0.4499	0.6923	0.6301	1.0000	0.5543	0.6329	1.0000	0.5380	0.5159	0.3570	0.4580
0.5781	0.5081	0.9599	0.3725	0.6004	0.4795	1.0000	0.4472	1.0000	0.4377	0.4815	0.5015	1.0000	0.4920	0.5619	1.0000	0.5380	0.5159	1.0000	0.4580
0.5438	0.4885	0.0000	0.4893	0.6004	0.4795	0.5653	0.3907	0.4208	0.4042	0.4815	0.4472	0.4808	0.4920	0.5619	0.4795	0.5380	0.4638	0.0000	0.4580
0.4442	0.3879	0.6239	0.4503	0.5620	0.5413	0.4929	0.3769	0.5036	0.4659	0.4617	0.9861	0.4179	0.4920	0.3802	0.6622	0.5491	0.4638	0.1918	0.5844
0.4126	1.0000	0.4554	0.5990	0.5476	0.3829	0.6891	0.4715	0.4625	0.4735	0.5090	0.2259	0.4266	0.4845	0.3221	0.4348	0.2745	0.4638	0.4828	0.4785
0.5537	0.4711	0.5907	0.5102	0.4513	0.5379	0.4177	0.4385	0.5394	0.5387	0.4464	0.3701	0.4433	0.4845	0.3221	0.4530	0.0000	0.7487	0.0000	0.5625
0.5813	0.4398	0.5177	0.4119	0.7184	0.4624	0.0001	0.6416	0.4876	0.5734	0.6306	0.5513	0.5165	0.6398	0.6465	0.4530	0.5486	0.5343	0.7005	0.4894
0.4483	0.5540	0.5177	0.5896	0.5952	0.4685	0.5526	0.2168	0.4876	0.5734	0.5409	0.4449	0.5165	0.3829	0.3977	0.4530	0.5757	0.4157	0.4472	0.4894
0.4585	0.0000	0.4147	0.5495	0.5876	0.5370	0.5086	0.5130	0.4177	0.5942	0.5404	0.6392	0.5161	0.5455	0.4265	0.3237	0.6662	0.5342	0.4472	0.4894
0.4926	0.4102	0.4860	0.5495	0.6036	0.5370	0.5086	0.5130	0.5273	0.4506	0.4453	0.5085	0.5161	0.5455	0.4265	0.5458	0.4429	1.0000	0.4472	0.4894
0.4953	0.3506	0.4590	0.5495	0.3797	0.5370	0.4574	0.5370	0.5299	0.4506	0.5250	0.4623	0.5607	0.5455	0.4915	0.4657	0.4429	0.5385	0.4472	0.5788
0.5365	0.4191	0.6459	0.5495	0.0000	0.4538	0.4320	0.5370	0.4785	0.5370	0.5250	0.7200	0.4796	0.5455	0.4915	0.4657	0.4314	0.6201	0.4472	0.5201
0.5365	0.4444	0.6376	0.5975	0.6171	0.5144	0.3721	0.5370	0.5799	0.4639	0.5250	0.6045	0.4796	0.5711	0.4915	0.4657	0.5733	0.6161	0.5694	0.5201
0.5365	0.4925	0.5353	0.5757	0.6171	0.4975	0.6289	0.4931	0.3785	0.6125	0.5250	0.6173	0.4882	0.5326	0.5641	0.4657	0.5733	0.3521	0.4503	0.5551
0.5363	0.5689	0.5353	0.4868	0.4313	0.4863	0.4910	0.5791	0.6018	0.4393	0.4652	0.6173	0.4882	0.5326	0.5641	0.5011	0.5733	0.5746	0.4109	0.5700
0.5363	0.5434	0.5353	0.2979	0.4313	0.4863	0.4798	0.5791	0.5406	0.4393	0.4652	0.5771	0.4687	0.5323	0.4616	0.4373	0.5228	0.5273	0.4109	0.4454
0.5363	0.4086	0.5353	0.4435	0.5482	0.4863	0.4798	0.5006	0.4423	0.4393	0.3868	0.5308	0.5421	0.4998	0.4932	0.4373	0.5228	0.5273	0.5314	0.5741
0.4932	0.4413	0.5353	0.4025	0.5971	0.5492	0.5034	0.4312	0.4704	0.4393	0.5796	0.5308	0.5023	0.6623	0.4932	0.4373	0.4526	0.4835	0.5314	0.6429
0.5502	0.4413	0.5083	0.5942	0.5971	0.5519	0.5695	0.4312	0.4704	0.5317	0.5796	0.5308	0.3863	0.4669	0.5063	0.4373	0.6338	0.5240	0.5125	0.5422
0.7233	0.4413	0.5330	0.5942	0.5971	0.5519	0.4523	0.4312	0.4704	0.4047	0.5796	0.5273	0.5348	0.3829	0.5063	0.4373	0.5218	0.5240	0.4984	0.5422
0.0362	0.5154	0.5330	0.4603	0.5971	0.5519	0.4841	0.5231	0.4704	0.4047	0.5796	0.5273	0.5348	0.5320	0.5063	0.4134	0.5218	0.5240	0.4984	0.5422
0.4998	0.5154	0.5330	0.4051	0.4861	0.4599	0.4750	0.5231	0.4215	0.5521	0.4304	0.5037	0.5085	0.5564	0.5063	0.4259	0.5218	0.5240	0.4984	0.5422
0.4998	0.5154	0.5048	0.5157	0.4254	0.4599	0.2751	0.5231	0.5494	0.5521	0.5944	0.3823	0.5085	0.5564	0.5063	0.4840	0.6270	0.5240	0.4984	0.5422
0.5247	0.4892	0.5048	0.5157	0.4952	0.4599	0.6752	0.4036	0.5494	0.4138	0.5195	0.3823	0.4840	0.4782	0.5063	0.4673	0.4838	0.5240	0.4984	0.5422
0.5247	0.4892	0.5048	0.5157	0.4952	0.4599	0.4893	0.5309	0.4702	0.3669	0.5195	0.4523	0.4840	0.4782	0.5063	0.4673	0.4902	0.5240	0.4984	0.5422
0.4318	0.5718	0.5048	0.5157	0.4952	0.4769	0.5243	0.4965	0.4702	0.3669	0.5136	0.5688	0.4848	0.6316	0.5063	0.4673	0.4902	0.5240	0.4984	0.4432
0.4318	0.4324	0.5048	0.5150	0.4849	0.4769	0.5243	0.5360	0.5330	0.5509	0.4688	0.5156	0.4848	0.5541	0.4205	0.4754	0.4902	0.5240	0.4542	0.4432
0.4318	0.4324	0.5048	0.5150	0.4849	0.4769	0.5243	0.5326	0.5330	0.5310	0.4688	0.5156	0.4848	0.5176	0.4956	0.4153	0.4902	0.5773	0.4542	0.5764
0.4318	0.5654	0.5048	0.5139	0.4849	0.4965	0.5243	0.5326	0.3816	0.5457	0.4688	0.5156	0.4848	0.5176	0.4956	0.6137	0.4902	0.5773	0.5185	0.5764
0.4318	0.5476	0.5048	0.5139	0.4849	0.4965	0.5243	0.5326	0.5094	0.4704	0.4688	0.4661	0.5396	0.3701	0.4956	0.5122	0.4902	0.3764	0.5185	0.5764
0.5323	0.5476	0.5048	0.5139	0.4849	0.4965	0.4844	0.5326	0.4695	0.4704	0.4469	0.4661	0.5396	0.5512	0.4956	0.4914	0.4806	0.3764	0.4037	0.5764
0.4635	0.5476	0.6330	0.3977	0.4849	0.4965	0.4844	0.4936	0.5086	0.4704	0.4421	0.4661	0.5396	0.3865	0.4956	0.4914	0.4806	0.3843	0.5641	0.5764
0.5025	0.5476	0.4863	0.3820	0.4849	0.4965	0.4844	0.4388	0.4898	0.4704	0.4910	0.6056	0.6180	0.4386	0.5607	0.4914	0.4806	0.3843	0.4057	0.5394
0.5025	0.5476	0.4863	0.5392	0.4849	0.4965	0.4844	0.4388	0.5221	0.4704	0.4910	0.4463	0.6180	0.4386	0.4649	0.5248	0.4972	0.4252	0.4057	0.5394
0.4980	0.5476	0.4863	0.4682	0.4849	0.4846	0.4844	0.4388	0.5221	0.4704	0.4910	0.5145	0.3565	0.4386	0.4807	0.5248	0.4972	0.4252	0.4057	0.5394
0.4980	0.5476	0.4863	0.4682	0.4849	0.4846	0.4844	0.4613	0.5221	0.5591	0.3954	0.5145	0.4759	0.4829	0.5575	0.5975	0.4972	0.4858	0.5689	0.4822
0.3346	0.5427	0.5337	0.6350	0.4849	0.4520	0.5523	0.4613	0.5300	0.3792	0.5768	0.5145	0.4759	0.4829	0.5575	0.5975	0.4972	0.4311	0.5216	0.4822
0.5810	0.5427	0.5555	0.4126	0.4984	0.4520	0.5523	0.4607	0.5300	0.3792	0.5710	0.5584	0.5278	0.4829	0.5575	0.3661	0.4609	0.4311	0.5068	0.4822
0.5792	0.5427	0.5156	0.4566	0.4984	0.5412	0.5523	0.4607	0.5300	0.4968	0.4663	0.5434	0.3681	0.5699	0.5513	0.5061	0.4783	0.5360	0.5068	0.4822
0.5480	0.5427	0.5156	0.4566	0.5217	0.5412	0.5049	0.4607	0.5204	0.4968	0.4663	0.4072	0.3681	0.4891	0.4646	0.5061	0.4783	0.5360	0.5068	0.5923
0.5480	0.5427	0.5156	0.4566	0.4847	0.5412	0.4344	0.5442	0.5204	0.4968	0.4663	0.5426	0.3681	0.4706	0.4646	0.5061	0.4494	0.5360	0.5068	0.5923
0.5424	0.5427	0.5156	0.4566	0.4701	0.5117	0.4321	0.5442	0.5204	0.4968	0.4663	0.5426	0.5898	0.4706	0.4646	0.5055	0.4494	0.5360	0.5068	0.5923
0.5424	0.5427	0.3774	0.4566	0.4701	0.5117	0.4321	0.5442	0.5392	0.4968	0.5211	0.5426	0.5607	0.4611	0.4646	0.5055	0.4785	0.5360	0.4731	0.5512
0.5424	0.5427	0.3658	0.4934	0.4701	0.5117	0.4321	0.4619	0.5392	0.4968	0.5211	0.5426	0.5607	0.4355	0.4646	0.5055	0.5516	0.4823	0.4731	0.5866
0.5512	0.5427	0.4147	0.4934	0.5293	0.5117	0.4321	0.4619	0.5392	0.4968	0.5141	0.4452	0.5607	0.4954	0.4807	0.4854	0.5516	0.4823	0.4731	0.5866
0.5512	0.5427	0.4729	0.4934	0.5293	0.4701	0.4790	0.4619	0.5392	0.4968	0.5141	0.4452	0.4486	0.4954	0.5564	0.5304	0.5516	0.4823	0.4857	0.5866
0.5512	0.5187	0.4729	0.4934	0.5293	0.4701	0.4790	0.5524	0.4663	0.4968	0.5141	0.5207	0.5533	0.4954	0.5564	0.5304	0.5516	0.4823	0.4778	0.5866
0.5512	0.4881	0.4729	0.4934	0.5293	0.4701	0.4790	0.4876	0.4922	0.4968	0.5141	0.5207	0.5533	0.4954	0.5564	0.5233	0.4396	0.5063	0.4778	0.5866
0.5512	0.4881	0.4729	0.4934	0.4520	0.4701	0.5411	0.4876	0.4922	0.4968	0.5141	0.5207	0.5533	0.4260	0.5564	0.5233	0.4396	0.5063	0.4778	0.5368
0.5512	0.4881	0.5383	0.4934	0.4520	0.4701	0.5411	0.4876	0.4922	0.4968	0.5480	0.4950	0.5533	0.4260	0.5237	0.5233	0.5103	0.5063	0.4778	0.5368
0.5512	0.4881	0.5383	0.4934	0.4778	0.4701	0.5883	0.4876	0.4922	0.4639	0.5579	0.4950	0.5533	0.4260	0.5237	0.5119	0.5103	0.5063	0.4778	0.5368
0.5512	0.4881	0.5758	0.4487	0.4778	0.4701	0.5883	0.4876	0.4922	0.4639	0.5579	0.4773	0.5288	0.4260	0.5497	0.5119	0.5103	0.5487	0.4764	0.5280
0.5512	0.4881	0.5758	0.4487	0.4778	0.4701	0.5883	0.4644	0.5060	0.4639	0.5579	0.4773	0.4978	0.5647	0.5497	0.5119	0.5103	0.5487	0.4764	0.5058
0.5512	0.4881	0.5758	0.5714	0.5379	0.4701	0.4580	0.4644	0.5060	0.4639	0.5579	0.4773	0.4978	0.5647	0.4446	0.5321	0.5103	0.4559	0.4910	0.4696
0.4880	0.4881	0.5032	0.5714	0.5379	0.4701	0.5825	0.4519	0.5298	0.4447	0.4995	0.4528	0.4978	0.5565	0.5244	0.4406	0.5103	0.4559	0.4910	0.4696
0.4880	0.4881	0.5032	0.5714	0.5379	0.4701	0.5825	0.4826	0.5298	0.4447	0.4995	0.4528	0.4978	0.5565	0.5244	0.5653	0.5103	0.4559	0.4910	0.4696
0.4880	0.4881	0.4422	0.5714	0.5379	0.4701	0.5825	0.5000	0.4446	0.4447	0.4995	0.4528	0.4401	0.5565	0.5244	0.5653	0.5103	0.4559	0.4910	0.4696
0.4880	0.4881	0.4422	0.5714	0.5379	0.4701	0.5865	0.5000	0.4446	0.5295	0.5072	0.4658	0.5485	0.5565	0.5244	0.5653	0.5103	0.4559	0.4910	0.4696
0.4880	0.4881	0.5408	0.5714	0.5379	0.4701	0.5865	0.5000	0.4446	0.4511	0.5072	0.5517	0.5659	0.5565	0.5244	0.4509	0.5103	0.4559	0.4910	0.4413
0.4880	0.4711	0.5408	0.4836	0.5379	0.4701	0.4802	0.5000	0.4446	0.4511	0.5072	0.5517	0.5659	0.5565	0.5244	0.4509	0.5103	0.4559	0.4910	0.4413
0.4880	0.4711	0.5408	0.4836	0.5379	0.4701	0.4802	0.5000	0.4446	0.5511	0.5072	0.5517	0.5659	0.5565	0.5244	0.4509	0.5166	0.4559	0.4910	0.4413
0.4634	0.4711	0.5408	0.5262	0.5379	0.4701	0.5296	0.5000	0.4446	0.5511	0.4879	0.5517	0.5684	0.5565	0.5244	0.4509	0.5166	0.4559	0.4910	0.4926
0.5645	0.4711	0.5408	0.5432	0.5379	0.5316	0.5296	0.5000	0.4446	0.5511	0.4879	0.5517	0.5684	0.5565	0.4752	0.4509	0.5108	0.5294	0.4910	0.5641
0.5645	0.4711	0.5408	0.5432	0.5379	0.5316	0.5296	0.5000	0.4446	0.5511	0.4879	0.5517	0.5611	0.5565	0.4752	0.5523	0.5937	0.5294	0.4910	0.4985
0.5645	0.4711	0.4684	0.5432	0.5379	0.5316	0.5296	0.5000	0.4446	0.5137	0.4879	0.5517	0.5611	0.5565	0.4752	0.5523	0.5481	0.5404	0.4910	0.4985
0.5645	0.4711	0.4684	0.5432	0.5379	0.5316	0.4967	0.5000	0.4446	0.5137	0.4879	0.5248	0.4597	0.5209	0.4752	0.4619	0.5481	0.5404	0.4910	0.4985
0.5645	0.4711	0.4684	0.5432	0.5379	0.5316	0.4967	0.5000	0.4990	0.5137	0.4879	0.5248	0.4415	0.4958	0.4752	0.4619	0.5481	0.5404	0.4910	0.4985
0.5532	0.4711	0.4684	0.5432	0.5317	0.5316	0.4967	0.5000	0.5200	0.5137	0.4879	0.5248	0.5619	0.5399	0.4752	0.4619	0.5481	0.5404	0.4910	0.4985
0.5532	0.4711	0.4684	0.5432	0.5664	0.5223	0.4967	0.5075	0.5200	0.5137	0.4879	0.5248	0.5619	0.5399	0.4752	0.4619	0.5256	0.5404	0.4910	0.5573
0.4641	0.5266	0.4684	0.5432	0.5664	0.5223	0.4813	0.5075	0.5204	0.5137	0.4879	0.5248	0.5619	0.4748	0.4752	0.4619	0.5256	0.5395	0.4910	0.5573
0.5203	0.5266	0.4684	0.5432	0.5664	0.5223	0.4813	0.5075	0.5204	0.5137	0.4879	0.5248	0.5619	0.4748	0.4752	0.4619	0.5256	0.4326	0.4910	0.5348
0.4748	0.5266	0.4684	0.5432	0.5664	0.5223	0.4923	0.5075	0.5204	0.5137	0.4879	0.5248	0.4944	0.4748	0.4752	0.4619	0.5056	0.4326	0.4910	0.5348
0.4748	0.5266	0.4664	0.5202	0.4581	0.4946	0.4923	0.5075	0.4540	0.5137	0.4879	0.4843	0.4944	0.4748	0.4752	0.4619	0.5056	0.4326	0.4910	0.5348
0.4748	0.5266	0.4664	0.4852	0.4581	0.4946	0.4923	0.5075	0.4940	0.4928	0.4879	0.4843	0.4944	0.4724	0.4420	0.4619	0.5004	0.4326	0.4910	0.5348
