0.6550	0.8893	0.4825	0.3447	0.1031	0.0427	0.1333	0.3664	0.7238	0.3602	0.5516	0.6360	0.7534	0.4443	0.4399	0.6491	0.6439	0.0453	0.8484	0.9286
0.0000	0.3961	0.5792	0.6185	0.4167	0.3193	0.6931	0.7404	0.6057	0.5309	0.2872	0.4810	1.0000	0.8303	0.7620	0.7478	0.4208	0.6809	0.6358	0.8010
1.0000	0.1063	0.9824	0.8124	0.2207	1.0000	0.6975	0.0000	0.4983	0.5040	0.8924	0.4810	0.4654	0.2055	0.6300	0.0000	0.0676	0.4119	0.6647	0.0000
1.0000	0.0000	0.0000	0.3502	0.0000	0.5208	0.7500	0.6764	1.0000	0.3798	0.6422	0.3795	0.4486	0.3815	0.0000	0.3777	0.4705	0.6897	0.6550	0.3657
0.6366	0.4916	0.6334	0.4761	0.4350	0.6648	0.2193	0.1648	0.0000	0.3834	0.6422	0.4849	0.2544	0.1486	0.5126	0.5322	0.6163	0.7111	0.6550	0.3582
0.7776	0.3957	0.2941	0.6515	1.0000	1.0000	0.2467	0.7703	0.6869	0.4915	0.6422	0.0419	0.2303	1.0000	0.3736	0.4738	0.5040	0.9828	1.0000	0.6769
0.7776	0.0000	1.0000	0.6605	0.4628	0.5142	0.6520	0.3534	0.1987	0.4915	0.6422	1.0000	0.6526	0.3487	0.2826	1.0000	0.5072	0.3535	0.9427	1.0000
0.2548	0.1276	0.4898	0.0861	0.7526	0.4826	0.0000	0.4913	0.8281	0.9392	0.6422	0.7801	0.2175	0.3487	0.0000	0.5057	0.5072	0.0093	0.8860	0.2450
0.6331	0.0000	0.4898	0.8994	1.0000	0.4826	0.7888	0.4913	0.3500	1.0000	0.6422	1.0000	0.6424	0.6797	0.3646	0.6824	0.5006	0.0000	0.3721	0.5470
0.2432	0.2404	0.4898	0.5888	0.5720	0.4310	0.3655	0.4913	0.6452	0.8824	0.6422	0.4921	0.6424	0.4020	0.5221	0.3485	0.5006	0.4182	0.3721	0.4140
0.3677	0.6400	0.4887	0.3238	0.6834	0.2846	0.3655	0.6123	0.6452	0.0491	0.6422	1.0000	0.3738	1.0000	1.0000	0.4843	0.5006	0.1451	0.3721	0.4228
0.3677	0.3478	0.4887	0.1959	0.6369	0.3390	0.2047	0.5981	0.3418	0.2847	0.6422	0.8333	0.5141	0.0000	0.3601	0.6365	0.3042	0.6839	0.3721	0.9099
0.3677	0.0935	0.5142	0.3295	0.6007	0.5902	0.7378	0.0320	0.6609	1.0000	0.6422	0.6497	0.5141	0.6052	0.3601	0.6365	0.7862	0.6148	0.3721	0.3685
0.3839	0.2971	0.5142	0.3295	0.0000	0.1163	0.3575	0.3488	0.3391	0.3380	0.6422	0.6119	0.5141	0.7409	0.6380	0.6215	0.7687	0.6251	0.3639	0.4742
0.6205	0.0009	0.4105	0.3696	0.8956	0.4977	1.0000	0.3488	0.3648	1.0000	0.6527	1.0000	0.5141	0.0000	0.5453	0.0714	1.0000	1.0000	0.2147	0.4775
0.7238	0.1980	0.7902	0.3537	0.3643	0.6374	0.6166	0.3488	0.3648	0.3490	0.6527	0.3543	0.1987	0.5666	0.5040	0.5150	0.4634	0.5978	0.2147	0.6246
1.0000	0.0000	0.0000	0.3537	0.0000	0.0574	0.8050	0.3488	0.5211	0.3550	0.6527	0.3543	0.3702	0.4705	0.4894	0.5150	0.0000	0.8513	0.3193	0.3771
0.8110	0.4901	0.8772	0.3537	0.4821	0.7027	0.4862	0.3488	0.5211	0.4933	0.6527	0.3543	0.3724	0.5340	0.4894	0.5007	0.1062	0.2259	0.6531	0.3771
0.7609	0.4901	0.4589	0.2117	0.4821	0.6227	0.5289	0.5019	0.5211	0.4933	0.6527	0.3543	0.4545	0.5340	0.4894	0.4847	0.6265	0.5352	0.4774	0.3771
0.2193	0.4901	0.4996	0.4702	0.4838	0.0225	0.0202	0.5019	0.5211	0.4933	0.6527	0.3543	0.6745	0.5340	0.4894	0.4847	0.6595	0.3720	0.7684	0.7188
0.4955	1.0000	0.4996	0.4702	0.3760	0.6106	0.6331	0.5019	0.5211	0.4933	0.6527	0.2206	0.6224	0.7714	0.4894	0.3568	0.6431	0.9411	0.3675	0.4915
0.7316	0.2482	0.4996	0.4702	0.4985	0.6161	0.6331	0.5019	0.5211	0.4933	0.6527	0.5065	0.0000	0.3789	0.4983	0.4781	0.5001	0.6390	0.6470	0.7524
0.6128	0.6589	0.4996	0.5015	0.4985	0.4945	0.7969	0.5019	0.5211	0.4933	0.6527	0.4897	1.0000	0.5275	0.4983	0.4798	0.4962	0.6553	0.3552	0.3634
0.3712	0.4929	0.4996	0.5015	0.5248	0.4945	0.5081	0.5019	0.5057	0.4933	0.4957	0.4897	0.3478	0.5275	0.4983	0.4798	0.4962	0.6553	0.3867	0.3634
0.3712	0.4929	0.4996	0.5015	0.5248	0.4945	0.5081	0.5019	0.5057	0.4933	0.4957	0.4897	0.3478	0.5275	0.4983	0.4845	0.4962	0.6553	0.3755	0.3634
0.4926	0.4929	0.4996	0.5015	0.6312	0.4945	0.4925	0.5019	0.5057	0.4933	0.4957	0.4897	0.3630	0.5275	0.4983	0.4880	0.4962	0.5989	0.4804	0.3634
0.3798	0.4929	0.4996	0.5015	0.6312	0.6147	0.4925	0.5019	0.5057	0.4933	0.4957	0.4897	0.5071	0.5275	0.4983	0.4880	0.4962	0.6260	0.5104	0.6524
0.4893	0.4929	0.4996	0.5015	0.3481	0.6147	0.4925	0.5019	0.5053	0.4933	0.4957	0.4897	0.5071	0.5275	0.4983	0.4880	0.3712	0.6260	0.5214	0.3553
0.4960	0.4929	0.4996	0.5015	0.3481	0.6680	0.4925	0.5019	0.5053	0.4933	0.4957	0.4897	0.5071	0.5275	0.4983	0.4880	0.1064	0.6260	0.5214	0.4911
0.4960	0.4929	0.4996	0.4856	0.4903	0.4868	0.4925	0.5019	0.5053	0.4933	0.4957	0.4897	0.5071	0.6484	0.3683	0.4880	0.2315	0.6260	0.5214	0.4911
0.4960	0.4929	0.4996	0.4856	0.4903	0.4868	0.4925	0.5019	0.5053	0.4933	0.4957	0.4897	0.5071	0.6484	0.3683	0.4880	0.3933	0.6260	0.5214	0.5063
0.4960	0.4929	0.4996	0.4856	0.4903	0.4868	0.4925	0.5019	0.5053	0.4933	0.4957	0.4897	0.5071	0.6484	0.3683	0.4880	0.6452	1.0000	0.3683	0.5063
0.4960	0.5032	0.4996	0.4856	0.4903	0.4868	0.4925	0.5019	0.5053	0.4933	0.4957	0.4897	0.5071	0.6484	0.3425	0.4880	0.6452	0.1789	0.3683	0.4948
0.4960	0.5032	0.4996	0.4856	0.3650	0.4868	0.4925	0.5019	0.5053	0.4933	0.4957	0.4897	0.5071	0.6484	0.6620	0.4880	1.0000	0.6206	0.3683	0.3673
0.4960	0.5032	0.3642	0.4856	0.3650	0.4868	0.4925	0.5049	0.5053	0.4933	0.4957	0.4897	0.5071	0.6484	0.6704	0.4880	0.4934	0.6206	0.3683	0.3673
0.4960	0.5032	0.3642	0.4856	0.3650	0.6569	0.4925	0.5049	0.5053	0.4933	0.4957	0.4897	0.5071	0.6484	0.4794	0.4880	0.3914	0.5110	0.3683	0.3673
0.4960	0.5032	0.8015	0.4856	0.3650	0.4979	0.4925	0.4929	0.5053	0.4933	0.4957	0.3803	0.5071	0.4770	0.4794	0.4880	0.3592	0.5110	0.3683	0.6521
0.4960	0.5032	0.3438	0.4856	0.3650	0.4979	0.4925	0.4929	0.5053	0.4933	0.4957	0.3803	0.5071	0.4770	0.5238	0.4880	0.3592	0.5110	0.3683	0.5155
0.4960	0.5032	0.3520	0.4856	0.4824	0.4979	0.4925	0.4929	0.5053	0.4933	0.4957	0.3803	0.5071	0.3689	0.5238	0.4880	0.3592	0.5110	0.3683	0.5155
0.4960	0.5032	0.5000	0.4856	0.3532	0.4979	0.4925	0.4929	0.5053	0.4933	0.4957	0.5267	0.5071	0.3689	0.3641	0.4880	0.3592	0.5110	0.3683	0.5155
0.4960	0.5032	0.5000	0.6492	0.3532	0.4979	0.4925	0.4929	0.5053	0.4933	0.5058	0.3627	0.5071	0.3689	0.3641	0.4880	0.3592	0.5143	0.3683	0.5155
0.3657	0.5032	0.5000	0.6492	0.3532	0.4979	0.4925	0.4929	0.5053	0.4933	0.5058	0.3627	0.5071	0.3689	0.3707	0.4880	0.3592	0.5143	0.3683	0.5155
0.6453	0.6508	0.5000	0.6492	0.3532	0.4979	0.4925	0.4929	0.5053	0.4933	0.5058	0.3627	0.5071	0.3689	0.3707	0.4880	0.3592	0.4798	0.4936	0.5155
0.6453	0.4892	0.5000	0.6492	0.3532	0.4979	0.4925	0.4929	0.5053	0.4933	0.5058	0.3627	0.5071	0.3689	0.3707	0.4880	0.3592	0.4798	0.4936	0.5155
0.6453	0.4892	0.5000	0.6492	0.4837	0.4979	0.4925	0.4929	0.5053	0.5025	0.5058	0.3466	0.5071	0.3567	0.3707	0.4880	0.3592	0.6428	0.4936	0.5155
0.3503	0.6353	0.6405	0.6492	0.4837	0.4979	0.4925	0.4929	0.5053	0.5025	0.5058	0.3441	0.5071	0.4862	0.3707	0.4880	0.3592	0.6428	0.4936	0.5155
0.4971	0.6353	0.5100	0.6492	0.4837	0.4979	0.4925	0.4929	0.5053	0.5025	0.5058	0.3441	0.5071	0.4862	0.5008	0.4880	0.3592	0.6428	0.3753	0.5155
0.4971	0.6353	0.5100	0.6492	0.4837	0.4979	0.4925	0.4929	0.5053	0.5003	0.5058	0.3441	0.5071	0.4862	0.5008	0.4880	0.3592	0.6428	0.3710	0.4849
0.4971	0.6353	0.5100	0.6492	0.4837	0.4979	0.4925	0.4929	0.5053	0.5003	0.5058	0.6268	0.5071	0.4862	0.5008	0.4880	0.5145	0.6428	0.3710	0.5239
0.4950	0.6353	0.5100	0.6492	0.4837	0.4979	0.4925	0.4929	0.5053	0.5003	0.5058	0.6268	0.5071	0.4862	0.5008	0.4880	0.5145	0.6428	0.3710	0.5239
0.4950	0.6353	0.5100	0.6492	0.4837	0.4979	0.4925	0.4929	0.5053	0.5003	0.5058	0.3579	0.5071	0.4862	0.5008	0.4880	0.5145	0.4816	0.3710	0.5239
0.4950	0.6353	0.5100	0.6492	0.4837	0.4979	0.4925	0.4929	0.5053	0.5003	0.5058	0.3579	0.5071	0.4862	0.5008	0.4880	0.5145	0.4816	0.3710	0.5239
0.4950	0.6353	0.5100	0.6492	0.4837	0.4979	0.4925	0.4929	0.5053	0.5003	0.5058	0.3579	0.5071	0.4862	0.5008	0.4880	0.5145	0.5057	0.3710	0.4708
0.4950	0.6353	0.5100	0.6492	0.4837	0.4979	0.4925	0.4929	0.5053	0.5003	0.5058	0.3579	0.5071	0.4862	0.5008	0.4880	0.5145	0.5057	0.3710	0.3739
0.4950	0.6353	0.5100	0.6492	0.4837	0.4979	0.4925	0.4929	0.5053	0.4935	0.5058	0.3579	0.4885	0.4862	0.5008	0.4880	0.5145	0.5057	0.3652	0.3739
0.6433	0.6353	0.3485	0.6492	0.4837	0.4979	0.4925	0.4929	0.5053	0.4935	0.5058	0.3579	0.4885	0.5103	0.5008	0.4880	0.4858	0.5057	0.3652	0.3418
0.6433	0.6353	0.3485	0.4875	0.4837	0.4979	0.4925	0.4929	0.5053	0.4935	0.5058	0.3579	0.4885	0.5103	0.5008	0.4880	0.4858	0.5057	0.3652	0.3418
0.6433	0.6353	0.3430	0.4875	0.4837	0.4979	0.4900	0.4929	0.5053	0.4935	0.5058	0.3579	0.4885	0.5103	0.5008	0.4880	0.4858	0.5057	0.5153	0.3418
0.6433	0.6353	0.3430	0.4875	0.4837	0.4979	0.4900	0.4929	0.5053	0.4935	0.5058	0.5001	0.4885	0.5103	0.5008	0.4880	0.4858	0.5057	0.5153	0.6200
0.6433	0.6353	0.3430	0.4875	0.4837	0.4979	0.4900	0.4929	0.5053	0.4935	0.5058	0.5001	0.4885	0.5103	0.5008	0.4880	0.5108	0.5057	0.5153	0.6200
0.6433	0.6353	0.3430	0.4875	0.4837	0.4979	0.4900	0.4929	0.5053	0.4935	0.5058	0.5001	0.4885	0.3498	0.5008	0.4880	0.5108	0.5057	0.5153	0.6200
0.6433	0.6353	0.5042	0.4875	0.4837	0.4979	0.4900	0.4929	0.5053	0.4935	0.5058	0.5001	0.4885	0.3498	0.5008	0.4880	0.5108	0.5057	0.6376	0.6200
0.6433	0.6353	0.5042	0.4875	0.4837	0.4979	0.4900	0.4920	0.5053	0.4935	0.5058	0.5001	0.4885	0.3498	0.5008	0.4880	0.3764	0.5057	0.6376	0.3585
0.4963	0.6353	0.3600	0.4875	0.4837	0.4979	0.4900	0.4920	0.5053	0.4935	0.5058	0.5001	0.4885	0.3498	0.5004	0.4880	0.3764	0.5057	0.6376	0.3585
0.4963	0.6353	0.3600	0.4875	0.4837	0.4979	0.4900	0.4920	0.5053	0.4935	0.5058	0.5001	0.4885	0.3498	0.5004	0.4880	0.3764	0.5057	0.6376	0.3585
0.4963	0.6353	0.3600	0.4875	0.4837	0.4979	0.4900	0.4920	0.5053	0.4935	0.5058	0.5001	0.4893	0.5060	0.5004	0.4880	0.3764	0.5057	0.6376	0.3585
0.4963	0.6353	0.3600	0.4875	0.4837	0.4979	0.4900	0.4920	0.5053	0.4935	0.5058	0.5001	0.4893	0.5060	0.5004	0.4880	0.3764	0.5057	0.6376	0.3585
0.4963	0.6353	0.6234	0.4875	0.4837	0.4979	0.4900	0.4920	0.5053	0.4935	0.5058	0.5001	0.4893	0.5060	0.5004	0.4880	0.3764	0.5057	0.6376	0.3585
0.4963	0.6353	0.6477	0.4875	0.4837	0.4979	0.4900	0.4920	0.5053	0.4935	0.5058	0.5001	0.4893	0.5060	0.5004	0.4880	0.3764	0.5057	0.6376	0.3585
0.4963	0.6353	0.6477	0.4875	0.4837	0.4979	0.4900	0.4920	0.5053	0.4935	0.5058	0.5001	0.4893	0.5060	0.5004	0.4880	0.3764	0.5057	0.6376	0.3585
0.4963	0.6353	0.6477	0.4875	0.4837	0.4979	0.4900	0.4920	0.5053	0.4935	0.5058	0.5001	0.4893	0.5060	0.5004	0.4880	0.3764	0.5057	0.6376	0.3585
0.4963	0.6353	0.6477	0.4875	0.4837	0.4979	0.4900	0.4920	0.5053	0.4935	0.5058	0.6374	0.4893	0.5060	0.3676	0.4880	0.3764	0.5057	0.6376	0.3585
0.4963	0.6353	0.6477	0.4875	0.4837	0.4979	0.4900	0.4920	0.5053	0.4935	0.5058	0.6374	0.4893	0.5060	0.3676	0.4880	0.3764	0.5057	0.6376	0.3585
0.4963	0.6353	0.6477	0.4875	0.4837	0.4979	0.4900	0.4920	0.5053	0.4935	0.5058	0.6374	0.4893	0.5060	0.3676	0.4880	0.3764	0.5057	0.6376	0.5128
0.4963	0.6353	0.6477	0.4875	0.4837	0.4979	0.4900	0.4920	0.5053	0.4935	0.5058	0.6374	0.4893	0.5060	0.3676	0.4880	0.3764	0.5057	0.6376	0.5128
0.4963	0.6353	0.6477	0.4875	0.4837	0.4979	0.4900	0.4920	0.5053	0.4935	0.5058	0.6374	0.4893	0.5060	0.3676	0.4880	0.3764	0.5057	0.6376	0.5128
0.4963	0.6353	0.6477	0.4875	0.4837	0.4979	0.4900	0.4920	0.5053	0.4935	0.5058	0.6374	0.4893	0.5060	0.3676	0.4880	0.3764	0.5057	0.6376	0.5128
0.4963	0.6353	0.5059	0.4875	0.4837	0.4979	0.4900	0.4920	0.5053	0.4935	0.5058	0.6374	0.4893	0.5060	0.3676	0.4880	0.3764	0.5057	0.6376	0.5128
0.4963	0.6353	0.5059	0.4875	0.4837	0.4979	0.4900	0.4920	0.5053	0.4935	0.5058	0.6374	0.4893	0.5060	0.3676	0.4880	0.3764	0.5057	0.6376	0.4983
0.4963	0.6353	0.5059	0.4875	0.4837	0.4979	0.4900	0.4920	0.5053	0.4935	0.5058	0.6374	0.5118	0.5060	0.3676	0.4880	0.3764	0.5057	0.6376	0.4983
0.4963	0.6353	0.5059	0.4875	0.4837	0.4979	0.4900	0.4920	0.5053	0.4935	0.5058	0.6374	0.5118	0.5060	0.3676	0.4880	0.3764	0.5057	0.6376	0.4983
0.4963	0.6353	0.5059	0.4875	0.4837	0.4979	0.4900	0.4920	0.5053	0.4935	0.5058	0.6374	0.5118	0.5060	0.3676	0.4880	0.3764	0.5057	0.6376	0.4983
0.4963	0.6353	0.5059	0.4875	0.4837	0.4979	0.4900	0.4920	0.5053	0.4935	0.5058	0.6374	0.5118	0.5060	0.3676	0.4880	0.3764	0.5057	0.6376	0.4983
0.4963	0.6353	0.5059	0.4875	0.4837	0.4979	0.4900	0.4920	0.5053	0.4935	0.5058	0.6374	0.5118	0.5060	0.3676	0.4880	0.3764	0.5057	0.6376	0.4983
0.4963	0.6353	0.5059	0.4875	0.4837	0.4979	0.4900	0.4920	0.5053	0.4935	0.5058	0.6374	0.5118	0.5060	0.3676	0.4880	0.3764	0.5057	0.6376	0.4983
0.4963	0.6353	0.5059	0.4875	0.4837	0.4979	0.4900	0.4920	0.5053	0.4935	0.5058	0.6374	0.5118	0.5060	0.3676	0.4880	0.3764	0.5057	0.6376	0.4983
0.4963	0.6353	0.6397	0.4875	0.4837	0.4979	0.4900	0.4920	0.5053	0.4935	0.5058	0.6374	0.5118	0.5060	0.3676	0.4880	0.3764	0.5057	0.6376	0.4920
0.4963	0.6353	0.6397	0.4875	0.4837	0.4979	0.4900	0.4920	0.5053	0.4935	0.5058	0.6374	0.5118	0.5060	0.3676	0.4880	0.3764	0.5057	0.6376	0.4920
0.4963	0.6353	0.6397	0.4875	0.4837	0.4979	0.4900	0.4920	0.5053	0.4935	0.5058	0.6374	0.5118	0.5060	0.3676	0.4880	0.3764	0.5057	0.6376	0.4920
0.4963	0.6353	0.6397	0.4875	0.4837	0.4979	0.4900	0.4920	0.5053	0.4935	0.5058	0.6374	0.5118	0.5060	0.3676	0.4880	0.3764	0.5057	0.6376	0.4920
0.4963	0.5026	0.6397	0.4875	0.4837	0.4979	0.4900	0.4920	0.5053	0.4935	0.5058	0.6374	0.5118	0.5060	0.3676	0.4880	0.3764	0.5057	0.6376	0.4920
0.4963	0.5026	0.6397	0.4875	0.4837	0.4979	0.4900	0.4920	0.5053	0.4935	0.5058	0.5006	0.5118	0.5060	0.3676	0.4880	0.4971	0.5057	0.6376	0.4920
0.4963	0.5026	0.6397	0.4875	0.4837	0.4979	0.4900	0.4920	0.5053	0.4935	0.5058	0.5006	0.5118	0.5060	0.3676	0.4880	0.4971	0.5057	0.6376	0.4920
0.4963	0.5026	0.6397	0.4875	0.4837	0.4979	0.4900	0.4920	0.5053	0.4935	0.5058	0.4987	0.5031	0.5060	0.3676	0.4880	0.4971	0.5057	0.6376	0.4920
0.4963	0.5026	0.6397	0.4875	0.4837	0.4979	0.4900	0.4920	0.5053	0.4935	0.5058	0.4987	0.5031	0.5060	0.3676	0.4880	0.4971	0.5057	0.6376	0.4920
0.4963	0.5026	0.6397	0.4875	0.4837	0.4979	0.4900	0.4920	0.5053	0.4935	0.5058	0.4987	0.5031	0.5060	0.3676	0.4880	0.4971	0.5057	0.6376	0.4920
0.4963	0.5026	0.6397	0.4875	0.4837	0.4979	0.4900	0.4920	0.5053	0.4935	0.5058	0.4987	0.5031	0.5060	0.3676	0.4880	0.4971	0.5057	0.6376	0.4920
0.4963	0.3565	0.6397	0.4875	0.4837	0.4979	0.4900	0.4920	0.5053	0.4935	0.5058	0.4987	0.5031	0.5060	0.4900	0.4880	0.4971	0.5057	0.6376	0.4920
0.4963	0.3565	0.6397	0.4875	0.4837	0.4979	0.4900	0.4920	0.5053	0.4935	0.5058	0.4987	0.5031	0.5060	0.4900	0.4880	0.4971	0.5057	0.6376	0.4920
0.4963	0.3565	0.6397	0.4875	0.4837	0.4979	0.4900	0.4920	0.5053	0.4935	0.5058	0.4987	0.5031	0.5060	0.4900	0.4880	0.4971	0.5057	0.6445	0.4920
0.4963	0.3565	0.6397	0.4875	0.4837	0.4979	0.4900	0.4920	0.5053	0.4935	0.5058	0.4987	0.5031	0.5060	0.4900	0.4880	0.4971	0.5057	0.6445	0.4920
