0.9846	0.0079	0.3856	0.1483	0.8071	0.5719	0.3856	0.6514	0.7300	0.4463	0.4460	0.9639	0.2568	0.4787	0.8945	0.7949	0.4696	0.1041	0.9043	0.4320
0.0576	0.2691	0.7175	0.9397	0.1477	0.0000	0.0000	0.7747	0.0685	0.3745	0.7862	0.6490	1.0000	0.5128	0.6917	0.2427	0.5979	0.5314	0.5670	0.6143
0.3925	0.4122	0.4589	0.4934	0.1813	0.4681	0.5009	0.3736	0.2314	0.5092	0.8294	0.4246	0.2957	0.2427	0.5831	0.4958	0.5979	1.0000	0.3964	0.1811
0.0000	0.8603	0.7477	0.4934	0.5065	0.0000	0.3750	0.3736	0.3941	0.2533	0.4954	1.0000	0.5202	0.8714	1.0000	0.4850	0.5979	0.0326	0.4166	0.6290
0.3138	0.5282	0.8377	0.4934	0.5065	1.0000	0.9212	0.6086	0.6249	0.6627	0.8256	0.7374	0.6232	1.0000	0.3881	0.4089	0.3937	0.7106	0.7883	0.3666
0.1043	1.0000	0.7250	0.4934	0.5065	0.2941	0.8106	0.3986	0.6765	0.5854	0.6564	0.6047	0.4135	0.0000	0.2444	0.8206	0.3937	0.9874	0.0735	1.0000
0.1458	1.0000	0.6372	0.4934	0.5065	0.5283	0.4725	0.3986	0.2337	0.9639	0.8643	0.6213	0.4135	0.4597	1.0000	0.5467	0.3937	0.3003	0.7480	0.4022
1.0000	0.9634	1.0000	0.3798	0.4079	0.2081	0.1410	0.3986	0.9210	0.7182	0.2541	0.6213	0.5159	0.0963	0.4914	0.5153	0.3937	0.0000	0.6988	0.4279
0.5073	0.5024	0.0000	0.2938	0.4780	0.0000	0.9141	0.3986	0.5881	0.2776	0.5083	0.6213	0.6064	0.6128	0.7510	0.4039	0.3937	0.3958	0.0000	1.0000
0.5073	0.3791	0.2483	0.2999	0.4780	0.2876	0.0000	0.5036	0.1580	0.3934	0.5076	0.6213	0.4905	0.7335	0.9575	0.8852	0.3937	0.3958	0.4808	0.0000
1.0000	0.3791	0.8362	0.2871	0.4780	0.2755	0.8802	0.4980	0.0000	0.3934	0.5076	0.5043	1.0000	0.7335	0.5878	0.7594	0.3937	0.4838	0.3957	0.8005
0.4063	0.6244	0.7242	0.0000	0.4780	1.0000	0.5270	0.4980	0.4094	0.3934	0.5076	0.5043	0.5176	0.4778	0.4695	0.5616	0.3937	0.6213	0.3491	0.7907
1.0000	0.3576	0.7242	0.5025	0.4780	0.4633	0.3812	0.6202	0.6180	0.3934	0.5076	0.5043	0.5854	0.4778	0.1969	0.2096	0.3937	1.0000	0.5994	0.6119
1.0000	0.4042	0.7242	0.3818	0.4780	0.5138	0.9197	0.5985	0.6180	0.6345	0.5076	0.5043	0.4048	0.4778	1.0000	0.2863	0.3937	0.2537	0.2979	0.8093
0.5250	0.4042	0.6042	0.3818	0.4876	0.2988	0.0000	0.2965	0.5014	0.3975	0.5076	0.5043	0.4048	0.4778	0.5051	0.0000	0.3937	0.9250	0.0885	0.2318
0.6285	0.4997	0.1809	0.3818	0.4876	0.2650	0.8319	0.3670	0.5014	0.3975	0.5076	0.5043	0.4929	0.4778	0.5920	0.4826	0.3937	0.7094	0.6525	0.7155
0.3058	0.7070	0.6773	0.6233	0.6099	0.3945	0.6068	0.6245	0.5014	0.3975	0.5076	0.5043	0.4929	0.4002	0.0000	0.3385	0.3937	0.6277	0.5878	0.4936
0.6129	0.7070	0.7094	0.4868	0.0346	0.3945	0.6068	0.6657	0.5014	0.3975	0.5076	0.5043	1.0000	0.2791	0.6064	0.3044	0.3937	0.4035	0.5878	0.3921
0.5821	0.7070	0.4815	0.6880	0.0032	0.3945	0.6068	0.3776	0.5014	0.3975	0.5076	0.4965	0.1853	0.2791	0.4977	0.0000	0.3937	0.4386	0.5878	0.5383
0.2862	0.6600	0.4815	0.5011	0.3550	0.3945	0.6037	0.0000	0.5014	0.5000	0.4050	0.4965	0.7337	0.5962	0.4977	0.4840	0.3937	0.5488	0.2813	0.5249
0.6181	0.6179	0.3843	0.5011	0.4788	0.3945	0.6037	0.0000	0.4041	0.5000	0.4050	0.4965	0.7276	0.5962	0.4977	0.7184	0.3937	0.2911	0.2813	0.7085
0.0000	0.5068	0.3842	0.5011	0.5227	0.3945	0.6196	0.2984	0.4041	0.5000	0.4895	0.4965	0.7276	0.5962	0.4977	0.9738	0.3937	0.7320	0.3588	0.4507
0.5168	0.5068	0.3842	0.5011	0.5227	0.3945	0.6281	0.4936	0.4041	0.5000	0.4895	0.4965	0.4864	0.5962	0.3953	0.7054	0.3937	0.7320	0.6173	0.1862
0.4854	0.5068	0.4002	0.5011	0.2837	0.3945	0.6281	0.0098	0.6050	0.5000	0.4895	0.4965	0.7206	0.5962	0.3953	0.7054	0.3937	0.2993	0.6173	0.4948
0.5143	0.5068	0.4002	0.5011	0.3985	0.3945	0.0000	0.4316	0.6050	0.5000	0.4895	0.4965	0.7206	0.5962	0.3953	0.4126	0.3937	0.5179	0.6173	0.4948
1.0000	0.5068	0.4002	0.5011	0.3985	0.3945	0.5546	0.5194	0.6050	0.5000	0.4895	0.3953	0.7206	0.5962	0.3953	0.4930	0.3937	0.7081	0.6173	0.4948
0.0000	0.5068	0.4002	0.5011	0.3985	0.3945	0.6110	0.5065	0.6050	0.5000	0.4895	0.3953	0.7206	0.5962	0.3953	0.4958	0.3937	0.7081	0.6173	0.4948
0.3756	0.4937	0.4002	0.5011	0.3999	0.3945	0.6110	0.6085	0.6050	0.5000	0.4895	0.3953	0.0000	0.5962	0.3953	0.2885	0.3937	0.6079	0.6173	0.4948
0.3756	0.6032	0.4002	0.5011	0.3999	0.3945	0.6110	0.5028	0.6050	0.5000	0.4895	0.6100	0.6213	0.5962	0.3953	0.2885	0.3937	0.7291	0.4928	0.4948
0.1653	0.6032	0.4002	0.5011	0.3999	0.3945	0.4895	0.5028	0.6050	0.5000	0.4895	0.6100	0.2769	0.5962	0.3953	0.5759	0.3937	0.6133	0.4928	0.4948
0.6269	0.6032	0.4002	0.5011	0.3999	0.3945	0.2868	0.5028	0.6050	0.5000	0.4895	0.6100	0.2769	0.5962	0.5074	0.2629	0.3937	0.6133	0.4928	0.4948
0.5099	0.6032	0.4002	0.5011	0.3999	0.3945	0.2868	0.5028	0.6050	0.5000	0.4895	0.6100	0.4838	0.5004	0.5074	0.6064	0.3937	0.6133	0.4928	0.4948
0.5099	0.6032	0.5014	0.5011	0.3999	0.3945	0.2868	0.5028	0.6050	0.5000	0.5079	0.6100	0.5956	0.5004	0.5074	0.4995	0.3937	0.6133	0.4928	0.4948
0.5099	0.6032	0.5014	0.5011	0.3999	0.3945	0.4084	0.5086	0.6050	0.5000	0.5079	0.6100	0.6139	0.5004	0.5074	0.4995	0.6049	0.6133	0.4928	0.4948
0.5099	0.4967	0.5014	0.5011	0.3999	0.3945	0.4084	0.5086	0.6050	0.5000	0.5079	0.6100	0.4806	0.5004	0.5074	0.4867	0.6049	0.6133	0.4928	0.5006
0.5099	0.4967	0.5014	0.5011	0.3999	0.3945	0.4084	0.5086	0.6050	0.5000	0.5079	0.6100	0.5017	0.5004	0.5074	0.4941	0.6049	0.6133	0.4928	0.3973
0.6136	0.6073	0.5014	0.6347	0.3999	0.3945	0.4895	0.5086	0.6050	0.5000	0.5079	0.6100	0.3684	0.5004	0.5074	0.4941	0.6049	0.6133	0.4928	0.3973
0.6136	0.6073	0.5014	0.2706	0.3999	0.3945	0.6020	0.5086	0.6050	0.4906	0.5079	0.4969	0.3869	0.5004	0.5074	0.4941	0.5082	0.6133	0.4928	0.3973
0.6136	0.6073	0.4936	0.3640	0.3999	0.3945	0.6020	0.5086	0.6050	0.5985	0.5079	0.4969	0.4814	0.5004	0.5074	0.4941	0.5082	0.6133	0.4928	0.3973
0.6136	0.6073	0.4936	0.3879	0.3999	0.3945	0.6020	0.5086	0.6050	0.5985	0.5079	0.5955	0.5957	0.5004	0.5074	0.4941	0.5082	0.6133	0.4928	0.3894
0.6136	0.6073	0.4936	0.6189	0.3999	0.3945	0.6020	0.5086	0.6050	0.5985	0.5079	0.5955	0.5239	0.5004	0.5074	0.4941	0.5082	0.6133	0.4928	0.3894
0.6136	0.6073	0.4936	0.3853	0.3999	0.3945	0.6020	0.5170	0.6050	0.5985	0.5079	0.5955	0.4959	0.5004	0.5074	0.4941	0.5082	0.6133	0.4928	0.3894
0.4072	0.6073	0.4936	0.3853	0.3999	0.3945	0.3752	0.5170	0.6050	0.5985	0.5079	0.3787	0.4959	0.5004	0.5074	0.4941	0.5082	0.6133	0.4928	0.3894
0.4072	0.6073	0.4936	0.3853	0.3999	0.3945	0.7230	0.5170	0.6050	0.5985	0.5079	0.3787	0.4959	0.5004	0.5036	0.4941	0.5082	0.6133	0.4928	0.3894
0.4072	0.6073	0.4936	0.3853	0.3999	0.3945	0.3849	0.5170	0.6050	0.5985	0.6018	0.3787	0.4959	0.3871	0.5036	0.4941	0.5082	0.6133	0.4928	0.3894
0.4072	0.6073	0.4936	0.3853	0.3999	0.3945	0.3849	0.5170	0.6050	0.4042	0.6018	0.3889	0.4959	0.3871	0.5036	0.4941	0.5082	0.3812	0.4928	0.3894
0.4072	0.6073	0.4936	0.3853	0.3999	0.3945	0.3849	0.5170	0.5113	0.4042	0.6018	0.3889	0.4959	0.3871	0.5036	0.4941	0.5082	0.3812	0.4928	0.3894
0.4072	0.4862	0.4936	0.3853	0.3999	0.3945	0.3849	0.5170	0.5113	0.4042	0.4022	0.3889	0.4806	0.3871	0.4992	0.4965	0.5082	0.3812	0.4928	0.3894
0.4072	0.4862	0.4936	0.3853	0.3999	0.3945	0.3849	0.5170	0.4907	0.4042	0.4022	0.6132	0.4806	0.3871	0.4992	0.4965	0.5082	0.3812	0.4928	0.3894
0.4072	0.4862	0.4936	0.3853	0.3999	0.3945	0.3849	0.5170	0.4907	0.4042	0.4022	0.6132	0.4806	0.3871	0.4992	0.4965	0.5082	0.3812	0.4928	0.3894
0.4072	0.4862	0.4936	0.3853	0.3999	0.5110	0.3849	0.5170	0.4907	0.4042	0.4022	0.6132	0.4806	0.3871	0.4992	0.4965	0.5082	0.3812	0.4928	0.5112
0.4072	0.4862	0.4936	0.3853	0.3999	0.5110	0.3849	0.5170	0.4907	0.4042	0.4022	0.6132	0.4806	0.3871	0.4992	0.4047	0.5082	0.3812	0.4928	0.5112
0.3954	0.5080	0.4936	0.3853	0.3999	0.5064	0.3849	0.5170	0.4907	0.4042	0.4022	0.6132	0.4806	0.3871	0.4992	0.6089	0.5082	0.4919	0.4928	0.5112
0.3954	0.5080	0.4936	0.3853	0.3999	0.5064	0.3849	0.5170	0.4905	0.4042	0.4022	0.6132	0.4806	0.3871	0.4992	0.6089	0.5082	0.4919	0.4928	0.5112
0.3954	0.5080	0.4936	0.3853	0.3999	0.3981	0.3849	0.5170	0.4905	0.4952	0.4022	0.6132	0.4806	0.3871	0.4992	0.4958	0.5082	0.4919	0.4928	0.3980
0.3888	0.5080	0.4936	0.3853	0.3999	0.3981	0.3849	0.5170	0.4905	0.4952	0.4022	0.6132	0.4806	0.3871	0.4992	0.4958	0.5082	0.4919	0.4928	0.3980
0.3888	0.5080	0.4936	0.3853	0.3999	0.3981	0.3849	0.5170	0.4905	0.4952	0.4022	0.6132	0.3868	0.3871	0.4992	0.4958	0.5082	0.4919	0.4928	0.3980
0.3888	0.5080	0.4936	0.3853	0.3999	0.3981	0.3849	0.5170	0.4905	0.4952	0.4022	0.6132	0.3868	0.3871	0.4992	0.4958	0.5082	0.4919	0.4928	0.3980
0.4859	0.5080	0.4936	0.3853	0.3999	0.3981	0.3849	0.5170	0.4905	0.4952	0.4022	0.6132	0.3868	0.3871	0.4992	0.4958	0.5082	0.4919	0.4928	0.3980
0.4859	0.5080	0.4936	0.3853	0.3999	0.3981	0.3849	0.5170	0.4905	0.4952	0.4022	0.5068	0.3868	0.3871	0.4992	0.4958	0.5082	0.4919	0.4928	0.3980
0.4859	0.5080	0.4936	0.3853	0.3999	0.3981	0.3849	0.4869	0.4905	0.4952	0.4022	0.4934	0.3868	0.3871	0.4992	0.4958	0.5014	0.4919	0.4928	0.3980
0.4859	0.5080	0.4936	0.3853	0.3999	0.3981	0.3849	0.4869	0.4905	0.4952	0.4007	0.4934	0.3868	0.3871	0.4992	0.4958	0.5014	0.4919	0.4928	0.4898
0.4859	0.5080	0.4936	0.3853	0.3999	0.3981	0.3849	0.4869	0.4905	0.4952	0.4007	0.4934	0.3868	0.5006	0.4992	0.4958	0.5014	0.4919	0.4928	0.4898
0.4859	0.5080	0.4936	0.3853	0.3999	0.3981	0.3849	0.4869	0.4905	0.4952	0.4007	0.4934	0.3868	0.5006	0.4992	0.4958	0.5014	0.4919	0.4928	0.4021
0.4859	0.5080	0.4936	0.3853	0.3999	0.3981	0.3849	0.4869	0.6033	0.4952	0.4007	0.4934	0.3868	0.5006	0.4992	0.4958	0.5014	0.4919	0.4928	0.4021
0.4859	0.5080	0.4936	0.3853	0.3999	0.3981	0.3849	0.5010	0.6033	0.4952	0.4007	0.4934	0.3868	0.5006	0.4992	0.4958	0.5014	0.4919	0.4928	0.4021
0.4859	0.5080	0.4936	0.3853	0.3999	0.3981	0.3849	0.5010	0.6033	0.4952	0.4007	0.4934	0.3868	0.5006	0.4992	0.4958	0.5014	0.4919	0.4928	0.4021
0.4859	0.5080	0.4936	0.3853	0.3999	0.3981	0.3849	0.5010	0.6033	0.4952	0.4007	0.4934	0.3868	0.5006	0.4992	0.4958	0.5014	0.4919	0.4928	0.3844
0.4859	0.5080	0.4936	0.3853	0.3999	0.3981	0.3849	0.5010	0.6033	0.4952	0.4007	0.4934	0.3868	0.5006	0.4992	0.4958	0.5014	0.4919	0.4928	0.3844
0.3904	0.5080	0.4936	0.3853	0.3999	0.3981	0.4927	0.5010	0.6033	0.4952	0.4007	0.4934	0.3868	0.5006	0.4992	0.4958	0.5014	0.4919	0.4928	0.3844
0.3904	0.5080	0.4936	0.3853	0.3999	0.3981	0.4927	0.5010	0.6033	0.4952	0.4007	0.4934	0.3868	0.5006	0.4992	0.3853	0.5014	0.4919	0.4928	0.3844
0.3904	0.5080	0.4936	0.3853	0.3999	0.3981	0.4927	0.5010	0.6033	0.4952	0.4007	0.4934	0.3868	0.5006	0.4992	0.3853	0.5014	0.4919	0.4928	0.3844
0.3904	0.5080	0.4936	0.3853	0.3999	0.3981	0.4927	0.5010	0.6033	0.4952	0.4917	0.4934	0.3868	0.5006	0.4992	0.3853	0.5014	0.4919	0.4928	0.3844
0.3904	0.5080	0.4936	0.5015	0.3999	0.3981	0.4927	0.5010	0.6033	0.4952	0.4917	0.4934	0.3868	0.5006	0.4992	0.3853	0.5014	0.4919	0.4928	0.3844
0.4877	0.5080	0.4936	0.5015	0.3999	0.3981	0.4927	0.5010	0.6033	0.4952	0.4917	0.4934	0.3868	0.5006	0.4992	0.3853	0.5014	0.4919	0.4928	0.3844
0.4877	0.5080	0.4936	0.5015	0.4959	0.3981	0.4927	0.5010	0.6033	0.4952	0.4917	0.4934	0.5069	0.6109	0.4992	0.3853	0.5014	0.4919	0.4928	0.3844
0.4877	0.5080	0.4936	0.5015	0.4959	0.3981	0.4927	0.5010	0.6033	0.4952	0.4917	0.4934	0.5069	0.6109	0.4992	0.3853	0.5014	0.4919	0.4928	0.3844
0.4877	0.5080	0.4936	0.5015	0.4959	0.3981	0.4927	0.5010	0.6033	0.4952	0.4917	0.4934	0.5069	0.6109	0.4992	0.3853	0.5014	0.4919	0.4928	0.3844
0.4877	0.5080	0.4936	0.5015	0.4959	0.3981	0.4927	0.5141	0.6033	0.4952	0.4917	0.4934	0.5069	0.6109	0.4992	0.3853	0.4988	0.4919	0.4928	0.3844
0.4877	0.5080	0.4936	0.5015	0.4959	0.3981	0.4927	0.5141	0.6033	0.4952	0.4917	0.4934	0.5069	0.6109	0.4992	0.3853	0.4988	0.4919	0.4928	0.3844
0.4877	0.5080	0.4936	0.5015	0.4959	0.3981	0.4927	0.5141	0.6033	0.4952	0.4917	0.4934	0.5069	0.6109	0.4992	0.3853	0.4988	0.4919	0.4928	0.3844
0.4877	0.5080	0.4936	0.5015	0.4959	0.3981	0.4927	0.5141	0.6033	0.4952	0.4917	0.4934	0.5010	0.6109	0.4992	0.3853	0.4988	0.4919	0.4928	0.3844
0.4877	0.5080	0.4936	0.5015	0.4959	0.3981	0.4927	0.5141	0.6033	0.4952	0.4917	0.4934	0.5010	0.6109	0.4992	0.3853	0.4988	0.4919	0.4928	0.3844
0.4877	0.5080	0.4936	0.6161	0.4959	0.3981	0.4927	0.5141	0.6033	0.4952	0.4917	0.4934	0.5010	0.6109	0.4992	0.3853	0.4988	0.4919	0.4928	0.3844
0.4877	0.5080	0.5069	0.6161	0.4959	0.3981	0.4927	0.3916	0.6033	0.4952	0.4917	0.4934	0.5010	0.6109	0.4992	0.3853	0.4988	0.4919	0.4928	0.3768
0.4877	0.5080	0.5069	0.6161	0.4959	0.3981	0.4927	0.3916	0.6033	0.4952	0.4917	0.4934	0.5010	0.6109	0.4992	0.3853	0.5097	0.4919	0.4928	0.3768
0.4877	0.5080	0.5069	0.6161	0.4959	0.3981	0.4927	0.3916	0.6033	0.4952	0.4910	0.4934	0.5010	0.6109	0.4992	0.3853	0.5097	0.5046	0.4928	0.3768
0.4877	0.5080	0.5069	0.6161	0.4959	0.3981	0.4927	0.3916	0.6033	0.4957	0.4910	0.4934	0.5010	0.6109	0.4992	0.3853	0.5097	0.4928	0.4928	0.3768
0.4877	0.5080	0.5069	0.6161	0.4959	0.3981	0.4927	0.3916	0.6033	0.4957	0.4910	0.4934	0.5010	0.6109	0.4992	0.3853	0.5097	0.4928	0.4928	0.3768
0.4877	0.5080	0.5069	0.6161	0.4959	0.3981	0.4927	0.3916	0.6033	0.4957	0.4910	0.4934	0.5010	0.6109	0.4992	0.3853	0.5097	0.4928	0.4928	0.3768
0.4877	0.5080	0.5069	0.6161	0.4959	0.3981	0.4927	0.3916	0.6033	0.4957	0.4910	0.4934	0.5010	0.6109	0.4992	0.3853	0.5097	0.4928	0.4928	0.3768
0.4877	0.5080	0.5069	0.6161	0.4959	0.3981	0.4927	0.3916	0.6033	0.4957	0.4910	0.4934	0.5010	0.6109	0.4992	0.3853	0.5097	0.4928	0.4928	0.3768
0.4877	0.5080	0.5069	0.6161	0.4959	0.3981	0.4927	0.3916	0.6033	0.4957	0.4910	0.4934	0.5010	0.6109	0.4992	0.3853	0.5097	0.4928	0.4928	0.3768
0.4877	0.5080	0.5069	0.6161	0.4959	0.3981	0.4927	0.3916	0.6033	0.4957	0.4910	0.4934	0.5010	0.6109	0.4992	0.3853	0.5097	0.4928	0.4928	0.3768
0.4877	0.5080	0.5069	0.6161	0.4959	0.3981	0.4927	0.3916	0.6033	0.4957	0.4910	0.4934	0.5010	0.6109	0.4992	0.3853	0.5097	0.4928	0.4928	0.3768
0.4877	0.5080	0.5069	0.6161	0.4959	0.3981	0.4927	0.3916	0.6033	0.4957	0.4910	0.4934	0.5010	0.6109	0.4992	0.3853	0.5097	0.4928	0.4928	0.3768
0.4877	0.5080	0.5069	0.6161	0.4959	0.3981	0.4927	0.3916	0.6033	0.4957	0.4910	0.4934	0.5010	0.6109	0.4992	0.3853	0.5097	0.4928	0.4928	0.3768
0.3847	0.5080	0.5069	0.6161	0.4959	0.3981	0.4927	0.3916	0.6033	0.4957	0.4910	0.4934	0.5010	0.6109	0.4992	0.3853	0.4935	0.4928	0.4928	0.3768
0.3847	0.5080	0.5069	0.6161	0.4959	0.3981	0.4927	0.3916	0.6033	0.4957	0.4910	0.4934	0.5010	0.6109	0.4992	0.3853	0.4935	0.4928	0.4928	0.3768
0.3847	0.5080	0.5069	0.6161	0.4959	0.3919	0.4927	0.3916	0.6033	0.4957	0.4910	0.4934	0.5010	0.6109	0.4992	0.3853	0.4935	0.4928	0.4928	0.3768
0.3847	0.5080	0.5069	0.6161	0.4959	0.3919	0.4927	0.3916	0.6033	0.4957	0.4910	0.4934	0.5010	0.6109	0.4992	0.3853	0.4935	0.4928	0.4928	0.3768
