0.5254	0.1733	0.0766	0.1452	0.3172	0.0773	0.0132	0.1573	0.4344	0.7850	0.6938	0.6278	0.4076	0.5885	0.1904	0.4312	0.0325	0.1723	0.4281	0.5901
0.3579	0.5283	0.5034	0.4591	1.0000	0.1525	0.5440	0.0000	0.7967	0.2069	0.0352	0.5396	1.0000	0.5479	0.6902	0.0000	0.3593	0.7753	0.7705	0.1054
0.4915	0.4514	0.7728	0.5103	0.0000	0.7659	0.2428	0.3439	0.4965	1.0000	1.0000	0.3611	0.3814	0.2017	0.4951	0.4136	0.4211	0.4295	0.5489	0.0000
0.0000	0.3752	0.0000	0.5103	0.6448	0.6352	0.2238	0.6602	0.2645	0.3480	0.0000	0.6143	0.5095	0.2595	0.4925	0.7113	0.7482	0.5207	0.1438	0.7026
1.0000	0.4739	0.2279	0.5103	0.0000	0.8842	0.0000	1.0000	0.6940	0.4603	0.3279	0.3320	0.5095	0.5017	0.0968	0.6619	0.6611	0.3552	0.5868	0.5339
0.4963	0.7988	0.8158	0.5188	0.0932	0.3406	0.3376	0.7732	0.1997	1.0000	0.5072	0.5187	0.5095	0.5017	0.6466	0.3458	1.0000	0.3552	0.6432	0.0259
0.4963	0.0101	0.6219	0.7597	0.5512	0.2423	0.2313	0.7678	1.0000	0.0000	0.5072	0.6911	0.5095	0.5017	0.3621	0.8759	1.0000	0.3552	0.3812	0.2300
0.4963	0.3340	0.6301	0.3623	0.6389	0.3792	0.8956	0.5394	0.6886	0.4037	0.5072	0.3365	0.5095	0.5017	0.4944	0.6113	0.7972	0.7150	0.3812	0.5082
0.4963	0.3014	0.6301	0.3664	1.0000	1.0000	0.5032	0.1251	0.9364	0.7261	0.5072	0.5158	0.5095	0.5017	0.4944	0.5167	0.7947	0.3063	0.4764	0.5150
0.4963	0.0000	0.6301	0.3363	0.2787	0.0212	0.9411	0.0000	0.5010	0.5193	0.5072	0.2813	0.5095	0.5017	0.4944	0.5129	0.0000	0.3719	0.0000	0.5093
0.4963	0.6093	0.6875	0.2036	1.0000	0.5003	0.4804	0.4289	0.5010	0.4989	0.5072	1.0000	0.5095	0.5017	0.4944	0.5129	0.5088	0.0000	0.5560	0.5093
0.4963	0.0342	0.6939	0.4655	0.7467	0.1838	0.0000	0.2511	0.5010	0.4860	0.5072	0.5201	0.5095	0.5017	0.4944	0.4846	0.5088	0.4595	1.0000	0.5093
0.4963	0.4813	0.6316	0.5942	0.3812	0.1631	0.3425	0.8831	0.5010	0.4860	0.5072	0.6418	0.5095	0.5017	0.4944	0.4616	0.5088	0.3721	1.0000	0.5093
0.4963	0.5075	0.6316	0.3734	1.0000	0.4901	0.3630	0.6195	0.5353	0.4860	0.5072	0.3940	0.4993	0.5017	0.4944	0.3281	0.5088	0.3721	0.6374	0.5057
0.4832	0.4853	0.6706	0.4689	0.2737	0.1504	0.4343	0.6195	0.0000	0.4860	0.5072	0.8417	0.4993	0.5017	0.4944	0.1867	0.5088	0.3721	0.6374	0.5057
0.4832	0.6296	0.6040	0.0000	0.4992	0.7755	0.5426	0.6195	0.0000	0.5279	0.5072	0.8350	0.4993	0.5017	0.4944	1.0000	0.5088	0.3721	0.6331	0.5057
0.4832	0.6296	0.6040	1.0000	0.4983	0.6139	1.0000	0.6509	0.3265	0.5003	0.5072	0.4893	0.4993	0.5017	0.4944	0.6567	0.5088	0.3706	0.3535	0.5057
0.4832	0.6296	1.0000	0.5247	0.5084	0.7413	0.8115	0.3264	0.4897	0.5003	0.5072	0.3560	0.4993	0.5017	0.4944	0.6299	0.5088	0.4896	0.3229	0.5057
0.4832	0.6296	0.0000	0.6441	0.5084	0.7055	0.5461	0.6518	0.3243	0.5003	0.4992	0.3560	0.4993	0.5017	0.4944	0.2878	0.5088	0.5041	0.2789	0.8886
0.4832	0.6296	0.0437	0.6441	0.5084	0.6561	0.7837	0.6518	0.6664	0.5003	0.4992	0.6721	0.4993	0.5017	0.4944	0.8017	0.5088	0.5041	0.3577	0.6452
0.4832	0.6296	0.2051	0.3483	0.5084	0.4644	0.7368	0.6518	0.6607	0.5003	0.4992	0.6146	0.4993	0.5017	0.4944	0.3721	0.5088	0.5041	0.3609	0.3498
0.4832	0.6296	0.0772	0.3483	0.5084	0.4644	0.3289	0.6518	0.6776	0.5003	0.4992	0.6181	0.4993	0.5027	0.4944	0.6737	0.5088	0.5041	0.3609	0.3498
0.7119	0.6296	0.3501	0.3483	0.5084	0.4894	0.0331	0.6518	0.5126	0.5003	0.4992	0.4836	0.4993	0.5027	0.4944	0.0533	0.5088	0.5041	0.5249	0.3498
0.0000	0.6296	0.3501	0.3483	0.5084	0.4894	0.3605	0.6518	0.5126	0.5003	0.4992	0.4836	0.4993	0.5027	0.4944	0.0825	0.5088	0.5041	0.4911	0.4858
0.6366	0.6296	0.4835	0.3483	0.5084	0.4894	0.3578	0.6518	0.2028	0.5003	0.4992	0.1298	0.4993	0.5027	0.4944	0.5202	0.5088	0.5041	0.4911	0.4858
0.6366	0.5147	0.4876	0.3483	0.5084	0.4861	0.4966	0.6518	0.4934	0.5003	0.4992	0.6054	0.4993	0.5027	0.4944	1.0000	0.5088	0.3607	0.4911	0.4858
0.3175	0.3573	1.0000	0.3483	0.5084	0.4861	0.5069	0.6518	0.4934	0.5003	0.4992	0.5269	0.4993	0.5027	0.4944	0.5218	0.5088	0.3607	0.4911	0.4858
0.0000	0.3573	0.0000	0.3483	0.5084	0.4861	0.5069	0.6518	0.3681	0.5003	0.4992	0.5238	0.4993	0.5027	0.4944	0.5218	0.5088	0.3607	0.4911	0.4858
0.0000	0.3573	0.5502	0.3483	0.5084	0.4861	0.5069	0.3694	0.3681	0.5003	0.4992	0.5238	0.4993	0.5027	0.4944	0.5218	0.5088	0.3607	0.4911	0.4858
0.0826	0.3758	0.2749	0.3483	0.4780	0.4861	0.5069	0.5169	0.3681	0.5003	0.4992	0.5238	0.4993	0.5027	0.4944	0.5218	0.5088	0.3607	0.4911	0.3282
0.7533	0.3758	0.2693	0.3483	0.4780	0.4861	0.5069	0.5169	0.3681	0.5003	0.4992	0.5238	0.4993	0.5027	0.4944	0.5218	0.5088	0.3607	0.4911	0.6617
0.5115	0.3758	0.4966	0.3483	0.4780	0.4861	0.5069	0.5169	0.3681	0.5003	0.4992	0.5238	0.4993	0.5027	0.4944	0.5218	0.5088	0.3607	0.4911	0.6617
0.5115	0.3758	0.4966	0.3483	0.4780	0.6607	0.5069	0.5169	0.3681	0.5003	0.4992	0.5238	0.4993	0.5027	0.4944	0.5218	0.5088	0.5196	0.4911	0.5221
0.5115	0.3590	0.4966	0.3483	0.3610	0.6607	0.5069	0.5169	0.3681	0.5003	0.4992	0.5238	0.4993	0.5027	0.4944	0.5218	0.5088	0.5196	0.4911	0.4917
0.5158	0.3590	0.5049	0.3483	0.3610	0.6607	0.5069	0.5169	0.3681	0.5003	0.4992	0.5238	0.4993	0.5027	0.4944	0.5218	0.5088	0.5196	0.4911	0.6509
0.5158	0.3590	0.5049	0.3483	0.3610	0.6607	0.5069	0.5169	0.3681	0.5003	0.4992	0.5238	0.4993	0.5027	0.4944	0.5218	0.5088	0.5196	0.4911	0.6509
0.5158	0.3590	0.5049	0.4787	0.3610	0.4880	0.5069	0.5169	0.4993	0.5003	0.4992	0.3728	0.4993	0.5027	0.4944	0.5218	0.5088	0.5196	0.4911	0.6509
0.5158	0.3590	0.5049	0.4787	0.3610	0.4880	0.5069	0.5169	0.4993	0.5003	0.4992	0.6376	0.4993	0.5027	0.4944	0.5218	0.5088	0.5196	0.4911	0.6509
0.5158	0.3590	0.5049	0.4787	0.3610	0.4880	0.5069	0.5169	0.4993	0.5003	0.4992	0.6376	0.4993	0.5027	0.4944	0.5218	0.5088	0.4774	0.4911	0.6509
0.5158	0.5195	0.5049	0.3483	0.3610	0.4880	0.5069	0.5169	0.4993	0.5003	0.4992	0.6376	0.4993	0.5027	0.4944	0.5002	0.5088	0.4774	0.4911	0.6509
0.5158	0.5195	0.5049	0.3483	0.3610	0.4880	0.5069	0.5169	0.4993	0.5003	0.4992	0.6376	0.4993	0.5027	0.4944	0.5002	0.5088	0.4774	0.4911	0.6509
0.5158	0.5195	0.5049	0.3483	0.3610	0.4880	0.5069	0.5118	0.4993	0.5003	0.5012	0.6376	0.4993	0.5027	0.4944	0.5002	0.5088	0.4774	0.4911	0.6509
0.3888	0.4720	0.5049	0.5211	0.3610	0.4880	0.5069	0.5118	0.4993	0.5003	0.5012	0.6376	0.4993	0.5027	0.4944	0.5002	0.5088	0.5058	0.4911	0.6509
0.3888	0.4720	0.5049	0.5211	0.3610	0.4880	0.5069	0.5118	0.4993	0.5003	0.5012	0.6376	0.4993	0.5027	0.4944	0.5002	0.5088	0.5058	0.4911	0.6509
0.5109	0.4720	0.5049	0.5211	0.3610	0.4880	0.5069	0.5118	0.4993	0.5003	0.5012	0.6376	0.4993	0.5027	0.4944	0.5002	0.5088	0.5058	0.4911	0.6509
0.3459	0.4720	0.5049	0.5211	0.3610	0.4880	0.5069	0.5118	0.4946	0.5003	0.5012	0.6376	0.4993	0.5027	0.4944	0.5002	0.5088	0.5058	0.4911	0.6509
0.3459	0.3631	0.5049	0.5036	0.3610	0.4877	0.5069	0.5118	0.4946	0.6444	0.5012	0.6376	0.4993	0.5027	0.4944	0.5002	0.5088	0.4894	0.4911	0.6509
0.5091	0.3631	0.5049	0.5036	0.3610	0.4877	0.5069	0.5118	0.4946	0.6444	0.5012	0.6376	0.4993	0.5027	0.4944	0.5002	0.5088	0.4894	0.4911	0.6509
0.5091	0.3631	0.5049	0.5036	0.3610	0.4877	0.5069	0.5118	0.4946	0.6444	0.5012	0.6376	0.4993	0.5027	0.4944	0.5002	0.5088	0.4894	0.4911	0.6509
0.5091	0.4872	0.5049	0.5036	0.4764	0.4877	0.5069	0.5118	0.4946	0.6444	0.5012	0.6376	0.4993	0.5027	0.4944	0.5002	0.5088	0.4894	0.4911	0.4928
0.5091	0.4872	0.5049	0.5036	0.4764	0.4877	0.5069	0.5118	0.4946	0.6444	0.5012	0.6376	0.4993	0.5027	0.5041	0.5002	0.5088	0.4894	0.4911	0.4928
0.5091	0.4872	0.5049	0.5036	0.4764	0.4877	0.5069	0.5118	0.4946	0.6444	0.5012	0.6376	0.4993	0.5027	0.5041	0.5002	0.5088	0.4894	0.4911	0.4928
0.5091	0.4872	0.5049	0.5036	0.4764	0.4877	0.5069	0.5118	0.5123	0.6444	0.5012	0.6376	0.4993	0.5027	0.5041	0.5002	0.5088	0.4894	0.4911	0.5140
0.5091	0.4872	0.5049	0.5036	0.4764	0.4877	0.6521	0.5118	0.5123	0.6444	0.5012	0.6376	0.4993	0.5027	0.5041	0.5002	0.5088	0.4894	0.5134	0.5140
0.5091	0.5198	0.5049	0.5036	0.4764	0.4877	0.6521	0.5118	0.5123	0.6444	0.5012	0.6376	0.4993	0.5027	0.5077	0.5002	0.5088	0.4894	0.5134	0.4960
0.5091	0.5198	0.5049	0.6512	0.4764	0.4877	0.6521	0.5118	0.5123	0.6444	0.5012	0.6376	0.4993	0.5027	0.5077	0.5002	0.5088	0.4894	0.5134	0.4960
0.5091	0.5198	0.5049	0.6528	0.4764	0.4877	0.6521	0.5118	0.5123	0.6444	0.5012	0.3501	0.4993	0.5027	0.5077	0.5002	0.5088	0.4894	0.5134	0.4960
0.5091	0.3645	0.5049	0.6528	0.4764	0.4877	0.6453	0.5118	0.5123	0.6444	0.5012	0.3501	0.4993	0.5027	0.5077	0.5002	0.5088	0.4894	0.5134	0.4960
0.5091	0.3645	0.5049	0.6528	0.4764	0.4877	0.6453	0.5118	0.5123	0.6444	0.5012	0.3501	0.4993	0.5027	0.5077	0.5002	0.5088	0.4894	0.5134	0.4960
0.5091	0.3645	0.5049	0.6528	0.4764	0.4877	0.6453	0.5118	0.5123	0.6444	0.5012	0.6400	0.4993	0.5027	0.5077	0.5002	0.4986	0.4894	0.5134	0.4960
0.5091	0.3645	0.5049	0.6528	0.4764	0.4877	0.6453	0.5118	0.5123	0.6444	0.5012	0.6400	0.4993	0.5027	0.5077	0.5002	0.4986	0.4894	0.5134	0.4960
0.5091	0.3645	0.5049	0.6528	0.4858	0.4877	0.6453	0.5118	0.5123	0.6444	0.5012	0.6400	0.4993	0.5027	0.5077	0.5002	0.4986	0.4894	0.5134	0.4960
0.5091	0.3645	0.5049	0.6528	0.4858	0.4877	0.6453	0.5118	0.5123	0.6444	0.4914	0.6400	0.4993	0.5027	0.5077	0.5002	0.4986	0.4894	0.5134	0.4960
0.5091	0.3645	0.5049	0.6330	0.4858	0.4877	0.5112	0.5118	0.5123	0.6444	0.4914	0.6400	0.4993	0.5027	0.5077	0.5002	0.4986	0.4894	0.5134	0.4960
0.5091	0.3645	0.5049	0.6340	0.4858	0.4877	0.5112	0.5118	0.5123	0.6444	0.4914	0.5093	0.4993	0.5027	0.5077	0.5002	0.4986	0.4894	0.5134	0.4960
0.5091	0.3645	0.5049	0.6340	0.4858	0.4877	0.5112	0.5118	0.5123	0.4905	0.4914	0.5093	0.4993	0.5027	0.5077	0.5002	0.4986	0.4894	0.5134	0.4960
0.5091	0.3645	0.5049	0.6340	0.4858	0.4877	0.5112	0.5118	0.5123	0.4905	0.4914	0.5093	0.4993	0.5027	0.5077	0.5002	0.4986	0.4894	0.5040	0.4960
0.5091	0.3645	0.5049	0.6340	0.4858	0.4877	0.5112	0.5118	0.5123	0.4905	0.4914	0.5093	0.4993	0.5027	0.5077	0.5002	0.4986	0.4894	0.5040	0.4960
0.5091	0.3645	0.5049	0.6340	0.4858	0.4877	0.5112	0.5118	0.5123	0.4905	0.4914	0.5093	0.4993	0.5027	0.5077	0.5002	0.4986	0.4894	0.5040	0.4960
0.5091	0.3645	0.5049	0.6340	0.4858	0.4877	0.5062	0.5118	0.5123	0.4905	0.4914	0.5093	0.4993	0.5027	0.5077	0.5002	0.4986	0.4894	0.5040	0.4960
0.5091	0.3645	0.5049	0.6340	0.4858	0.4877	0.5062	0.5118	0.4875	0.4905	0.4914	0.5093	0.4993	0.5027	0.5077	0.5002	0.4986	0.4894	0.5040	0.4960
0.5091	0.3645	0.5049	0.6340	0.4858	0.4877	0.5062	0.5118	0.4875	0.4905	0.4914	0.5093	0.4993	0.5027	0.5077	0.5002	0.4986	0.4894	0.5040	0.4960
0.5091	0.3645	0.5049	0.6340	0.4858	0.4877	0.5105	0.5118	0.4875	0.4905	0.4914	0.5093	0.4993	0.5027	0.5077	0.5002	0.4986	0.4894	0.5040	0.4960
0.5091	0.3645	0.5049	0.6340	0.4858	0.4877	0.5105	0.5118	0.4875	0.4905	0.4914	0.5093	0.4993	0.5027	0.5077	0.5002	0.4986	0.4894	0.5040	0.4960
0.5091	0.3645	0.5049	0.6340	0.4858	0.4877	0.5105	0.5118	0.4875	0.4905	0.4914	0.5093	0.4993	0.5027	0.5077	0.5002	0.4986	0.4894	0.5040	0.4960
0.5091	0.3645	0.5049	0.6340	0.4901	0.4877	0.5105	0.5118	0.4875	0.4905	0.4914	0.5093	0.4993	0.5027	0.5077	0.5002	0.4986	0.4894	0.5040	0.4960
0.5091	0.3645	0.5049	0.6400	0.4901	0.4877	0.5105	0.5118	0.4875	0.4905	0.4914	0.5093	0.4993	0.5027	0.5077	0.5002	0.4986	0.4894	0.5040	0.4960
0.5091	0.3645	0.5049	0.6400	0.4901	0.5092	0.5105	0.5118	0.4875	0.4905	0.4914	0.5093	0.4993	0.5027	0.5077	0.5002	0.4986	0.4894	0.5040	0.4960
0.5091	0.3645	0.5049	0.6400	0.4901	0.5092	0.6393	0.5118	0.4875	0.4905	0.4914	0.5093	0.4993	0.5027	0.5077	0.5002	0.4986	0.4894	0.5040	0.4960
0.5091	0.3557	0.5049	0.4968	0.4901	0.5092	0.6393	0.5118	0.4875	0.4905	0.4914	0.5093	0.4993	0.5027	0.5077	0.5002	0.4986	0.4894	0.5040	0.4960
0.5091	0.5146	0.5049	0.4968	0.4901	0.5092	0.6393	0.5118	0.4875	0.4905	0.4914	0.5093	0.4993	0.5027	0.5077	0.5002	0.4986	0.4894	0.5040	0.4960
0.5091	0.5146	0.5049	0.4968	0.4901	0.5092	0.6393	0.5118	0.4875	0.4905	0.4914	0.5093	0.4993	0.5027	0.5077	0.5002	0.4986	0.4894	0.5040	0.4960
0.5091	0.5146	0.5049	0.4968	0.4901	0.5092	0.6393	0.5118	0.4875	0.4905	0.4914	0.5093	0.4993	0.5027	0.5077	0.5002	0.4986	0.4894	0.5040	0.4960
0.5091	0.5146	0.5049	0.4968	0.4901	0.5092	0.6393	0.5118	0.4875	0.4905	0.4914	0.5093	0.4993	0.5027	0.5077	0.5002	0.4986	0.4894	0.5040	0.4960
0.5091	0.5146	0.5049	0.4968	0.4901	0.5092	0.6393	0.5118	0.4875	0.4905	0.4914	0.5093	0.4993	0.5027	0.5077	0.5002	0.4986	0.4894	0.5040	0.4960
0.5091	0.5146	0.5049	0.4968	0.4901	0.5092	0.6393	0.5118	0.4875	0.4905	0.4914	0.5018	0.4993	0.5027	0.5077	0.5002	0.4986	0.4894	0.5040	0.4960
0.5091	0.5146	0.5049	0.4968	0.4901	0.5092	0.6393	0.5118	0.4875	0.4905	0.4914	0.5018	0.4993	0.5027	0.5077	0.4894	0.4986	0.4894	0.5040	0.4960
0.5091	0.5146	0.5049	0.4968	0.4901	0.5092	0.6393	0.5118	0.4875	0.5045	0.4914	0.5018	0.4993	0.5027	0.5077	0.4894	0.4986	0.4894	0.5040	0.4960
0.5091	0.5146	0.5049	0.4968	0.4901	0.5092	0.6393	0.5118	0.4875	0.5045	0.4914	0.5018	0.4993	0.5027	0.5077	0.4894	0.4986	0.4894	0.5040	0.4960
0.5091	0.5146	0.5049	0.4968	0.4901	0.5092	0.6393	0.5118	0.4875	0.5045	0.4914	0.5018	0.4993	0.5027	0.5077	0.4894	0.4986	0.4894	0.5040	0.4960
0.5091	0.5146	0.5049	0.4968	0.4901	0.5092	0.6393	0.5118	0.4875	0.5045	0.4914	0.5018	0.4993	0.5027	0.5077	0.4894	0.4986	0.4894	0.5040	0.4960
0.5091	0.5146	0.5049	0.4968	0.4901	0.5092	0.6393	0.5118	0.4875	0.5045	0.4914	0.5018	0.4993	0.5027	0.5077	0.4894	0.4986	0.4894	0.5040	0.4960
0.5091	0.5146	0.5049	0.4968	0.4901	0.5092	0.6393	0.5118	0.4875	0.5045	0.4914	0.5018	0.4993	0.5027	0.5077	0.4894	0.4986	0.4894	0.5040	0.4960
0.5091	0.5146	0.5049	0.4968	0.4901	0.5092	0.6393	0.5118	0.4875	0.5045	0.4914	0.5018	0.4993	0.5027	0.5077	0.4894	0.4986	0.4894	0.5040	0.4960
0.5091	0.5146	0.5049	0.4968	0.4901	0.5092	0.6393	0.5118	0.4875	0.5045	0.4914	0.5018	0.4993	0.5027	0.5077	0.4894	0.4986	0.4894	0.5040	0.4863
0.5091	0.5146	0.5049	0.4968	0.4901	0.5092	0.6393	0.5118	0.4875	0.5045	0.4914	0.5018	0.4993	0.5027	0.5077	0.4894	0.4986	0.4894	0.5040	0.4863
0.5091	0.5146	0.5049	0.4968	0.4901	0.5092	0.6393	0.5118	0.4875	0.5045	0.4914	0.5018	0.4993	0.5027	0.5077	0.4894	0.4986	0.4894	0.5040	0.4863
0.5091	0.5146	0.5049	0.4968	0.4901	0.5092	0.6393	0.5118	0.4875	0.5045	0.4914	0.5018	0.4993	0.5027	0.5077	0.4894	0.4986	0.4894	0.5040	0.4863
0.5091	0.5146	0.5049	0.4968	0.4901	0.5092	0.6393	0.5118	0.4875	0.5045	0.4914	0.5018	0.4993	0.5027	0.5077	0.4894	0.4986	0.4894	0.5040	0.4863
0.5091	0.5146	0.5049	0.4968	0.4901	0.5092	0.6393	0.5118	0.4875	0.5045	0.4914	0.5018	0.4993	0.5027	0.5077	0.4894	0.4986	0.4894	0.5040	0.4863
0.5091	0.5146	0.5049	0.4968	0.4901	0.5092	0.6393	0.5118	0.4875	0.5045	0.4914	0.5018	0.4993	0.5027	0.5077	0.4894	0.4986	0.4894	0.5040	0.4863
