0.6373	0.5255	0.2285	0.6429	0.1480	0.8248	0.8711	0.3761	0.7407	0.7946	0.4223	0.6839	0.7154	0.7445	0.2599	0.7922	0.4231	0.0408	0.1111	0.9370
0.3884	0.6402	0.6464	0.1963	0.4941	0.1447	0.3880	0.4987	0.3510	0.6014	0.4123	0.3655	0.3502	0.0000	0.8632	0.0000	0.6150	0.8570	1.0000	0.5011
0.5021	0.7586	0.7233	0.8938	0.5399	0.2557	0.1742	0.8567	0.6429	0.3411	1.0000	0.5602	1.0000	0.8152	1.0000	0.7274	0.8631	0.5333	0.6491	0.2563
0.5021	0.2115	0.6082	0.9660	0.3207	0.5656	0.7831	1.0000	0.6429	0.3411	0.8223	0.0000	0.6256	1.0000	0.4524	0.6605	0.6584	0.3406	0.3455	0.0585
0.5021	0.3416	0.7409	0.0000	0.3349	0.1632	0.0000	0.8267	0.4220	0.8909	0.0000	0.3308	0.6104	0.0000	0.2585	0.4955	0.5862	0.3406	0.5626	1.0000
0.5021	0.3054	0.8245	0.6216	0.4188	0.0000	0.4918	0.0000	0.9892	0.5686	0.7829	0.0000	0.6389	0.3568	0.3469	0.3296	0.4895	0.4249	0.5626	0.6525
0.5835	0.3157	0.3709	0.2070	0.8120	0.7997	0.0000	0.4207	0.5971	0.0000	0.5737	0.0000	0.7367	1.0000	0.3469	1.0000	0.6095	0.5692	0.5772	0.4926
0.5835	0.5681	0.9117	0.2592	0.6236	0.4172	0.0000	0.5755	0.0000	0.6457	0.5737	0.3348	0.6147	0.4678	0.3473	0.0000	0.9924	0.4165	0.4952	0.4926
0.5835	0.4066	0.4999	1.0000	0.3215	0.3921	0.4108	0.3484	0.1475	0.2844	0.9216	0.3348	0.5665	0.9405	0.3465	0.3336	0.4159	0.5752	0.4952	0.4154
0.6539	0.0000	1.0000	0.6339	0.5014	0.6144	0.1503	0.3604	0.5726	0.9311	0.2373	0.6544	0.0000	0.6500	0.3465	0.1177	1.0000	0.6582	0.4952	0.4154
0.0796	0.5087	0.5803	0.3661	0.4086	0.6205	0.4215	0.0000	0.5726	1.0000	0.4074	0.3453	0.4337	0.5867	0.3465	0.0000	0.4396	0.6582	1.0000	0.4154
0.0000	0.5659	0.0000	0.6417	0.5741	0.7206	1.0000	0.3412	0.2704	0.7781	0.3272	0.3453	0.4337	0.2816	0.5087	0.1491	0.0344	0.4295	1.0000	0.4154
0.4289	0.5659	0.7360	0.9846	0.5741	0.5625	0.7315	0.4207	0.2704	0.3509	0.0000	0.3453	0.4337	1.0000	0.5087	0.5390	0.0000	0.1056	0.3902	0.4154
1.0000	0.5947	0.8642	0.3300	0.5741	0.5625	0.5061	0.4207	0.6483	0.0420	0.0000	0.3453	0.4337	0.3655	0.5087	1.0000	0.8122	0.5864	0.6475	0.3953
0.3339	0.4988	0.3845	0.7174	0.7320	0.5625	0.7359	0.4207	0.2857	1.0000	1.0000	0.3453	0.4337	0.6524	0.5672	0.7161	0.3282	0.5864	1.0000	0.4221
0.0000	0.4988	0.0000	1.0000	0.4932	0.4885	0.3616	0.4848	0.5035	0.8699	0.3276	0.3453	0.4337	0.5712	0.5672	0.6431	0.5938	0.5864	0.4362	0.4221
0.3371	0.4988	0.4349	0.0000	0.5823	0.4885	0.6006	0.4899	0.4405	0.6557	0.0000	0.3453	0.4337	0.5712	0.5672	0.4164	0.5938	0.5864	0.8897	0.4221
0.5863	0.4275	0.0000	0.0000	0.5823	0.4885	0.3909	0.4899	0.4726	0.6557	0.3036	0.3453	0.4337	0.5712	0.5672	0.0000	0.0701	0.4278	0.5699	0.4221
0.5863	0.4275	0.6059	0.5195	0.5823	0.4885	0.6021	0.5069	0.0852	0.5839	0.3533	0.3453	0.4337	0.5712	0.5664	0.4968	0.1910	0.9263	0.4166	0.5716
0.5863	0.4275	0.6489	0.6584	0.5823	0.4885	0.1268	0.7978	0.8976	0.5839	0.6475	0.3453	0.4337	0.5712	0.5664	0.4968	0.5756	0.5653	0.4965	0.5716
0.5863	0.4275	0.6489	0.5659	0.5823	0.6567	0.3583	0.7029	0.0000	0.5839	0.6475	0.3453	0.4171	0.4954	0.3554	0.4968	0.5756	0.4294	0.4938	0.5716
0.5863	0.4275	0.6489	0.6539	0.4218	0.6567	0.5638	0.5691	0.0307	0.5839	0.4937	0.3453	0.4171	0.4954	0.3554	0.4968	0.5756	0.6510	0.2770	0.5716
0.5863	0.4275	0.6489	0.6539	0.4218	0.6567	0.4237	0.5691	0.3404	0.5839	0.4937	0.3453	0.4171	0.4954	0.3554	0.4968	0.5756	0.5739	0.3556	0.5716
0.3461	0.4275	0.0409	0.6539	0.4218	0.6567	0.9035	0.5691	0.3404	0.5839	0.4937	0.3453	0.4171	0.4954	0.3554	0.4373	0.5756	0.5739	0.3474	0.5716
0.3461	0.4275	0.7324	0.6539	0.4218	0.6567	0.5988	0.5745	0.4279	0.5839	0.4937	0.3453	0.4171	0.4954	0.5107	0.4373	0.5756	0.5739	0.3470	0.5716
0.3461	0.4275	0.5646	0.6539	0.4218	0.5875	0.7397	0.3413	0.4279	0.5678	0.4937	0.3453	0.4171	0.4954	0.5107	0.4373	0.2673	0.5855	0.3470	0.5716
0.3461	0.4275	0.5646	0.6539	0.4218	0.5875	0.5737	0.7253	0.4279	0.5013	0.4937	0.3453	0.4171	0.4954	0.5107	0.4977	0.2673	0.5855	0.3470	0.5716
0.3461	0.4275	0.4966	0.6539	0.4218	0.5875	0.5737	0.5067	0.4279	0.5013	0.4937	0.5661	0.4171	0.4974	0.5107	0.4977	0.4158	0.5855	0.3470	0.5716
0.3461	0.4275	0.5162	0.6539	0.4218	0.5875	0.5737	0.5067	0.5857	0.5013	0.4937	0.5666	0.4171	0.4974	0.5107	0.4977	0.5760	0.5855	0.3533	0.5716
0.3461	0.4275	0.4259	0.6539	0.4218	0.5145	0.5728	0.5067	0.5857	0.5013	0.4937	0.5666	0.4171	0.4974	0.5107	0.4977	0.5760	0.5855	0.2821	0.5716
0.3461	0.4275	0.4259	0.6539	0.4218	0.5145	0.5740	0.5067	0.4206	0.5013	0.3465	0.5666	0.4171	0.4974	0.5107	0.4977	0.5017	0.5855	0.7137	0.5716
0.3461	0.4275	0.4259	0.5720	0.4273	0.3463	0.4224	0.5067	0.4206	0.5013	0.3465	0.0000	0.4171	0.4974	0.5107	0.4977	0.5017	0.5855	0.4733	0.5716
0.3461	0.4275	0.4259	0.5720	0.4273	0.3463	0.4224	0.5067	0.4206	0.5013	0.3465	0.2067	0.3491	0.4974	0.5107	0.3561	0.5017	0.5052	0.4921	0.5716
0.3461	0.4275	0.4259	0.6566	0.4273	0.3463	0.4224	0.5067	0.4206	0.5013	0.5737	0.5731	0.3491	0.4974	0.4965	0.3561	0.5017	0.5052	0.4921	0.5716
0.3461	0.5677	0.4259	0.6566	0.4273	0.4173	0.4998	0.5067	0.4206	0.5013	0.5737	0.5731	0.3491	0.4974	0.4965	0.3561	0.5017	0.3339	0.4921	0.5716
0.3461	0.5677	0.4259	0.6566	0.4273	0.5712	0.4998	0.5067	0.4297	0.5013	0.5737	0.4914	0.3491	0.4974	0.4965	0.4164	0.5017	0.3339	0.4921	0.5716
0.5642	0.5677	0.4259	0.6566	0.4273	0.5712	0.4998	0.5067	0.5017	0.5013	0.5737	0.4914	0.3491	0.4974	0.4965	0.6551	0.5017	0.7285	0.4921	0.5716
0.5642	0.5677	0.4259	0.6566	0.4273	0.5712	0.4998	0.5067	0.5017	0.5013	0.5737	0.4081	0.3491	0.4974	0.4965	0.6551	0.5017	0.5671	0.4921	0.5716
0.5642	0.6579	0.4259	0.6566	0.4273	0.5712	0.4998	0.5067	0.4215	0.5013	0.5737	0.4081	0.3491	0.4974	0.4965	0.6551	0.5017	0.5671	0.4921	0.5716
0.5642	0.6579	0.4259	0.6566	0.4273	0.5712	0.4998	0.5067	0.4215	0.5013	0.5737	0.5703	0.3491	0.4974	0.4965	0.4848	0.5017	0.5671	0.4921	0.5716
0.5642	0.3478	0.4259	0.6566	0.4273	0.5712	0.4998	0.5067	0.4215	0.5013	0.5737	0.5703	0.3491	0.4974	0.4965	0.4848	0.5017	0.5671	0.4921	0.5716
0.4238	0.3478	0.4259	0.6566	0.4273	0.4302	0.4998	0.5067	0.4215	0.5013	0.5737	0.5703	0.3491	0.4974	0.4965	0.4848	0.5017	0.5671	0.4921	0.5716
0.4238	0.3478	0.4259	0.6566	0.4273	0.4302	0.4998	0.5067	0.4215	0.5013	0.4185	0.5703	0.3491	0.4974	0.4177	0.4942	0.5017	0.5671	0.4921	0.5716
0.4238	0.3478	0.4259	0.6566	0.4273	0.4302	0.4998	0.5067	0.4215	0.5013	0.4185	0.5703	0.3370	0.4974	0.4177	0.4942	0.5017	0.5671	0.4921	0.5716
0.4238	0.3478	0.4259	0.6566	0.4273	0.4902	0.4998	0.5067	0.4215	0.5013	0.4185	0.6525	0.4257	0.4974	0.4177	0.4942	0.5017	0.5671	0.4921	0.5716
0.4238	0.3478	0.4259	0.6566	0.4273	0.4902	0.4998	0.3434	0.4215	0.5013	0.4185	0.4999	0.4257	0.4974	0.4177	0.4942	0.5017	0.5671	0.4921	0.5716
0.4238	0.3478	0.4259	0.6566	0.4273	0.4902	0.4998	0.6581	0.4215	0.5013	0.4185	0.4999	0.6559	0.4974	0.4177	0.4942	0.5017	0.5671	0.4921	0.5716
0.4238	0.3478	0.4259	0.6566	0.4273	0.4902	0.4998	0.6581	0.4215	0.5013	0.4185	0.4999	0.6559	0.4974	0.4177	0.4942	0.5017	0.6581	0.4921	0.5716
0.4238	0.3478	0.4259	0.6566	0.4273	0.6594	0.4998	0.6581	0.4215	0.5013	0.4185	0.4999	0.6559	0.4974	0.4177	0.4942	0.5017	0.6581	0.4921	0.5716
0.4238	0.3478	0.4259	0.6566	0.4273	0.6594	0.5840	0.6581	0.4215	0.5013	0.4185	0.4999	0.6559	0.4974	0.4177	0.4942	0.5017	0.6581	0.4921	0.5716
0.4238	0.3478	0.4259	0.6566	0.4273	0.6594	0.5840	0.6581	0.4215	0.5013	0.4185	0.4999	0.6559	0.4974	0.4177	0.4942	0.5017	0.3544	0.4921	0.5716
0.4238	0.3478	0.4259	0.6566	0.4273	0.5072	0.5840	0.6581	0.4215	0.5013	0.4185	0.4999	0.6559	0.4974	0.4177	0.4942	0.5017	0.3544	0.5145	0.5716
0.4238	0.5027	0.4259	0.6566	0.4273	0.5072	0.5840	0.6581	0.4215	0.5013	0.4185	0.4999	0.6559	0.4994	0.4177	0.4942	0.5017	0.3544	0.5844	0.5716
0.4238	0.5027	0.4259	0.6566	0.4273	0.5072	0.5840	0.6581	0.4215	0.5013	0.4185	0.4999	0.6559	0.5738	0.4177	0.4942	0.5017	0.3544	0.5844	0.5716
0.5756	0.5027	0.4259	0.6566	0.4273	0.5072	0.5840	0.6581	0.4215	0.5013	0.4185	0.4999	0.6559	0.5738	0.5036	0.4942	0.5017	0.3544	0.5844	0.5716
0.5756	0.5027	0.4259	0.6566	0.4273	0.5072	0.5840	0.6581	0.4215	0.5013	0.4185	0.4999	0.6559	0.5738	0.5036	0.4942	0.5017	0.5636	0.5844	0.5716
0.5756	0.5027	0.4259	0.6566	0.4273	0.5072	0.5840	0.6581	0.4215	0.5013	0.4185	0.5086	0.6559	0.5738	0.5036	0.3494	0.5017	0.5636	0.4227	0.5738
0.5756	0.5027	0.4259	0.6566	0.4273	0.5072	0.5840	0.6581	0.4215	0.5013	0.4185	0.5086	0.6559	0.5738	0.5036	0.3494	0.5017	0.5636	0.4227	0.5738
0.5756	0.5027	0.4259	0.6566	0.4273	0.5072	0.5840	0.5838	0.4215	0.5013	0.4185	0.5086	0.6559	0.5738	0.5036	0.3494	0.5017	0.5636	0.4227	0.5738
0.5756	0.5027	0.4259	0.6566	0.4273	0.5072	0.5840	0.5838	0.4215	0.5013	0.4185	0.5086	0.4938	0.5738	0.5036	0.4268	0.5017	0.5636	0.4227	0.5738
0.5756	0.5027	0.4259	0.5056	0.4273	0.5072	0.5840	0.5838	0.4215	0.5013	0.4185	0.5086	0.4938	0.5738	0.4962	0.4268	0.5017	0.5636	0.4227	0.5738
0.5756	0.5027	0.4259	0.5056	0.4273	0.5072	0.5840	0.5838	0.4215	0.5013	0.4185	0.5086	0.4938	0.5738	0.4962	0.4268	0.5017	0.5636	0.4227	0.5738
0.5756	0.5027	0.4259	0.6595	0.4273	0.5072	0.5002	0.5838	0.4215	0.5013	0.4195	0.5086	0.4938	0.5738	0.4962	0.4268	0.5017	0.5636	0.4227	0.5738
0.5756	0.5027	0.4259	0.6595	0.4273	0.5072	0.5002	0.5838	0.4215	0.5013	0.4195	0.5086	0.4938	0.5738	0.4962	0.4268	0.5017	0.5636	0.4227	0.5738
0.5756	0.5027	0.4259	0.6595	0.4273	0.5072	0.5002	0.5838	0.4215	0.5013	0.4195	0.5086	0.4938	0.5738	0.4962	0.4268	0.5017	0.5636	0.4227	0.5738
0.5756	0.5027	0.4259	0.5103	0.4273	0.5072	0.5002	0.5838	0.4215	0.5013	0.4195	0.5086	0.4938	0.5738	0.4962	0.4268	0.5017	0.5636	0.4227	0.5738
0.5756	0.5027	0.4259	0.4257	0.4273	0.5072	0.5002	0.5838	0.4215	0.5013	0.4195	0.5086	0.4938	0.5738	0.4962	0.4268	0.5017	0.5636	0.4227	0.5738
0.5756	0.5027	0.4259	0.4257	0.4273	0.5072	0.5002	0.5838	0.4215	0.5013	0.4195	0.5854	0.4938	0.5738	0.4962	0.4268	0.5017	0.5636	0.4227	0.5738
0.5756	0.5027	0.4259	0.4257	0.4273	0.5072	0.5002	0.5838	0.4215	0.5013	0.4195	0.5854	0.4938	0.5738	0.4962	0.4268	0.5017	0.5636	0.4227	0.5738
0.5756	0.5027	0.4259	0.4257	0.4273	0.5072	0.5002	0.5838	0.4215	0.5013	0.4195	0.5854	0.4938	0.5738	0.4962	0.4268	0.5017	0.5636	0.4227	0.5738
0.4263	0.5027	0.4259	0.4257	0.4273	0.5072	0.5002	0.5838	0.4215	0.5013	0.4195	0.5854	0.4938	0.5738	0.4962	0.5827	0.5017	0.5636	0.4227	0.5738
0.4263	0.5027	0.4259	0.4257	0.4273	0.5072	0.5002	0.5838	0.4215	0.5013	0.4195	0.5854	0.4938	0.5738	0.4962	0.5827	0.5017	0.4964	0.4227	0.5738
0.4263	0.5027	0.4259	0.4257	0.4273	0.5072	0.5002	0.5838	0.4215	0.5013	0.4195	0.5854	0.4938	0.5738	0.4962	0.5827	0.5017	0.4964	0.4227	0.5738
0.4263	0.5027	0.4259	0.4257	0.4273	0.5072	0.5002	0.5838	0.4215	0.5013	0.4195	0.5854	0.4938	0.5738	0.4962	0.5827	0.5017	0.4964	0.4227	0.5738
0.4263	0.5027	0.4259	0.4257	0.4273	0.5072	0.5002	0.5838	0.4215	0.5013	0.4195	0.5854	0.4938	0.5738	0.4962	0.5827	0.5017	0.4964	0.4227	0.5738
0.4263	0.5027	0.4259	0.4257	0.4273	0.5072	0.5002	0.5838	0.4215	0.5013	0.4195	0.5854	0.4938	0.5738	0.4962	0.5827	0.5017	0.4964	0.4227	0.5738
0.4263	0.5027	0.4259	0.4257	0.4273	0.5072	0.5002	0.5838	0.4215	0.5013	0.4195	0.5854	0.4938	0.5738	0.4962	0.5827	0.5017	0.4964	0.4227	0.5738
0.4263	0.5027	0.4259	0.4257	0.4273	0.5072	0.5002	0.5838	0.4215	0.5013	0.4195	0.5854	0.4938	0.5738	0.4962	0.5827	0.5017	0.4964	0.4227	0.5738
0.4263	0.5027	0.4259	0.4257	0.4273	0.5072	0.5002	0.5838	0.4215	0.5013	0.4195	0.5854	0.4938	0.5738	0.4962	0.5827	0.5017	0.4964	0.4227	0.5738
0.4263	0.5027	0.4259	0.4257	0.4273	0.5072	0.5002	0.4180	0.4215	0.5013	0.4195	0.5854	0.4938	0.5738	0.4962	0.5827	0.5017	0.4964	0.4227	0.5738
0.4263	0.5027	0.4259	0.4257	0.4273	0.5072	0.5011	0.4180	0.4215	0.5013	0.4195	0.5854	0.4938	0.5738	0.4962	0.5827	0.5017	0.4964	0.4227	0.5738
0.4263	0.5027	0.4259	0.4257	0.4229	0.5072	0.5011	0.4180	0.4215	0.5013	0.4195	0.5854	0.4938	0.5738	0.4962	0.5827	0.5017	0.4964	0.4227	0.5738
0.4263	0.5027	0.4259	0.4257	0.4229	0.5072	0.5011	0.4180	0.4215	0.5013	0.4195	0.5854	0.4938	0.5738	0.4962	0.5827	0.5017	0.4952	0.4227	0.5738
0.4263	0.5027	0.4259	0.4257	0.4229	0.5705	0.5011	0.4180	0.4215	0.5013	0.4195	0.5854	0.4938	0.5738	0.4962	0.5827	0.5017	0.4952	0.4227	0.5738
0.4263	0.5027	0.4259	0.4257	0.4229	0.5705	0.5011	0.4180	0.4215	0.5013	0.4195	0.5854	0.4938	0.5738	0.4962	0.5827	0.5017	0.4952	0.4227	0.5738
0.5812	0.5027	0.4259	0.4257	0.4229	0.5705	0.5011	0.4180	0.4215	0.5013	0.4195	0.5854	0.4938	0.5738	0.4962	0.5827	0.5017	0.4952	0.4227	0.5738
0.5812	0.5027	0.4259	0.4257	0.4229	0.5705	0.5011	0.4180	0.4215	0.5013	0.4195	0.5854	0.4938	0.5738	0.4962	0.5827	0.5017	0.4952	0.4227	0.5738
0.5812	0.5027	0.4259	0.4257	0.4229	0.5705	0.5011	0.4180	0.4215	0.5013	0.4195	0.5854	0.4938	0.5738	0.4962	0.5827	0.5017	0.4952	0.4227	0.5738
0.5812	0.5027	0.4259	0.4257	0.4229	0.5705	0.5011	0.4180	0.4215	0.5013	0.4195	0.5854	0.4938	0.5738	0.4962	0.5827	0.5017	0.4952	0.4227	0.5738
0.5812	0.5027	0.4259	0.4257	0.4229	0.5705	0.5011	0.4180	0.4215	0.5013	0.4195	0.5854	0.4938	0.5738	0.4962	0.5827	0.5017	0.4952	0.4227	0.5738
0.4985	0.5027	0.4259	0.4257	0.4229	0.5705	0.5011	0.4180	0.4215	0.5013	0.4195	0.5854	0.4938	0.5738	0.4962	0.5827	0.5017	0.4952	0.4227	0.5738
0.4985	0.5027	0.4259	0.4257	0.4229	0.5705	0.5011	0.4180	0.4215	0.5013	0.4195	0.5854	0.4938	0.5738	0.4962	0.5827	0.5017	0.4952	0.4227	0.5009
0.4985	0.5027	0.4259	0.4257	0.4229	0.5705	0.5011	0.4180	0.4215	0.5013	0.4195	0.5854	0.4938	0.5738	0.4962	0.5827	0.5017	0.4952	0.4227	0.5009
0.4985	0.5027	0.4259	0.4257	0.4229	0.5705	0.5011	0.4180	0.4215	0.5013	0.4195	0.5854	0.4938	0.5738	0.4962	0.5827	0.5017	0.4952	0.4227	0.5009
0.4985	0.5027	0.4259	0.4257	0.4229	0.5705	0.5011	0.4180	0.4215	0.5013	0.4195	0.5854	0.4938	0.5738	0.4962	0.5827	0.5017	0.4952	0.4227	0.5009
0.4985	0.5027	0.4259	0.4257	0.4229	0.5705	0.5011	0.4180	0.4215	0.5013	0.4195	0.5854	0.4938	0.5738	0.4962	0.5827	0.5017	0.4952	0.4227	0.5009
0.4985	0.5027	0.5039	0.4257	0.4229	0.5705	0.5011	0.4180	0.4215	0.5013	0.4195	0.5854	0.4938	0.5738	0.4962	0.5827	0.5017	0.4952	0.4227	0.5009
0.4985	0.5027	0.5039	0.4257	0.4229	0.5705	0.5011	0.4180	0.4215	0.5013	0.4195	0.5854	0.4938	0.5738	0.4962	0.5827	0.5017	0.4952	0.4227	0.5009
0.4985	0.5027	0.5039	0.4257	0.4229	0.5705	0.5011	0.4180	0.4215	0.5013	0.4195	0.5854	0.4938	0.5738	0.4962	0.5827	0.5017	0.4952	0.4227	0.5009
0.4985	0.5027	0.5039	0.4257	0.4229	0.5705	0.5011	0.4180	0.4215	0.5013	0.4195	0.5854	0.4938	0.5738	0.4962	0.5827	0.5017	0.4952	0.4227	0.5009
0.4985	0.5027	0.5039	0.4257	0.4229	0.5705	0.5011	0.4180	0.4215	0.5013	0.4195	0.5854	0.5827	0.5738	0.4962	0.5827	0.5017	0.4952	0.4227	0.5009
