0.1407	0.8909	0.1853	0.6528	0.8907	0.1780	0.5421	0.7720	0.4335	0.2901	0.6665	0.6716	0.0683	0.7247	0.0669	0.4592	0.3427	0.7116	0.0409	0.0105
0.4832	0.9799	0.6289	0.9723	1.0000	0.0000	0.7419	0.3429	0.3679	0.6982	0.6400	0.5173	0.2098	0.6414	0.2146	0.4935	0.5109	1.0000	0.0762	0.1864
1.0000	0.6243	0.5675	0.8736	0.2711	0.0000	0.3969	0.3429	0.5581	0.1679	0.0317	0.3447	0.3701	0.6414	0.1390	0.4935	0.2474	0.2396	1.0000	1.0000
0.6200	0.3100	0.2693	0.6095	1.0000	0.6381	1.0000	0.2765	0.6067	1.0000	1.0000	0.5160	0.1813	1.0000	0.0000	0.2379	0.7273	0.6516	0.2720	0.1738
0.4147	0.7853	0.9652	0.1879	1.0000	0.4740	1.0000	0.9702	0.4810	1.0000	0.5738	0.8233	0.6953	0.3720	0.3854	0.4979	0.4253	0.3602	0.5322	0.6230
0.6523	0.3336	0.0000	0.4814	0.5133	0.6361	0.3365	0.0000	0.6012	0.0000	0.6480	0.7642	0.0000	0.5853	0.7966	0.4979	0.3483	0.3525	0.7744	0.2485
0.7721	0.6684	0.4567	0.4814	0.5143	0.0000	0.5074	0.3477	0.0444	0.3600	0.1635	0.2883	0.2419	1.0000	0.6719	0.4979	0.2209	0.3782	0.5118	0.0000
0.3953	0.9989	0.4834	0.2437	0.5143	0.6325	0.5074	0.6101	0.0000	0.4809	0.3591	0.0000	0.3351	0.0226	0.5151	0.4979	0.1927	0.8648	0.3722	0.0496
0.5074	0.0000	0.5003	0.0000	0.5143	0.7250	0.5074	1.0000	0.8614	0.4809	0.7533	0.4881	0.9241	0.4455	0.2678	0.4979	0.4689	0.5020	0.3722	0.0000
0.5027	1.0000	0.5003	0.6377	0.5143	0.9678	0.5074	0.8841	1.0000	0.4809	1.0000	0.4881	0.6552	0.5088	0.5079	0.4979	0.7760	0.5020	0.2839	0.3372
0.4118	0.7902	0.5003	0.3936	0.3541	0.3386	0.5074	0.6337	0.3704	0.4809	0.7341	0.2985	0.5241	0.8133	0.2050	0.4979	0.0000	0.7423	0.3631	0.5729
0.6070	0.7744	0.5003	0.6621	0.0000	0.2154	0.5074	0.6337	0.6450	0.4809	0.3514	0.4028	0.4954	0.0664	0.4491	0.4979	0.5314	0.3393	0.3631	0.5192
0.4777	0.7744	0.5003	0.5001	0.6440	0.4744	0.5074	0.6541	0.6450	0.5090	0.3514	0.8529	0.6714	0.8423	0.1138	0.4979	0.9835	0.3305	0.3631	0.6257
0.3894	0.3357	0.5003	0.5001	0.6440	0.4744	0.5074	0.4795	0.4576	0.5090	0.4731	0.4981	0.3370	0.5099	0.3218	0.4979	0.2919	0.4564	0.3631	0.0000
0.7267	0.3357	0.5003	0.4867	0.6131	0.7893	0.5074	0.5265	0.3527	0.5005	0.3507	0.9598	0.0354	0.3752	0.1041	0.4979	0.3466	0.6888	0.3631	0.0000
0.5096	0.4749	0.5003	0.5132	0.2208	0.4869	0.5074	0.5497	0.6580	0.5005	0.5344	0.6497	0.3829	0.7313	0.6256	0.4979	0.3466	0.4780	0.5020	0.3667
0.5096	0.3483	0.5003	0.8722	0.4918	0.6441	0.5074	0.5094	0.6580	0.4982	0.0000	0.5058	0.3829	0.1446	0.4690	0.4979	0.5132	0.3583	0.3468	0.3667
0.5096	0.3483	0.5003	0.0922	0.4054	0.6441	0.5074	0.5094	0.3318	0.4982	0.5513	0.5087	0.3829	0.5787	0.9644	0.4979	0.5079	0.3583	0.5192	0.3810
0.5096	0.3483	0.5003	1.0000	0.6142	0.6441	0.5074	0.3567	0.3318	0.4982	0.6664	0.2691	0.5227	0.3263	0.9722	0.4979	0.5079	0.3628	0.6373	0.4694
0.5096	0.3483	1.0000	0.7620	0.6142	0.6441	0.5182	0.3567	0.3318	0.4982	0.0000	0.5378	0.1713	0.5012	0.5906	0.4979	0.5079	0.5204	0.9080	0.0000
0.5096	0.3483	0.5634	1.0000	0.0000	0.6441	0.5182	0.3567	0.3555	0.4982	0.3537	0.3533	0.3355	0.4769	0.4925	0.4979	0.5079	0.5204	0.2135	0.0000
0.5096	0.3483	0.5270	0.5091	0.6357	0.6441	0.5182	0.3567	0.3555	0.4982	0.5228	0.5241	1.0000	0.4952	0.4925	0.4979	0.3680	0.5204	0.0000	1.0000
0.5096	0.3483	0.3548	0.4957	0.4861	0.6441	0.5182	0.3840	0.3555	0.4982	0.5228	0.5241	0.0000	0.4952	0.4925	0.4979	0.3527	0.5204	0.3908	0.3749
0.5096	0.3483	0.6721	0.4957	0.4861	0.5073	0.5182	0.5217	0.3555	0.4982	0.5228	0.4852	0.6143	0.5108	0.4925	0.4979	0.4916	0.5204	0.3432	0.6665
0.5096	0.5036	0.6721	0.4957	0.4861	0.5073	0.5182	0.5217	0.5284	0.4982	0.5228	0.5106	0.3617	0.5108	0.4925	0.4979	0.6563	0.5204	0.3432	0.6955
0.5096	0.5036	0.6721	0.4957	0.4861	0.5109	0.5182	0.5217	0.5284	0.4982	0.5086	0.5106	0.4927	0.5108	0.4964	0.4979	0.3426	0.5204	0.4754	1.0000
0.5096	0.5036	0.7859	0.4957	0.4861	0.5109	0.5092	0.3526	0.3448	0.4982	0.3538	0.5083	0.4927	0.5108	0.4964	0.4979	0.3426	0.5204	0.6160	0.4764
0.5096	0.5036	0.4722	0.4957	0.4861	0.5109	0.5092	0.2386	0.1718	0.4982	0.3538	0.5083	0.4927	0.5108	0.6598	0.4979	0.3426	0.5204	0.6422	0.5315
0.5096	0.5036	0.4722	0.4957	0.4861	0.5109	0.5092	0.5747	0.0000	0.4982	0.3538	0.5083	0.4927	0.5108	0.4803	0.4979	0.3426	0.5204	0.2578	0.5315
0.5096	0.5036	0.4890	0.4957	0.4861	0.5109	0.5092	1.0000	0.6720	0.4982	0.5093	0.5083	0.4927	0.5108	0.0000	0.4979	0.3426	0.5204	0.5029	0.3198
0.5096	0.5036	0.4890	0.4957	0.4861	0.5109	0.5092	0.0000	1.0000	0.4982	0.5093	0.5083	0.4927	0.5108	1.0000	0.4979	0.3426	0.5204	0.4733	0.3521
0.5096	0.5036	0.4890	0.4957	0.4861	0.5004	0.5092	0.6247	0.6693	0.4982	0.5182	0.3648	0.4927	0.5108	0.3756	0.4979	0.3426	0.5204	0.7729	0.3521
0.5096	0.5036	0.4890	0.4957	0.4861	0.5004	0.5092	0.6247	0.5329	0.4982	0.6401	0.3648	0.4927	0.5108	0.3247	0.4979	0.3426	0.5204	0.4827	0.3521
0.5096	0.5036	0.4890	0.4957	0.4861	0.5004	0.5092	0.6247	0.5329	0.4982	0.6401	0.6542	0.4927	0.4985	0.6689	0.4979	0.3426	0.5204	0.4827	0.3521
0.5096	0.5036	0.4890	0.4957	0.4861	0.5004	0.5092	0.6247	0.5329	0.4982	0.6401	0.4890	0.3615	0.4985	0.6338	0.4979	0.3426	0.5204	0.4827	0.3521
0.5096	0.5036	0.4890	0.4957	0.4861	0.5004	0.5092	0.3509	0.5329	0.4982	0.6401	0.4890	0.3615	0.4985	0.3637	0.4979	0.5199	0.6488	0.4827	0.3521
0.5096	0.5036	0.4890	0.4929	0.4861	0.5004	0.5100	0.3509	0.6565	0.4982	0.6401	0.4890	0.3615	0.4985	0.3652	0.4979	0.5199	0.3700	0.4827	0.3521
0.5096	0.5036	0.4890	0.6692	0.4861	0.5004	0.5100	0.3571	0.3789	0.4982	0.6406	0.4890	0.5220	0.4985	0.6550	0.4979	0.5199	0.3659	0.4827	0.6559
0.5096	0.5036	0.4890	0.6692	0.4861	0.5004	0.5100	0.3571	0.6605	0.4982	0.6406	0.4890	0.5220	0.4985	0.6676	0.4979	0.5199	0.5041	0.4827	0.6559
0.5096	0.5036	0.4890	0.6692	0.4861	0.5004	0.5100	0.3571	0.6605	0.4982	0.6406	0.4890	0.5220	0.4985	0.3758	0.4961	0.5199	0.5041	0.4827	0.6559
0.5096	0.5036	0.4890	0.6692	0.4861	0.5004	0.5100	0.3571	0.6605	0.4982	0.6406	0.4890	0.3495	0.4985	0.3758	0.4961	0.5199	0.5041	0.4827	0.6559
0.5096	0.5036	0.4890	0.6692	0.4861	0.5004	0.5100	0.3571	0.6605	0.4982	0.6406	0.4890	0.3495	0.4985	0.5065	0.4961	0.5199	0.5041	0.4827	0.6559
0.5096	0.5036	0.4890	0.5034	0.4861	0.5004	0.5100	0.3571	0.6605	0.4982	0.6406	0.4890	0.3495	0.4985	0.5065	0.4961	0.5199	0.5041	0.4827	0.6559
0.5096	0.5036	0.5066	0.4903	0.5208	0.5004	0.5100	0.3571	0.5106	0.4982	0.6406	0.4890	0.3495	0.4985	0.5065	0.4961	0.5199	0.5041	0.4827	0.6559
0.5096	0.5036	0.5066	0.4903	0.5208	0.5004	0.5100	0.3571	0.5070	0.4982	0.5136	0.4890	0.3495	0.4985	0.5065	0.4961	0.5199	0.5041	0.4827	0.6559
0.5096	0.5036	0.5066	0.4903	0.3509	0.5004	0.5100	0.3571	0.5070	0.4982	0.4817	0.4890	0.3495	0.5019	0.5065	0.4961	0.5199	0.5041	0.4827	0.6559
0.5096	0.5036	0.5066	0.4903	0.5022	0.5004	0.5100	0.3571	0.5070	0.4982	0.4817	0.4890	0.3495	0.5019	0.5065	0.4961	0.5199	0.5041	0.5224	0.6559
0.5096	0.5036	0.5066	0.4903	0.5022	0.5004	0.5100	0.3571	0.5070	0.4982	0.5050	0.4890	0.3495	0.5019	0.5065	0.4961	0.5199	0.5041	0.5224	0.6559
0.5096	0.5036	0.5066	0.4903	0.5022	0.5004	0.5100	0.3571	0.5070	0.4982	0.5050	0.4890	0.3495	0.5019	0.5065	0.4961	0.5199	0.5041	0.5224	0.6559
0.5096	0.5036	0.5066	0.4903	0.5022	0.5004	0.5100	0.3571	0.5070	0.4982	0.5050	0.4890	0.3495	0.5019	0.5065	0.4961	0.5032	0.5041	0.5224	0.6559
0.5096	0.5036	0.5066	0.4903	0.5022	0.5004	0.5100	0.3571	0.6516	0.4982	0.6292	0.4890	0.3495	0.5019	0.5065	0.4961	0.5032	0.5041	0.5224	0.3778
0.5096	0.5036	0.5066	0.6164	0.5022	0.5004	0.5100	0.3571	0.5000	0.4982	0.4721	0.4890	0.5021	0.5019	0.5065	0.4961	0.5032	0.5041	0.5224	0.3778
0.5096	0.5036	0.5066	0.6164	0.4854	0.5004	0.5100	0.3571	0.5000	0.4982	0.4721	0.4890	0.5021	0.5019	0.5065	0.4961	0.5032	0.5041	0.5224	0.3498
0.5096	0.5036	0.5066	0.6164	0.4854	0.5004	0.5100	0.3571	0.5192	0.4982	0.4721	0.4890	0.5021	0.5019	0.5065	0.4961	0.5032	0.5041	0.5224	0.3498
0.5096	0.5036	0.5066	0.3277	0.4854	0.5004	0.5100	0.4737	0.3751	0.4982	0.4721	0.4890	0.5021	0.5019	0.5065	0.4961	0.5032	0.5041	0.5224	0.3498
0.5096	0.5036	0.5066	0.3277	0.4854	0.5004	0.5100	0.4737	0.3751	0.4982	0.6523	0.4890	0.5021	0.5019	0.5065	0.4915	0.5032	0.5041	0.5224	0.5108
0.5096	0.5036	0.5066	0.3571	0.4854	0.5004	0.5100	0.4737	0.5027	0.4982	0.6345	0.4890	0.5021	0.5019	0.5065	0.4915	0.5032	0.5041	0.5224	0.5108
0.5096	0.5036	0.5066	0.3571	0.4854	0.5004	0.5100	0.4737	0.5027	0.4982	0.6345	0.4890	0.4898	0.5019	0.5065	0.4915	0.5032	0.5041	0.5224	0.5108
0.5096	0.5036	0.5066	0.3571	0.4854	0.5004	0.5100	0.4737	0.5027	0.4982	0.4907	0.4890	0.4898	0.5019	0.5065	0.4915	0.5032	0.5041	0.5224	0.5108
0.5096	0.5036	0.5066	0.3571	0.4854	0.5004	0.5100	0.6305	0.5027	0.4982	0.4907	0.4890	0.4898	0.5019	0.5065	0.4915	0.5032	0.5041	0.4966	0.5108
0.5096	0.5036	0.5066	0.3571	0.4854	0.5004	0.5100	0.5208	0.5027	0.4982	0.4946	0.4890	0.4898	0.5019	0.5065	0.4915	0.5032	0.5041	0.4966	0.5108
0.5096	0.5036	0.5066	0.5181	0.4854	0.5004	0.5100	0.5208	0.5027	0.4982	0.4946	0.4890	0.4898	0.5019	0.5065	0.4915	0.5032	0.5041	0.6453	0.5108
0.5096	0.5036	0.5066	0.3598	0.4854	0.5004	0.5100	0.5208	0.5027	0.4982	0.4946	0.4890	0.4898	0.5019	0.5065	0.4915	0.5032	0.5041	0.5078	0.5108
0.5096	0.5036	0.5066	0.3598	0.4854	0.5004	0.5100	0.5208	0.5027	0.4982	0.4946	0.4890	0.4898	0.5019	0.5065	0.5028	0.5032	0.5041	0.5078	0.5108
0.5096	0.5036	0.5066	0.3598	0.4854	0.5004	0.5100	0.5208	0.5027	0.4982	0.4946	0.4890	0.5006	0.5019	0.5065	0.5028	0.5032	0.5041	0.5078	0.5108
0.5096	0.5036	0.5066	0.3581	0.5145	0.5004	0.5100	0.5208	0.5027	0.4982	0.3527	0.4890	0.5006	0.5019	0.5065	0.5028	0.5032	0.5041	0.5078	0.5108
0.5096	0.5036	0.5066	0.3581	0.5145	0.5004	0.5100	0.5208	0.4951	0.4982	0.3527	0.5078	0.5006	0.5019	0.5065	0.5028	0.5032	0.5041	0.5078	0.5108
0.5096	0.5036	0.5066	0.3581	0.5145	0.5004	0.5100	0.5208	0.4951	0.4982	0.3527	0.5078	0.5006	0.5019	0.5065	0.5028	0.5032	0.5041	0.5078	0.5108
0.5096	0.5036	0.5066	0.3581	0.5145	0.5004	0.5100	0.5208	0.4951	0.4982	0.3527	0.5078	0.5006	0.5019	0.5065	0.5028	0.5032	0.5041	0.5078	0.5108
0.5096	0.5036	0.5066	0.3581	0.5145	0.5004	0.5100	0.5053	0.4951	0.4982	0.3527	0.5078	0.5006	0.5019	0.5065	0.5028	0.5032	0.5041	0.5078	0.5108
0.5096	0.5036	0.5066	0.3581	0.5120	0.5004	0.5100	0.5053	0.4951	0.4982	0.3527	0.5078	0.5006	0.5019	0.5065	0.5028	0.5032	0.5041	0.5078	0.5108
0.5096	0.5036	0.5066	0.3581	0.3532	0.5004	0.5100	0.5053	0.4951	0.4982	0.3527	0.5078	0.5006	0.5019	0.5065	0.5028	0.5032	0.5041	0.5078	0.5108
0.5096	0.5036	0.5066	0.3581	0.3532	0.5004	0.5100	0.5053	0.4951	0.4982	0.3527	0.5078	0.5006	0.5019	0.5065	0.5028	0.5032	0.5041	0.5078	0.5108
0.5096	0.5036	0.5066	0.3581	0.3532	0.5004	0.5100	0.5053	0.4951	0.4982	0.3527	0.5078	0.5006	0.5019	0.5065	0.5028	0.5032	0.5041	0.5078	0.5108
0.5096	0.5036	0.5066	0.3581	0.3532	0.5004	0.5100	0.5053	0.4951	0.4982	0.3527	0.5078	0.5006	0.5019	0.5065	0.5028	0.5032	0.5041	0.5078	0.5108
0.5096	0.5036	0.4996	0.3581	0.3532	0.5004	0.5100	0.5053	0.4951	0.4982	0.3527	0.5078	0.5006	0.5019	0.5065	0.5028	0.5032	0.5041	0.5078	0.5108
0.5096	0.5036	0.4996	0.3581	0.3532	0.5004	0.5100	0.5036	0.4951	0.4982	0.3527	0.5078	0.5006	0.5019	0.5065	0.5028	0.5032	0.5041	0.5078	0.3723
0.5096	0.5036	0.4996	0.3581	0.3532	0.5004	0.5100	0.5036	0.4951	0.4982	0.3527	0.5078	0.5006	0.5019	0.5065	0.5028	0.5032	0.5041	0.5078	0.3723
0.5096	0.5036	0.4996	0.3581	0.3532	0.5004	0.5100	0.5036	0.4951	0.4982	0.3527	0.5078	0.5006	0.5019	0.5065	0.5028	0.5032	0.5041	0.5078	0.3723
0.5096	0.5036	0.4996	0.3581	0.3532	0.5004	0.5021	0.5036	0.4951	0.4982	0.3527	0.5078	0.5006	0.5019	0.5065	0.5028	0.5032	0.5041	0.5078	0.3723
0.5096	0.5036	0.4996	0.3581	0.3532	0.5004	0.5021	0.5036	0.4951	0.4982	0.3527	0.5078	0.5006	0.5019	0.5065	0.5028	0.5032	0.5041	0.5078	0.3723
0.5096	0.5036	0.4996	0.4952	0.3532	0.5004	0.5021	0.5036	0.4951	0.4982	0.3527	0.5078	0.5006	0.5019	0.5065	0.5028	0.5032	0.5041	0.5078	0.3723
0.5096	0.5036	0.4996	0.4952	0.5094	0.5004	0.5021	0.5036	0.4951	0.4982	0.3527	0.5078	0.5006	0.5019	0.5065	0.5028	0.5032	0.5041	0.5078	0.3723
0.5096	0.5036	0.4996	0.4952	0.5094	0.5137	0.5021	0.5036	0.4951	0.4982	0.3527	0.5078	0.5006	0.5019	0.5065	0.5028	0.5032	0.5041	0.5078	0.3723
0.5096	0.5036	0.4996	0.4952	0.5094	0.5137	0.5021	0.5036	0.4951	0.4982	0.3527	0.5078	0.5006	0.5019	0.5065	0.5028	0.5032	0.5041	0.5078	0.3723
0.5096	0.5036	0.4996	0.4952	0.5094	0.5137	0.5021	0.5036	0.4951	0.4982	0.3527	0.5078	0.5006	0.5019	0.5065	0.5028	0.5032	0.5041	0.5078	0.3723
0.5096	0.5036	0.4996	0.6289	0.4910	0.5137	0.5021	0.5036	0.4951	0.4982	0.3527	0.5078	0.5006	0.5019	0.5065	0.5028	0.5032	0.5041	0.5078	0.3723
0.5096	0.5036	0.4996	0.6289	0.4910	0.5137	0.5021	0.5036	0.4951	0.4982	0.3527	0.5078	0.5006	0.5019	0.5065	0.5028	0.5032	0.5041	0.5078	0.3723
0.4989	0.5036	0.4996	0.6289	0.4910	0.5137	0.5021	0.5036	0.4951	0.4982	0.3527	0.5078	0.5006	0.5019	0.5065	0.5028	0.5032	0.5041	0.5078	0.3723
0.4989	0.5036	0.4996	0.6289	0.4910	0.5137	0.5021	0.5036	0.4951	0.4982	0.3527	0.5078	0.5006	0.5019	0.5065	0.5028	0.5032	0.5041	0.5078	0.3723
0.4989	0.5036	0.4996	0.6289	0.4910	0.5137	0.5021	0.5036	0.4951	0.4982	0.3527	0.5078	0.5006	0.5019	0.5065	0.5028	0.5032	0.5041	0.5078	0.3723
0.4989	0.5036	0.4996	0.6289	0.4910	0.5137	0.5021	0.5036	0.4951	0.4982	0.3527	0.5078	0.5006	0.5019	0.5065	0.5028	0.5032	0.5041	0.5078	0.3723
0.4989	0.5036	0.4996	0.6289	0.4910	0.5137	0.5021	0.5036	0.4951	0.4982	0.3527	0.5078	0.5006	0.5019	0.5065	0.5028	0.5032	0.5041	0.5078	0.3723
0.4989	0.5036	0.4996	0.6289	0.4910	0.5137	0.5021	0.5036	0.4951	0.4982	0.3527	0.5078	0.5006	0.5019	0.5065	0.5028	0.5032	0.5041	0.5078	0.3723
0.4989	0.5036	0.4996	0.6289	0.4910	0.5137	0.5021	0.5036	0.4951	0.4982	0.3527	0.5078	0.5006	0.5019	0.5065	0.5028	0.5032	0.5041	0.5078	0.3723
0.4989	0.5036	0.4996	0.6289	0.4910	0.5137	0.5021	0.5036	0.4951	0.4982	0.3527	0.5078	0.5006	0.5019	0.5065	0.5028	0.5032	0.5041	0.5078	0.3723
0.4989	0.5036	0.4996	0.6289	0.4910	0.5137	0.5021	0.5036	0.4951	0.4982	0.3527	0.5078	0.4983	0.5019	0.5065	0.5028	0.5032	0.5041	0.5078	0.3723
0.4989	0.5036	0.4996	0.6289	0.4910	0.5137	0.5021	0.5036	0.4951	0.4982	0.3527	0.5078	0.5022	0.5019	0.5065	0.5028	0.5032	0.5041	0.5078	0.3723
0.4989	0.5036	0.4996	0.6289	0.4910	0.5137	0.5021	0.5036	0.4951	0.4982	0.3527	0.5078	0.5022	0.5019	0.5065	0.5028	0.5032	0.5041	0.5078	0.3723
0.4989	0.5036	0.4996	0.6289	0.4910	0.5137	0.5021	0.5036	0.4951	0.4982	0.3527	0.5078	0.5022	0.5019	0.5065	0.5028	0.5032	0.5041	0.5078	0.3723
0.4989	0.5036	0.4996	0.6289	0.4910	0.5137	0.5021	0.5036	0.4951	0.4982	0.3527	0.5078	0.5022	0.5019	0.5065	0.5028	0.5032	0.5041	0.5078	0.3723
