0.1691	0.9556	0.0571	0.1276	0.1292	0.2902	0.9911	0.7188	0.2982	0.9315	0.5845	0.1139	0.7039	0.4117	0.4044	0.7242	0.5515	0.5898	0.3262	0.8636
0.8618	1.0000	0.1027	0.0000	0.5932	0.2906	0.1940	0.0000	0.2357	0.1630	0.4106	0.5904	0.6969	0.0393	0.0519	0.5417	0.9209	0.2677	0.7181	0.3646
0.3989	0.3969	0.4053	0.7148	0.7215	0.2637	0.3247	0.7157	0.3688	0.6159	0.5870	0.5156	0.5954	0.6214	0.0000	0.2285	0.4962	0.5066	0.8156	0.4090
0.3989	0.3028	0.3720	0.4900	0.4667	0.4157	0.3926	0.4008	0.0000	0.6549	0.3978	0.5156	0.0000	0.1640	0.6112	0.3898	0.1052	0.4822	0.0000	1.0000
0.3989	0.4591	0.5611	0.7571	1.0000	0.3887	0.5733	0.0000	0.5092	0.3928	0.7052	0.5156	0.6125	0.4924	0.6380	0.3853	0.3090	0.4822	0.4281	0.3383
0.3989	0.4986	1.0000	0.6835	0.5169	0.0393	0.7814	0.4062	0.6222	0.3930	0.2140	0.5243	0.6125	0.2556	0.8155	0.3853	0.4113	0.5969	0.1463	0.0000
0.3989	0.4986	0.7341	0.8384	0.5169	0.9053	0.7519	0.4062	0.6261	0.3930	0.5464	0.6309	0.6125	0.1448	0.8792	0.3853	0.4544	0.6623	0.3910	0.1002
0.3989	0.4986	0.3907	0.3658	0.5074	0.3279	1.0000	0.4924	0.3920	0.0000	0.2205	0.7143	0.6125	1.0000	1.0000	0.4993	0.8388	1.0000	0.4888	0.3832
0.4977	0.0000	0.5180	0.2563	0.5074	0.4199	0.6071	0.6041	0.3920	0.6169	0.5003	0.8490	0.6125	1.0000	0.0000	0.3932	0.5268	0.7417	0.2882	0.3412
0.4977	0.2876	0.5160	1.0000	0.5110	0.4878	0.6071	0.6041	0.1818	1.0000	0.6266	0.1144	0.6125	0.6048	0.0000	0.4097	0.0661	1.0000	0.2882	0.1275
0.4977	0.8810	0.6430	0.0000	0.2807	0.4878	0.8819	0.6041	0.5132	0.6958	0.9315	0.7562	0.6125	0.2276	0.1085	0.1290	0.2666	0.2828	0.2882	0.6100
0.4977	0.5716	0.4054	0.6988	0.0927	0.4878	0.7100	0.6041	0.5928	1.0000	0.6079	0.6127	0.6125	0.3949	0.3635	0.0000	0.4979	0.4515	0.2882	0.5981
0.4977	0.5875	0.6160	0.6286	0.4941	0.5973	0.0000	0.6041	0.4937	0.3785	0.5146	0.6335	0.6125	0.4875	0.6139	0.3313	0.4979	0.6902	0.2882	0.4985
0.4977	0.5875	0.3685	0.6286	0.4941	0.7962	0.8148	0.1237	0.0234	0.5720	0.5146	0.7332	0.6125	1.0000	0.6139	0.0000	0.4979	0.5111	0.6143	0.4985
0.4977	0.8219	0.6132	0.6286	0.5254	0.6204	0.2963	0.5652	0.7150	0.1854	0.5146	0.7332	0.6125	0.0000	0.3998	0.3978	0.4979	0.5111	0.6143	0.4985
0.5090	0.5064	0.6132	0.6286	1.0000	0.6204	1.0000	0.6982	0.0000	0.0000	0.5235	1.0000	0.6125	0.4615	0.3748	0.7177	0.4979	1.0000	0.6143	0.4985
0.5090	0.5064	0.5510	0.6286	0.3456	0.3809	0.3809	0.2858	0.3668	1.0000	0.6845	0.8890	0.0280	0.3811	0.3748	0.0000	0.4979	0.0657	0.6143	0.4985
0.5090	0.5064	0.5382	0.6286	0.7605	0.6109	0.3809	1.0000	0.7200	0.9146	0.4781	0.4870	0.0617	0.3811	0.3748	1.0000	0.4979	0.7858	0.6143	0.7194
0.5090	0.5064	0.4063	0.6286	0.7009	0.6109	0.3809	1.0000	0.7200	0.7172	0.5858	0.4870	0.0304	0.3811	0.3748	0.8030	0.4979	0.6088	0.6143	0.7679
0.5090	0.5024	0.4063	0.6286	0.4942	0.6135	0.4794	0.5107	0.3842	0.2936	1.0000	0.4870	0.0000	0.1026	0.3748	0.8957	0.4979	0.5047	0.6143	0.6014
0.5090	0.5024	0.5011	0.6286	0.4942	0.6135	0.4794	0.5107	0.3842	0.4981	0.6220	0.4870	0.7328	0.6038	0.3971	0.0000	0.4979	0.4994	0.6143	0.4937
0.5090	0.5024	0.5011	0.4802	0.4942	0.6135	0.6234	0.5107	0.6126	0.6178	0.2744	0.4870	0.3842	0.6038	0.3971	0.4351	0.4979	0.4994	0.6143	0.4937
0.5090	0.5024	0.5011	0.3589	0.4942	0.6135	1.0000	0.5107	0.6126	0.6178	1.0000	0.4870	0.3842	0.6038	0.3859	0.0000	0.4979	0.4994	0.6143	0.4937
0.5090	0.5024	0.5011	0.4880	0.4901	0.4033	0.6087	0.5107	0.5032	0.3996	0.3179	0.4870	0.3842	0.6038	0.3859	0.6001	0.4979	0.5084	0.6143	0.6118
0.5090	0.5024	0.5011	0.4880	0.4901	0.4033	0.7412	0.5107	0.4850	0.5984	0.3727	0.4782	0.7172	0.6038	0.3859	0.3848	0.3847	0.5084	0.6143	0.6118
0.5090	0.5024	0.5011	0.3838	0.4901	0.2966	0.1933	0.4083	0.4850	0.5984	0.0000	0.4782	0.6115	0.5048	0.3859	0.6157	0.6162	0.8751	0.6143	1.0000
0.5132	0.6087	0.5011	0.3838	0.4901	0.2798	0.4633	0.4083	0.6286	0.5984	0.3841	0.4782	0.5003	0.5048	0.5981	0.6157	0.6162	0.7264	0.6143	0.2208
0.5132	0.6087	0.5011	0.4945	0.4901	0.0311	0.5514	0.4083	0.6286	0.5984	0.3841	0.4782	0.5003	0.5048	0.5981	0.6157	0.6025	0.0000	0.6143	0.6355
0.6113	0.6087	0.5011	0.4945	0.4901	0.4988	0.7185	0.4974	0.5941	0.5031	0.6128	0.4782	0.5003	0.5048	0.5981	0.6157	0.6025	0.5223	0.6143	1.0000
0.6113	0.6087	0.5011	0.4945	0.4901	0.4988	0.7038	0.6084	0.6265	0.5031	0.6128	0.4782	0.5966	0.5048	0.6001	0.6157	0.7179	0.6177	0.6143	0.5885
0.6113	0.6087	0.5011	0.4945	0.4901	0.3928	0.4998	0.6084	0.5065	0.5031	0.6128	0.4782	0.5966	0.4107	0.6001	0.6157	0.7179	0.7091	0.6143	0.7337
0.6113	0.2805	0.5011	0.4945	0.4901	0.3928	0.4974	0.6084	0.5065	0.5031	0.0000	0.4795	0.4920	0.6061	0.6001	0.6157	0.7179	0.7091	0.6143	0.7178
0.6113	0.2805	0.5011	0.4945	0.4901	0.3928	0.4974	0.5068	0.5065	0.5031	0.6290	0.5066	0.4920	0.6061	0.6001	0.6157	0.7179	0.4960	0.6143	0.7178
0.6113	0.6158	0.5011	0.4945	0.4901	0.3928	0.4974	0.5068	0.5065	0.5031	0.7115	0.5066	0.6167	0.6061	0.6001	0.6157	0.7179	0.6291	0.6143	0.7178
0.6113	0.6158	0.5011	0.4945	0.5072	0.3928	0.4974	0.5068	0.5018	0.5031	0.4937	0.3754	0.6167	0.6061	0.6001	0.6157	0.3849	0.6291	0.6143	0.5931
0.6113	0.6158	0.5011	0.4945	0.5072	0.3928	0.4974	0.5068	0.5018	0.5031	0.4937	0.3754	0.6167	0.6061	0.6001	0.6157	0.3849	0.5048	0.6143	0.4963
0.6113	0.6158	0.5011	0.4945	0.5072	0.3928	0.4974	0.5068	0.5018	0.5031	0.4937	0.3754	0.6167	0.4912	0.6001	0.6157	0.3849	0.4996	0.6143	0.4963
0.6113	0.6158	0.5011	0.4945	0.5072	0.3928	0.4974	0.5068	0.5018	0.5031	0.4892	0.3834	0.6167	0.4912	0.4925	0.6157	0.3849	0.3799	0.6143	0.5081
0.6113	0.6158	0.5011	0.4945	0.5072	0.3928	0.4974	0.4898	0.5018	0.5031	0.4029	0.5989	0.6167	0.4912	0.4925	0.6157	0.3849	0.4789	0.6143	0.5081
0.6113	0.6158	0.5011	0.4945	0.5072	0.5080	0.4974	0.6176	0.5065	0.5031	0.5114	0.5989	0.6167	0.4912	0.4925	0.6157	0.3849	0.5087	0.6143	0.5081
0.6113	0.6158	0.5011	0.4945	0.5072	0.5080	0.4974	0.6176	0.5065	0.5031	0.4796	0.5989	0.6167	0.4912	0.4925	0.6157	0.3849	0.5087	0.3967	0.5110
0.6113	0.6158	0.5011	0.4945	0.5072	0.5080	0.4974	0.3911	0.5065	0.5031	0.5180	0.5108	0.2728	0.4912	0.4925	0.6157	0.6171	0.5023	0.3967	0.5110
0.6113	0.6158	0.5011	0.4945	0.5072	0.5080	0.4974	0.3911	0.5065	0.5031	1.0000	0.5108	0.2728	0.4912	0.5128	0.6157	0.6171	0.5023	0.3967	0.5110
0.6113	0.6158	0.5011	0.4945	0.5072	0.5080	0.4974	0.3911	0.5065	0.5031	0.3979	0.5108	0.2728	0.4912	0.5128	0.6157	0.6171	0.5023	0.3967	0.5110
0.6113	0.6158	0.5011	0.4945	0.5072	0.5080	0.4974	0.3911	0.5065	0.5031	0.5041	0.5006	0.4978	0.4912	0.5128	0.6157	0.6171	0.3840	0.3967	0.5110
0.6113	0.6158	0.5011	0.4945	0.5072	0.5080	0.4974	0.3911	0.5065	0.5031	0.5041	0.5006	0.4978	0.4912	0.5128	0.6157	0.6171	0.3840	0.3967	0.5110
0.6113	0.6158	0.5011	0.4945	0.5072	0.5080	0.4974	0.3911	0.5065	0.5031	0.5041	0.5006	0.4978	0.4912	0.5128	0.6157	0.5121	0.3840	0.3967	0.5110
0.6113	0.6158	0.5011	0.4945	0.5072	0.5080	0.4974	0.3911	0.5065	0.5031	0.5041	0.5006	0.4978	0.4912	0.5128	0.6157	0.5121	0.3840	0.3967	0.5110
0.3859	0.6158	0.5011	0.4945	0.5072	0.5080	0.4974	0.3911	0.5065	0.5031	0.5041	0.5006	0.4978	0.4912	0.5128	0.6157	0.5121	0.3840	0.3967	0.5110
0.3859	0.6158	0.5011	0.4945	0.5072	0.5080	0.4974	0.3911	0.5065	0.5031	0.5041	0.5006	0.4978	0.4912	0.5128	0.6157	0.6188	0.3840	0.3967	0.5110
0.3859	0.6158	0.5011	0.4945	0.5072	0.5080	0.4974	0.3911	0.5065	0.5031	0.6001	0.5006	0.4978	0.4912	0.5128	0.6157	0.6188	0.3840	0.3967	0.5110
0.3859	0.6158	0.5011	0.4945	0.5072	0.5080	0.4974	0.3911	0.5065	0.5031	0.5054	0.5006	0.4978	0.4912	0.5128	0.6157	0.6188	0.3840	0.3967	0.6151
0.3859	0.6128	0.5011	0.4945	0.5072	0.5080	0.4974	0.4963	0.5065	0.5031	0.5054	0.5006	0.4978	0.4912	0.5128	0.6157	0.6188	0.3840	0.3967	0.6151
0.3859	0.6128	0.5077	0.4945	0.5072	0.5080	0.4974	0.4963	0.5065	0.5031	0.5054	0.5006	0.4978	0.4912	0.5128	0.6157	0.6188	0.3840	0.3967	0.6151
0.3859	0.6046	0.5077	0.4945	0.5072	0.5080	0.4974	0.4963	0.5065	0.5031	0.5054	0.5006	0.4978	0.4912	0.5128	0.3854	0.6188	0.3840	0.3967	0.6151
0.3859	0.6046	0.5077	0.4945	0.5072	0.5080	0.4974	0.4963	0.5065	0.5031	0.5054	0.5006	0.4978	0.4912	0.5128	0.3854	0.6188	0.3840	0.3967	0.6151
0.3859	0.6046	0.5077	0.4945	0.5072	0.5080	0.4974	0.4963	0.5065	0.5031	0.5054	0.5006	0.4978	0.4912	0.5128	0.3854	0.6188	0.3840	0.3967	0.6151
0.3859	0.6046	0.5077	0.4945	0.5072	0.5080	0.4974	0.4963	0.5065	0.5031	0.5054	0.5006	0.4978	0.4912	0.5128	0.4949	0.6188	0.3840	0.3967	0.6151
0.3859	0.6046	0.5077	0.4945	0.5072	0.5080	0.4974	0.4963	0.5065	0.5031	0.5054	0.5006	0.4978	0.4912	0.5128	0.4949	0.6188	0.3840	0.3967	0.6151
0.3859	0.6046	0.5077	0.4945	0.5072	0.5080	0.4974	0.4963	0.5065	0.5031	0.5054	0.5006	0.4978	0.4912	0.5128	0.4949	0.6188	0.3840	0.5055	0.6151
0.3859	0.5093	0.5077	0.4945	0.5072	0.5080	0.4974	0.4963	0.5065	0.5031	0.3963	0.5006	0.4978	0.4912	0.5128	0.4949	0.6188	0.3840	0.5055	0.6151
0.3859	0.5093	0.5077	0.4945	0.5072	0.5080	0.4974	0.4963	0.5065	0.5031	0.3963	0.5006	0.4978	0.4912	0.5128	0.4949	0.6188	0.3840	0.5055	0.5109
0.3859	0.5004	0.5077	0.4945	0.4929	0.5080	0.4974	0.4963	0.5065	0.5031	0.4982	0.5006	0.4978	0.4912	0.4003	0.4949	0.5092	0.3840	0.5055	0.5109
0.3859	0.5004	0.5077	0.4945	0.4929	0.5080	0.4974	0.4963	0.5065	0.5031	0.4982	0.5006	0.4978	0.4912	0.4003	0.4949	0.5092	0.3840	0.5055	0.5109
0.4977	0.5004	0.5077	0.4945	0.4929	0.5080	0.4974	0.4963	0.5065	0.5031	0.4982	0.5006	0.4978	0.4912	0.4003	0.4949	0.5092	0.3840	0.5055	0.5109
0.4977	0.5004	0.5077	0.4945	0.4929	0.5080	0.4974	0.4963	0.5065	0.5031	0.4982	0.5006	0.4978	0.4912	0.4003	0.4949	0.5092	0.3840	0.5055	0.5109
0.4977	0.5004	0.5077	0.4945	0.4929	0.5080	0.4974	0.4963	0.5065	0.5031	0.4982	0.5006	0.4978	0.4912	0.4003	0.4949	0.5092	0.3840	0.5055	0.5109
0.4977	0.5004	0.5077	0.4945	0.4929	0.5080	0.4974	0.4963	0.5065	0.5031	0.4982	0.5006	0.4978	0.4912	0.4003	0.4949	0.5092	0.3884	0.3833	0.5109
0.4977	0.5004	0.5077	0.4945	0.4929	0.5080	0.4974	0.4963	0.5065	0.5031	0.4982	0.5006	0.4978	0.4912	0.5094	0.4949	0.5092	0.3884	0.3833	0.5109
0.4977	0.5004	0.5077	0.4945	0.4929	0.5080	0.4974	0.4963	0.5065	0.5031	0.4982	0.5006	0.4978	0.4912	0.5094	0.4949	0.5092	0.5068	0.3833	0.5109
0.4977	0.5004	0.5077	0.4945	0.4929	0.5080	0.4974	0.4963	0.5065	0.5031	0.4982	0.5006	0.4978	0.4912	0.5094	0.6095	0.5092	0.5068	0.3833	0.5109
0.4977	0.5004	0.6091	0.4945	0.4929	0.5080	0.4974	0.4963	0.5065	0.5031	0.4982	0.5006	0.4978	0.4912	0.5094	0.6095	0.5092	0.5068	0.3833	0.5109
0.4977	0.5004	0.6091	0.4945	0.4929	0.5080	0.4974	0.4963	0.5065	0.5031	0.4982	0.5006	0.4978	0.4912	0.5094	0.6095	0.5092	0.5068	0.3833	0.5109
0.4977	0.5004	0.6091	0.4945	0.4929	0.5080	0.4974	0.4963	0.5065	0.5031	0.4982	0.5006	0.4978	0.4912	0.5094	0.6095	0.5092	0.5068	0.3833	0.3880
0.4977	0.5004	0.6091	0.4945	0.4929	0.5080	0.4974	0.4963	0.5065	0.5031	0.4982	0.5006	0.4978	0.4912	0.5094	0.6095	0.5092	0.5068	0.3833	0.3880
0.5101	0.5004	0.6091	0.4945	0.4929	0.5080	0.4974	0.4963	0.5065	0.5031	0.4982	0.5006	0.4978	0.4912	0.5094	0.6095	0.5092	0.5068	0.3833	0.3880
0.5101	0.5004	0.6091	0.4945	0.4929	0.5080	0.4974	0.4963	0.5065	0.5031	0.4982	0.4953	0.4978	0.4912	0.5094	0.6095	0.5092	0.5068	0.3833	0.3880
0.5101	0.5004	0.6091	0.4945	0.4929	0.5080	0.4974	0.4963	0.5065	0.5031	0.4982	0.4953	0.4978	0.4912	0.5094	0.6095	0.5092	0.5068	0.3833	0.3880
0.5101	0.5004	0.6091	0.4945	0.4929	0.5089	0.4974	0.4963	0.5065	0.5031	0.4982	0.4953	0.4978	0.4912	0.5094	0.6095	0.5092	0.5068	0.3833	0.3880
0.5101	0.5004	0.6091	0.4945	0.4929	0.5089	0.4974	0.4963	0.5065	0.5031	0.4982	0.4953	0.4978	0.4912	0.5094	0.6095	0.5092	0.5068	0.3833	0.3880
0.5101	0.5004	0.6091	0.4945	0.4929	0.5089	0.4974	0.4963	0.5065	0.5031	0.4982	0.4953	0.4978	0.4912	0.5094	0.6095	0.5092	0.5068	0.4989	0.3880
0.5101	0.5004	0.6163	0.4945	0.4929	0.5089	0.4974	0.4963	0.5065	0.5031	0.4982	0.4953	0.4978	0.4912	0.5094	0.6095	0.5092	0.5068	0.4989	0.3880
0.5101	0.5004	0.4922	0.4945	0.4929	0.5089	0.4974	0.4963	0.5065	0.5031	0.4982	0.4953	0.4978	0.4912	0.5094	0.6095	0.5092	0.5068	0.4989	0.3880
0.5101	0.5004	0.4922	0.4945	0.4929	0.5089	0.4974	0.4963	0.5065	0.5031	0.4982	0.4953	0.4978	0.4912	0.5094	0.6095	0.5092	0.5068	0.4989	0.3880
0.5101	0.5004	0.4922	0.4945	0.4929	0.5089	0.4974	0.4963	0.5065	0.5031	0.4982	0.4953	0.4978	0.4912	0.5094	0.6095	0.5092	0.5068	0.4989	0.3880
0.5101	0.5004	0.4922	0.4945	0.4929	0.5089	0.4974	0.4963	0.5065	0.5031	0.4982	0.4953	0.4978	0.4912	0.5094	0.6095	0.5092	0.5068	0.4989	0.3880
0.5101	0.5004	0.4922	0.4945	0.4929	0.5089	0.4974	0.4963	0.5065	0.5031	0.4982	0.4953	0.4978	0.4912	0.5094	0.6095	0.5092	0.5068	0.4989	0.3880
0.5101	0.5004	0.4922	0.4945	0.4929	0.5089	0.4974	0.4963	0.5065	0.5031	0.4982	0.4953	0.4978	0.4912	0.5094	0.6095	0.5092	0.5068	0.4989	0.3880
0.5101	0.5004	0.4922	0.4945	0.4929	0.5089	0.4974	0.4963	0.5065	0.5031	0.4982	0.4953	0.4978	0.4912	0.5094	0.3877	0.5092	0.5068	0.4989	0.3880
0.5101	0.5004	0.4922	0.4945	0.4929	0.5089	0.4974	0.4963	0.5065	0.5031	0.4982	0.4953	0.4978	0.4912	0.5094	0.3877	0.5092	0.5068	0.4989	0.3880
0.5101	0.5004	0.4922	0.4945	0.4929	0.5089	0.4974	0.4963	0.5065	0.5031	0.4982	0.4953	0.4978	0.4912	0.5094	0.3877	0.5092	0.5068	0.4989	0.3880
0.5101	0.5004	0.4922	0.4945	0.4929	0.5089	0.4974	0.4963	0.5065	0.5031	0.4982	0.4953	0.4978	0.4912	0.5094	0.3877	0.5092	0.5068	0.4989	0.3880
0.5101	0.5004	0.4922	0.4945	0.4929	0.5089	0.4974	0.4963	0.5065	0.5031	0.4982	0.4953	0.4978	0.4912	0.5094	0.3877	0.5092	0.5068	0.4989	0.3880
0.5101	0.5004	0.4922	0.4945	0.4929	0.5089	0.4974	0.4963	0.5065	0.5031	0.5039	0.4953	0.4978	0.4912	0.5094	0.4950	0.5092	0.5068	0.4989	0.3880
0.5101	0.5004	0.4922	0.4945	0.4929	0.5089	0.4974	0.5072	0.5065	0.4960	0.5039	0.4953	0.4978	0.4912	0.5094	0.4950	0.5092	0.5068	0.4989	0.3880
0.5101	0.5004	0.4922	0.4945	0.4929	0.5089	0.4974	0.5072	0.5065	0.4960	0.5039	0.4953	0.4978	0.4912	0.5094	0.4950	0.5092	0.5068	0.4989	0.3880
0.5101	0.5004	0.4922	0.4945	0.4929	0.5089	0.4974	0.5072	0.5065	0.4960	0.5039	0.4953	0.4978	0.4912	0.5094	0.4950	0.5092	0.5068	0.4989	0.3880
0.5101	0.5004	0.4922	0.4945	0.4929	0.5089	0.4974	0.5072	0.5065	0.4960	0.5039	0.4953	0.4978	0.4912	0.5094	0.4950	0.5092	0.5068	0.4989	0.3880
0.5101	0.5004	0.4922	0.4945	0.4929	0.5089	0.4974	0.5072	0.5065	0.4960	0.5039	0.4953	0.4978	0.4912	0.5094	0.4950	0.5092	0.5068	0.4989	0.3880
0.5101	0.5004	0.4922	0.4945	0.4929	0.5089	0.4974	0.3918	0.5065	0.4960	0.5039	0.4953	0.4978	0.4912	0.5094	0.4950	0.5092	0.5068	0.4989	0.3880
0.5101	0.5004	0.4922	0.4945	0.4929	0.5089	0.4974	0.3918	0.5065	0.4960	0.5039	0.4953	0.4978	0.4912	0.5094	0.4950	0.5092	0.5068	0.4989	0.3880
