0.8019	0.1207	0.7638	0.7099	0.1185	0.9738	0.9354	0.8060	0.8890	0.9622	0.4785	0.7726	0.6867	0.1463	0.7686	0.9968	0.2784	0.4399	0.6778	0.6802
0.6859	0.9561	0.0000	0.9770	0.7742	1.0000	0.3974	0.5709	0.3116	0.5057	0.0000	1.0000	0.0000	0.4609	0.2760	0.5273	0.7287	0.5807	0.4811	0.5852
0.3013	0.4515	0.3516	0.8478	0.1119	0.4843	0.7771	0.1606	0.9640	0.0907	0.0336	0.4899	0.5019	0.4634	1.0000	0.6820	0.6920	0.2909	0.4968	0.5515
0.5549	0.5979	0.0000	0.3043	0.2948	0.2174	0.1209	0.6870	1.0000	0.0023	0.3705	0.5439	0.3577	0.6225	0.9315	0.6908	1.0000	0.6447	0.6534	0.5515
0.5960	0.5979	0.5310	0.2405	0.8928	0.5854	0.0368	0.5453	0.6934	0.5192	0.4467	0.5439	0.5512	0.4068	0.5374	0.3549	0.5097	0.2889	1.0000	0.5500
0.0000	0.5979	0.8124	0.3865	0.4276	0.9529	0.9659	0.5453	0.4427	0.0000	0.1235	0.5439	0.5512	0.6544	0.8958	0.3609	0.1447	0.0000	1.0000	0.5500
0.2727	0.5979	0.5163	0.4064	0.0000	0.5532	0.4955	0.5453	0.1363	0.5514	0.0996	1.0000	0.5512	1.0000	0.7314	0.3609	0.2122	0.3097	1.0000	0.5500
0.4443	0.5979	0.5767	1.0000	0.4076	0.5532	0.3948	0.5453	0.5398	0.5893	0.9722	0.3930	0.5512	0.7402	0.3096	0.3609	0.6472	0.2939	0.5055	0.5500
0.3247	1.0000	0.2759	0.0137	0.2782	0.5532	0.8513	0.5453	0.6942	1.0000	0.6898	0.5360	0.5512	0.3944	0.4495	0.3609	0.0000	0.2411	0.5055	0.5500
0.7576	0.0000	0.0109	0.4069	0.6057	0.5532	0.1010	0.5453	0.4511	0.7011	1.0000	0.4137	0.5512	1.0000	0.1084	0.3574	0.6179	0.0698	0.5055	0.5500
0.5672	0.2094	0.3934	0.6285	0.6024	0.5532	0.7163	0.4036	0.4511	0.0000	0.2811	0.3103	0.5512	1.0000	0.7581	0.3574	0.0648	0.0000	0.5055	0.5423
0.0000	0.0891	0.6115	1.0000	0.6422	0.5532	0.9628	0.4036	0.4511	0.5645	0.1293	0.8762	0.5512	0.5563	1.0000	0.5999	0.5572	0.6062	0.6820	0.4054
0.5511	0.8698	0.9933	0.0000	0.6422	0.4992	0.4572	0.4036	0.4511	0.3056	0.4590	0.7258	0.5512	0.6770	0.3949	0.5402	0.0000	0.5548	0.6329	0.4054
0.5511	0.3941	0.4913	0.7389	0.6422	0.0000	0.5413	0.4036	0.4511	0.3558	0.8100	0.2748	0.5512	0.5428	0.1542	0.7261	0.4026	0.5565	0.0116	0.4054
0.6959	0.5991	0.6815	0.2342	0.6422	0.0000	0.5413	0.4036	0.4511	0.3104	0.4567	0.5069	0.5512	0.5428	0.1648	0.6607	0.3132	0.5947	0.3564	0.4054
0.5036	0.5008	0.0867	0.3558	0.7334	0.5862	0.5413	0.4036	0.4511	0.3104	0.6890	0.5069	0.5512	0.0873	0.7782	0.5530	0.3219	0.8283	0.1214	0.4054
0.5036	0.5008	0.2099	0.4899	0.6930	0.5862	0.6437	0.4036	0.4511	0.3104	0.2495	0.5069	0.5512	0.8995	1.0000	0.4023	0.4611	0.6458	0.5026	0.4054
0.5036	0.5008	0.4041	0.3651	0.4434	0.4519	0.6437	0.4036	0.4511	0.3475	0.5922	1.0000	0.5020	0.2092	0.4579	0.4023	0.4704	0.6458	0.3577	0.4054
0.4526	0.5008	0.5956	0.7120	0.5605	0.4519	0.4118	0.4036	0.4511	0.4558	0.0000	0.3810	0.5020	0.0806	0.3623	0.4023	0.6884	0.6458	0.6904	0.4054
0.4526	0.5008	0.5956	0.3377	0.8980	0.4519	0.5073	0.4036	0.4511	0.6935	0.5530	0.6422	0.5020	0.1118	0.3300	0.4420	0.4570	0.6458	0.0889	0.4054
0.4526	0.5008	0.5380	1.0000	0.8260	0.6945	0.5488	0.4036	0.4511	0.0000	0.5530	0.4941	0.5020	1.0000	0.3641	0.4420	0.4570	0.5917	0.3604	0.4054
0.4526	0.5008	0.6874	0.7037	0.4520	0.6945	1.0000	0.4036	0.4511	0.0659	0.3168	0.4941	0.5020	0.2652	0.3641	0.5463	0.4570	1.0000	0.3604	0.4054
0.4526	0.5008	0.6874	0.6370	0.4029	0.6945	0.4151	0.4036	0.4511	0.7003	0.5049	0.4941	0.5020	0.6366	0.3516	0.5463	0.5981	0.0000	0.3604	0.4054
0.4526	0.5008	0.7838	0.6370	0.4544	0.6945	0.5079	0.4036	0.4511	0.3506	0.5049	0.4941	0.4996	0.6366	0.3516	0.5463	0.5483	0.5954	0.3604	0.4054
0.4526	0.5008	0.5427	1.0000	0.3979	0.4577	0.5079	0.4036	0.4511	0.3506	0.5049	0.4435	0.5073	0.6366	0.3516	0.5847	0.5982	0.3657	0.3604	0.4054
0.4526	0.5008	0.5001	0.5978	0.4910	0.4580	0.6826	0.4036	0.4126	0.3506	0.5953	0.5049	0.5073	0.6366	0.3516	0.6944	0.5982	0.5546	0.3604	0.4054
0.4526	0.5008	0.5001	0.6512	0.7711	0.4580	0.6830	0.4036	0.4126	0.4111	0.5953	0.5049	0.5073	0.6366	0.3516	0.1378	0.5982	0.2174	0.3604	0.4054
0.4526	0.5008	0.5001	0.4951	0.0438	0.1165	0.6830	0.4036	0.4126	0.4111	0.4077	0.5049	0.5073	0.6447	0.3516	0.3511	0.5982	0.5485	0.3604	0.4054
0.4526	0.5008	0.5001	0.4087	1.0000	0.2676	0.8876	0.4036	0.4126	0.4111	0.4077	0.5049	0.5073	0.6447	0.3516	0.5865	0.5420	0.5485	0.3604	0.4054
0.4526	0.5008	0.5001	0.4087	0.4142	0.3140	0.0000	0.4036	0.4126	0.4111	0.4077	0.3529	0.5073	0.6342	0.4534	0.5865	0.5465	0.5485	0.3604	0.4054
0.4526	0.5008	0.5001	0.4087	0.5025	0.3140	1.0000	0.4036	0.4126	0.5516	0.5015	0.3529	0.5073	0.3172	0.0000	0.4133	0.5465	0.5485	0.3156	0.4054
0.4526	0.5008	0.5001	0.5954	0.3141	0.3140	0.4082	0.4036	0.4126	0.5516	0.4504	0.4989	0.5073	0.3665	0.6288	0.4133	0.5465	0.5485	0.3984	0.4054
0.4526	0.5008	0.5001	1.0000	0.3141	0.3140	0.4082	0.4036	0.4552	0.5516	0.4504	0.4989	0.5073	0.3665	0.6475	0.4133	0.5465	0.5485	0.5981	0.4054
0.4526	0.5008	0.5001	0.4545	0.5464	0.5016	0.4082	0.4036	0.4552	0.3961	0.4504	0.4989	0.5073	0.3665	0.6475	0.4133	0.5465	0.5485	0.5981	0.4054
0.4526	0.5008	0.5001	0.5497	0.5464	0.6372	0.4082	0.4036	0.4552	0.4093	0.4504	0.4989	0.5073	0.6921	0.6475	0.4133	0.5465	0.5485	0.5981	0.6093
0.4526	0.5008	0.5001	0.5497	0.5464	0.6372	0.4082	0.4036	0.4552	0.4568	0.4504	0.4989	0.5073	0.6465	0.6475	0.5489	0.5465	0.5507	0.5981	0.4981
0.4526	0.5008	0.5001	0.5497	0.5464	0.6372	0.4082	0.4036	0.6824	0.4568	0.4504	0.4989	0.4563	0.6465	0.5030	0.5489	0.5465	0.5507	0.5981	0.4981
0.4526	0.5008	0.3991	0.5497	0.5464	0.6484	0.4082	0.4036	0.6824	0.6971	0.4036	0.4989	0.4563	0.6465	0.5030	0.5489	0.5465	0.5507	0.5981	0.4981
0.4526	0.5008	0.3991	0.5497	0.5464	0.6484	0.6845	0.4036	0.6824	0.6971	0.4036	0.4989	0.4563	0.6465	0.5030	0.5489	0.5465	0.5507	0.5981	0.4981
0.4526	0.5008	0.3991	0.5497	0.5464	0.6484	0.6925	0.4036	0.6824	0.6971	0.4036	0.4989	0.5456	0.6465	0.5030	0.5460	0.5465	0.5507	0.5981	0.4981
0.4526	0.5008	0.3991	0.5497	0.5464	0.6484	0.6925	0.4036	0.6824	0.2610	0.4036	0.4989	0.5456	0.6465	0.5030	0.5460	0.5465	0.5507	0.5981	0.4981
0.4526	0.5008	0.3991	0.5497	0.5464	0.6484	0.5016	0.4036	0.6824	0.2610	0.4036	0.4989	0.5456	0.6465	0.5030	0.5460	0.5465	0.5507	0.5981	0.4981
0.4526	0.5008	0.3991	0.5469	0.5464	0.5029	0.5016	0.4036	0.6824	0.5423	0.4036	0.4989	0.5456	0.6465	0.5030	0.5460	0.5465	0.5507	0.5981	0.4981
0.4526	0.5008	0.3991	0.5469	0.5464	0.5029	0.5016	0.4036	0.6824	0.4432	0.4036	0.4989	0.5456	0.6465	0.4982	0.5460	0.5465	0.5507	0.5981	0.4981
0.4526	0.5984	0.3991	0.5469	0.5464	0.5029	0.5016	0.4036	0.5032	0.4432	0.4036	0.4989	0.5456	0.3524	0.4982	0.5460	0.5465	0.5507	0.5981	0.4981
0.4526	0.5984	0.5920	0.5469	0.5464	0.5029	0.5016	0.4036	0.5032	0.4432	0.4036	0.4989	0.5456	0.3524	0.4982	0.5460	0.5465	0.5507	0.7260	0.4981
0.4526	0.4540	0.5920	0.5469	0.5464	0.5029	0.5016	0.4036	0.5032	0.5877	0.4036	0.4989	0.5456	0.3612	0.4982	0.5460	0.5465	0.5507	0.3030	0.4981
0.4526	0.4540	0.5920	0.5469	0.5464	0.5029	0.5016	0.4036	0.5032	0.6481	0.4036	0.4989	0.5456	0.3612	0.4982	0.5460	0.5465	0.5507	0.4551	0.4981
0.4526	0.4540	0.5920	0.5469	0.5464	0.5029	0.5016	0.4036	0.5032	0.6481	0.4036	0.4989	0.5456	0.3612	0.4982	0.5460	0.5465	0.5507	0.4551	0.4981
0.4526	0.4540	0.5920	0.5469	0.5464	0.5029	0.5016	0.4036	0.5032	0.6481	0.4036	0.4989	0.5456	0.3612	0.4982	0.5460	0.5465	0.5507	0.4551	0.4981
0.4526	0.4540	0.5920	0.5469	0.5464	0.5029	0.5016	0.4036	0.5032	0.6481	0.4036	0.4989	0.5456	0.3612	0.4982	0.5460	0.5465	0.5507	0.4551	0.4981
0.4526	0.4540	0.5920	0.5469	0.5464	0.5029	0.5016	0.4036	0.5032	0.6481	0.4036	0.4989	0.5456	0.3612	0.4982	0.5460	0.5465	0.5507	0.4551	0.4981
0.4526	0.4540	0.5920	0.5469	0.5464	0.5029	0.5016	0.4036	0.5032	0.6481	0.4036	0.4989	0.5456	0.3612	0.4982	0.5460	0.5465	0.5507	0.4551	0.4981
0.4526	0.4540	0.5920	0.5469	0.5464	0.5029	0.5016	0.4036	0.5032	0.6481	0.4036	0.4989	0.5456	0.3612	0.4982	0.5460	0.5465	0.4985	0.4551	0.4981
0.4526	0.4540	0.5920	0.5469	0.5464	0.5029	0.5016	0.4036	0.5032	0.6481	0.4036	0.4989	0.5456	0.4587	0.4982	0.5460	0.5465	0.4985	0.4551	0.4981
0.4526	0.4540	0.5920	0.5469	0.5464	0.5029	0.5016	0.4036	0.5032	0.6481	0.4036	0.4989	0.5456	0.4587	0.4982	0.5460	0.5465	0.4985	0.5016	0.4981
0.4526	0.4540	0.4541	0.5469	0.5464	0.5029	0.5016	0.4036	0.5032	0.6481	0.4036	0.4989	0.5456	0.4587	0.4982	0.5460	0.5465	0.4985	0.5016	0.4981
0.4526	0.4540	0.4541	0.5469	0.5464	0.5029	0.5016	0.4036	0.5032	0.6481	0.4036	0.4989	0.5456	0.4587	0.4982	0.5460	0.5465	0.4985	0.5016	0.4036
0.4526	0.4540	0.4541	0.5469	0.5464	0.5029	0.5016	0.4036	0.5032	0.4996	0.4036	0.4989	0.5456	0.4587	0.4982	0.5460	0.5465	0.4985	0.5016	0.4036
0.4526	0.4540	0.4541	0.5469	0.5464	0.5029	0.5016	0.4036	0.5032	0.4996	0.4052	0.4989	0.5456	0.4587	0.4982	0.5460	0.5465	0.4985	0.5016	0.4036
0.4526	0.4540	0.4541	0.5469	0.5464	0.5029	0.5016	0.4036	0.5032	0.4996	0.4052	0.4989	0.5456	0.4587	0.4982	0.5460	0.5465	0.4985	0.5016	0.4036
0.4526	0.4540	0.4541	0.5469	0.5464	0.5029	0.5016	0.4036	0.5032	0.4996	0.4052	0.4989	0.5456	0.4587	0.4982	0.5460	0.5465	0.4985	0.5016	0.4036
0.4526	0.4540	0.4541	0.5469	0.5464	0.5029	0.5016	0.4036	0.5032	0.4996	0.4052	0.4989	0.5456	0.4008	0.4982	0.5460	0.5465	0.4985	0.5016	0.4036
0.4526	0.4540	0.4541	0.5469	0.5464	0.5029	0.5016	0.4036	0.5032	0.4996	0.4052	0.4989	0.5456	0.5519	0.4982	0.5460	0.5465	0.4985	0.5016	0.4524
0.4526	0.4540	0.4541	0.5469	0.5464	0.5029	0.5016	0.4036	0.5032	0.4996	0.4052	0.4989	0.5456	0.5519	0.4982	0.5460	0.5465	0.4985	0.5016	0.4524
0.4526	0.4540	0.4541	0.5469	0.5464	0.5029	0.5016	0.4036	0.5902	0.4996	0.4052	0.4989	0.5456	0.5519	0.4982	0.5460	0.5465	0.4985	0.5016	0.4524
0.4526	0.4540	0.4541	0.5469	0.5464	0.5029	0.5016	0.4036	0.5902	0.4996	0.4052	0.4989	0.5456	0.5519	0.4982	0.5460	0.5465	0.4985	0.5016	0.4524
0.4526	0.4540	0.4541	0.5469	0.5464	0.5029	0.5016	0.4036	0.5902	0.4996	0.4052	0.4989	0.5456	0.5519	0.4982	0.5460	0.5465	0.4985	0.5016	0.4524
0.4526	0.4540	0.4541	0.5469	0.5464	0.5029	0.5016	0.4036	0.5902	0.4996	0.4052	0.4989	0.5456	0.5519	0.4982	0.5033	0.5465	0.4985	0.5016	0.4524
0.4526	0.4540	0.4541	0.5469	0.5464	0.5029	0.5016	0.4036	0.5902	0.4996	0.4052	0.4989	0.5456	0.5424	0.4982	0.5033	0.5465	0.4985	0.5016	0.4524
0.4526	0.4540	0.4541	0.5469	0.5464	0.5029	0.5016	0.4974	0.5902	0.4996	0.4052	0.4989	0.5456	0.5424	0.4982	0.5033	0.5465	0.4985	0.5016	0.4524
0.4526	0.4540	0.4541	0.5469	0.5464	0.5029	0.5016	0.4974	0.5902	0.4996	0.4052	0.4989	0.5456	0.5424	0.4982	0.5033	0.5465	0.4985	0.5016	0.4524
0.4526	0.4540	0.4541	0.5469	0.5464	0.5029	0.5016	0.4974	0.5902	0.4996	0.4052	0.4989	0.5456	0.5424	0.4982	0.5033	0.5465	0.4985	0.5016	0.5484
0.4526	0.4540	0.4541	0.5469	0.5464	0.5029	0.5016	0.4974	0.5902	0.4996	0.4052	0.4989	0.5456	0.5424	0.4982	0.5033	0.5465	0.4985	0.5016	0.5484
0.4526	0.4540	0.4541	0.5469	0.5464	0.5029	0.5016	0.4974	0.5902	0.4996	0.4052	0.4989	0.5456	0.5424	0.4982	0.5033	0.5465	0.4985	0.5016	0.5484
0.4526	0.4540	0.4541	0.5469	0.5464	0.5029	0.5016	0.4974	0.5902	0.4996	0.4052	0.4989	0.5456	0.5424	0.4982	0.5033	0.5465	0.4985	0.5016	0.5484
0.4526	0.4540	0.4541	0.5469	0.5464	0.5029	0.5938	0.4974	0.5902	0.4996	0.4052	0.4989	0.5456	0.5424	0.4982	0.5033	0.5465	0.4985	0.5016	0.5484
0.4526	0.4540	0.4541	0.5469	0.5464	0.5029	0.5938	0.4974	0.5432	0.4996	0.4052	0.4989	0.5456	0.5424	0.4982	0.5033	0.5465	0.4985	0.5016	0.5484
0.4526	0.4540	0.4541	0.5469	0.5464	0.5029	0.5938	0.4974	0.5432	0.4996	0.4052	0.5500	0.5456	0.5424	0.4982	0.5033	0.5465	0.4985	0.5016	0.4039
0.4526	0.4540	0.4541	0.5469	0.5464	0.5029	0.5938	0.4974	0.5432	0.4996	0.4052	0.5500	0.5456	0.5424	0.4982	0.5033	0.5465	0.4985	0.5016	0.4039
0.4526	0.4540	0.4541	0.5469	0.5464	0.5029	0.5938	0.4974	0.5432	0.4996	0.4052	0.5500	0.5456	0.5424	0.4980	0.5033	0.5465	0.4985	0.5016	0.4039
0.4526	0.4540	0.4541	0.5469	0.5464	0.5029	0.5938	0.4974	0.5432	0.4996	0.4052	0.5500	0.5456	0.5424	0.4980	0.5033	0.5465	0.4985	0.5016	0.4039
0.4526	0.4540	0.4541	0.5469	0.5464	0.5029	0.5938	0.4974	0.5432	0.4996	0.4052	0.5500	0.5456	0.5424	0.5060	0.5033	0.5465	0.4985	0.5016	0.4039
0.4526	0.4540	0.4541	0.5469	0.5464	0.5029	0.4035	0.4974	0.5432	0.4996	0.4052	0.5500	0.5456	0.5424	0.5060	0.5033	0.5465	0.4985	0.5016	0.4039
0.4526	0.4102	0.4545	0.5469	0.5464	0.5029	0.4035	0.4974	0.5432	0.4996	0.4052	0.5500	0.5456	0.4091	0.5060	0.5033	0.5465	0.4985	0.5016	0.4039
0.4526	0.4102	0.4545	0.5469	0.5464	0.5029	0.4035	0.4974	0.5432	0.4996	0.4052	0.5500	0.5456	0.4091	0.5039	0.5033	0.5465	0.4985	0.5016	0.4039
0.4526	0.4102	0.4545	0.5469	0.5464	0.5029	0.4035	0.4974	0.5432	0.4996	0.4052	0.5500	0.5456	0.4091	0.5039	0.5033	0.5465	0.4985	0.5016	0.4039
0.4526	0.5528	0.4545	0.5469	0.5464	0.5029	0.4035	0.4974	0.5432	0.4996	0.4052	0.5500	0.5456	0.4091	0.5039	0.5033	0.5465	0.4985	0.5016	0.4039
0.4526	0.5528	0.4545	0.5469	0.5464	0.5029	0.4035	0.4974	0.5432	0.4996	0.4052	0.5500	0.5456	0.4091	0.5039	0.5033	0.5465	0.4985	0.5016	0.4039
0.4526	0.5528	0.4545	0.5469	0.5464	0.5029	0.4035	0.4974	0.5432	0.4996	0.4052	0.5500	0.5456	0.4091	0.5039	0.5033	0.5465	0.4985	0.5016	0.4039
0.4526	0.5528	0.4545	0.5469	0.5464	0.5029	0.4035	0.4974	0.5432	0.4996	0.4052	0.5500	0.5456	0.4091	0.5039	0.5033	0.5465	0.4985	0.5016	0.4039
0.4526	0.5528	0.4545	0.5469	0.5464	0.5029	0.4035	0.4974	0.5432	0.4996	0.4052	0.5500	0.5456	0.4091	0.5039	0.5033	0.5465	0.4985	0.5016	0.4039
0.4526	0.5528	0.4545	0.5469	0.5464	0.5029	0.4035	0.4974	0.5432	0.4996	0.4052	0.5500	0.5456	0.4091	0.5039	0.5033	0.5465	0.4985	0.5016	0.4039
0.4526	0.5528	0.4545	0.5469	0.5464	0.5029	0.4035	0.4974	0.5432	0.4996	0.4052	0.5500	0.5456	0.4091	0.5039	0.5033	0.5465	0.4985	0.5016	0.4039
0.4526	0.4509	0.4545	0.5469	0.5464	0.5029	0.4035	0.4974	0.5432	0.4996	0.4052	0.5500	0.5456	0.4091	0.5039	0.5033	0.5465	0.4985	0.5016	0.4039
0.4526	0.4509	0.4545	0.5469	0.5464	0.5029	0.4035	0.4974	0.5432	0.4996	0.4052	0.5500	0.5456	0.4091	0.5039	0.5033	0.5465	0.4985	0.5016	0.4039
0.4526	0.4509	0.4545	0.5469	0.5464	0.5029	0.4035	0.4974	0.5432	0.4996	0.4052	0.5500	0.5456	0.4091	0.5039	0.5033	0.5465	0.4985	0.5016	0.4039
0.4526	0.4509	0.4545	0.5469	0.5464	0.5029	0.4035	0.4974	0.5432	0.4996	0.4052	0.5500	0.5456	0.4091	0.5039	0.5033	0.5465	0.4985	0.5016	0.4039
0.4526	0.4509	0.4545	0.5469	0.5464	0.5029	0.4035	0.4974	0.5483	0.4996	0.4052	0.5500	0.5456	0.4091	0.5039	0.5033	0.5465	0.4985	0.5016	0.4039
0.4526	0.4509	0.4545	0.5469	0.5464	0.5029	0.4035	0.4974	0.5483	0.4996	0.4052	0.5500	0.5456	0.4091	0.5039	0.5033	0.5465	0.4985	0.5016	0.4039
0.4526	0.4509	0.4545	0.5469	0.5464	0.5029	0.4035	0.4974	0.5483	0.4996	0.4052	0.5500	0.5456	0.4091	0.5039	0.5033	0.5465	0.4985	0.5016	0.4039
