0.3167	0.6545	0.9133	0.9767	0.3761	0.0592	0.9179	0.5452	0.1725	0.2522	0.1630	0.9262	0.1478	0.1293	0.4901	0.9605	0.2391	0.0324	0.7327	0.8754
0.2839	0.4310	0.0000	0.8571	0.8498	1.0000	0.9936	0.7237	0.8325	0.0000	0.4378	0.3800	0.6117	0.1987	0.3103	0.6776	0.3148	1.0000	0.6925	1.0000
0.3320	1.0000	0.2785	0.4824	1.0000	0.5025	0.3961	0.0000	0.7605	0.5187	0.4861	0.1965	0.3977	0.6116	0.0585	0.4292	0.1992	0.5645	0.6016	0.8906
0.4534	0.0000	0.7368	0.3304	0.7837	0.8383	0.2064	0.5078	0.6276	0.4440	0.0000	1.0000	0.5098	0.6116	0.5403	0.7233	0.0000	1.0000	0.6782	1.0000
0.5098	0.0000	0.7368	1.0000	0.6274	0.6948	1.0000	0.5046	0.6063	0.4440	0.4022	0.3204	0.0000	0.5532	0.4424	0.0000	0.5115	0.4531	0.4442	0.1201
0.4290	0.4566	0.2113	0.5503	0.6274	0.8489	0.3074	0.4291	0.5500	0.0000	0.6427	0.3251	0.6733	0.5532	0.2765	0.8749	0.4613	0.7815	0.6145	0.2514
0.4290	0.3337	0.5760	0.6234	0.6115	0.7947	0.6684	0.4826	0.5583	0.3463	0.5561	0.7336	0.3871	0.5532	0.4359	0.1678	1.0000	0.3750	0.6145	0.7736
0.4290	0.5337	0.6225	0.5503	0.7403	0.6059	0.1985	0.3911	0.5583	0.5568	0.5027	0.0455	0.7547	0.5532	0.4359	0.6151	0.1285	0.7251	0.6145	1.0000
0.4378	0.5101	0.6225	0.6747	0.7902	1.0000	0.5045	0.6721	0.5583	0.5568	0.5027	0.3728	0.3923	0.5532	0.4359	0.6151	0.4503	0.5574	0.6145	0.5129
0.7998	0.7360	0.4320	0.4592	0.4424	0.6278	0.5045	0.9988	0.0000	0.5624	0.0000	0.2613	0.6227	0.5532	0.4359	0.6151	0.6824	0.4347	0.6145	1.0000
0.0480	0.4389	0.4320	0.6057	0.4424	0.4369	1.0000	1.0000	0.1257	0.5624	0.1965	0.3036	0.2777	0.5532	0.5502	0.4354	0.5488	0.4374	0.6145	1.0000
1.0000	0.5564	0.4320	0.6661	0.3799	0.9978	0.7333	0.4926	0.2778	0.5624	0.6160	0.5693	0.4619	0.4991	0.5502	0.2593	0.5540	0.4374	0.4420	0.5112
1.0000	0.5660	0.4320	0.9593	0.3799	0.8055	0.1383	0.3744	0.5362	0.5624	0.2502	0.3291	0.2499	0.4991	0.5502	0.5516	0.5540	0.0000	0.4420	0.3905
0.4988	0.3053	0.4375	0.4839	0.3799	0.6262	0.6089	0.6612	0.5788	0.4389	0.9042	0.3291	0.7446	0.0519	0.5502	0.5516	0.5267	1.0000	0.4420	0.3905
0.4988	0.7845	0.4375	0.3832	0.3799	0.3107	0.5572	0.5611	0.3862	0.4389	0.6893	0.3821	0.4039	0.0000	0.4396	0.5516	0.4831	0.0276	0.4420	0.3905
0.4882	0.5017	0.6718	0.3832	0.4963	0.4506	0.7605	0.0000	0.7859	0.4389	0.5640	0.5646	0.6709	0.9950	0.4396	0.5516	0.3262	0.0000	0.4420	0.3905
0.3251	0.0000	0.3139	0.3832	0.4963	0.4506	0.4531	1.0000	0.6885	0.4389	0.5640	0.3179	0.4959	0.5078	0.4396	0.3861	0.4829	0.5656	0.4420	0.3905
0.4313	0.4406	0.6763	0.3832	0.5030	0.5102	0.4531	0.7240	0.2557	0.4389	0.6171	0.6745	0.5663	0.5078	0.4396	0.3861	0.2562	0.5656	0.4420	0.3905
0.4313	0.2065	0.6763	0.3832	0.0000	0.6670	0.8703	0.5624	0.6327	0.4389	0.6171	0.4977	0.5663	0.5078	0.4396	0.6860	0.6168	0.0381	0.4420	0.3905
0.4398	0.6138	0.4525	0.3832	0.3818	0.9023	1.0000	0.3141	0.5537	0.4389	0.6171	0.4977	0.9575	0.5703	0.4396	0.6860	0.6168	0.0000	0.4420	0.4911
0.1871	0.6138	0.4525	0.3832	0.3818	0.4323	1.0000	0.0000	0.4343	0.4389	0.6171	0.4977	0.4323	0.3231	0.4396	0.7464	0.6168	1.0000	0.4420	0.5557
0.3840	0.3796	0.5546	0.3832	0.3818	0.4323	0.3188	0.1009	0.6118	0.4389	0.5077	0.4977	0.6067	0.7408	0.4396	1.0000	0.6168	0.8110	0.4420	0.3392
0.3840	0.3796	0.5546	0.2462	0.3818	0.4323	0.3188	0.6924	0.5015	0.4389	0.5077	0.4977	0.4391	0.7408	0.4396	0.8097	0.6168	0.5007	0.4420	0.2745
0.3840	0.6057	0.3836	0.2129	0.3818	0.4323	0.3188	0.5072	0.5015	0.4389	0.4336	0.6562	0.4391	0.5000	0.4396	0.6173	0.6168	0.5007	0.4420	0.3379
0.3840	0.6057	0.3836	0.6819	0.3818	0.4323	0.3188	0.1309	0.5015	0.5579	0.5542	0.3689	0.6150	0.5000	0.4396	0.4486	0.6168	0.5007	0.4420	0.3379
0.3840	0.6057	0.3836	0.5053	0.3818	0.4323	0.3188	0.3924	0.5015	0.3229	0.5542	0.4513	0.5574	0.3738	0.4396	0.4486	0.6168	0.5007	0.4420	0.6198
0.3840	0.7470	0.3836	0.5053	0.3818	0.4323	0.3188	0.3743	0.5015	0.5118	0.5542	0.5047	0.5574	0.3738	0.4396	0.4486	0.6168	0.5637	0.4420	0.6198
0.3840	0.3800	0.3836	0.5053	0.3818	0.4323	0.5028	0.5612	0.5015	0.5088	0.5542	0.5047	0.5574	0.6133	0.4396	0.4486	0.6168	0.5637	0.4420	0.6198
0.3840	0.3800	0.3836	0.5560	0.3818	0.4323	0.5028	0.5612	0.7336	0.5088	0.5542	0.5047	0.3197	0.6133	0.4396	0.4486	0.6168	0.6110	0.4420	0.6198
0.3840	0.3800	0.3836	0.5560	0.3818	0.4323	0.5028	0.5612	0.7336	0.5088	0.5542	0.5047	0.3246	0.6133	0.4396	0.4486	0.5666	0.6110	0.6179	0.6198
0.4383	0.3800	0.3836	0.5560	0.3818	0.4323	0.5028	0.5612	0.6266	0.5574	0.3815	0.5047	0.3071	0.6836	0.4396	0.4486	0.5666	0.6110	0.6179	0.6198
0.4383	0.3800	0.3836	0.5560	0.5654	0.4323	0.5028	0.5612	0.6266	0.5574	0.3815	0.5047	0.2592	0.6836	0.4396	0.3807	0.5666	0.6110	0.6179	0.6198
0.4383	0.3800	0.3836	0.5560	0.5654	0.4323	0.5028	0.5612	0.2652	0.5574	0.3815	0.5538	0.7281	0.6836	0.4396	0.7368	0.5666	0.6110	0.6179	0.6187
0.4383	0.3800	0.3836	0.5560	0.5654	0.6174	0.5028	0.5612	0.2652	0.5574	0.3815	0.5538	0.3263	0.6836	0.4396	0.6707	0.5666	0.6110	0.6179	0.6187
0.4383	0.3800	0.3836	0.5560	0.3837	0.6174	0.5028	0.5529	0.6063	0.5574	0.3815	0.5538	0.6831	0.6836	0.4396	0.3899	0.5666	0.5035	0.6179	0.5537
0.4383	0.3800	0.3836	0.5036	0.3837	0.6174	0.5028	0.5529	0.6767	0.3875	0.3815	0.5538	0.6831	0.4436	0.4396	0.3899	0.5666	0.5035	0.6179	0.5537
0.4383	0.3800	0.3836	0.5569	0.3837	0.6174	0.5028	0.5529	0.3813	0.3875	0.3815	0.5538	0.3209	0.4436	0.4396	0.5065	0.5666	0.5035	0.4394	0.5537
0.4383	0.3800	0.3836	0.5569	0.3837	0.6174	0.5028	0.5529	0.3813	0.4951	0.4444	0.5538	0.5056	0.4436	0.4396	0.4443	0.5666	0.5035	0.4394	0.5537
0.4383	0.3800	0.3836	0.5569	0.3264	0.6174	0.5028	0.6219	0.3813	0.4951	0.4444	0.4373	0.5056	0.4436	0.4396	0.4443	0.5494	0.5035	0.4394	0.5537
0.4383	0.3800	0.3836	0.5569	0.3795	0.6200	0.5028	0.6219	0.3813	0.4951	0.4444	0.4373	0.6191	0.4436	0.4396	0.4443	0.5494	0.5035	0.4394	0.6120
0.4383	0.3800	0.6236	0.5569	0.3795	0.6200	0.5028	0.4978	0.3813	0.4951	0.4444	0.4373	0.5063	0.4436	0.5610	0.4443	0.4359	0.5035	0.4963	0.6120
0.4383	0.3800	0.6236	0.5569	0.3795	0.4378	0.5028	0.6120	0.3813	0.4951	0.4444	0.4373	0.5063	0.4436	0.5610	0.4443	0.4359	0.4341	0.4963	0.6120
0.4383	0.3800	0.6236	0.5569	0.4403	0.4378	0.5028	0.4364	0.3813	0.4951	0.4444	0.4373	0.5063	0.4436	0.5610	0.4443	0.4956	0.4341	0.4963	0.6120
0.4383	0.3800	0.6236	0.5569	0.4403	0.4378	0.5028	0.4364	0.3813	0.4951	0.4444	0.4373	0.5063	0.4436	0.5610	0.4443	0.4956	0.4341	0.4963	0.6120
0.4383	0.3800	0.6236	0.5569	0.4403	0.4378	0.5028	0.4364	0.3813	0.4951	0.4444	0.4373	0.5063	0.4436	0.5610	0.4443	0.4956	0.4341	0.4963	0.6120
0.4383	0.3800	0.6236	0.5569	0.4403	0.4378	0.5028	0.4364	0.3813	0.4951	0.4444	0.4373	0.5063	0.4436	0.5610	0.4443	0.4956	0.4341	0.4963	0.6120
0.4383	0.3800	0.6236	0.5569	0.5474	0.4378	0.5028	0.4364	0.3813	0.4951	0.4444	0.4373	0.5063	0.4436	0.5610	0.4443	0.4956	0.4341	0.4963	0.6120
0.5127	0.3800	0.6236	0.5569	0.7378	0.4378	0.5028	0.4364	0.3813	0.4951	0.4444	0.4373	0.5063	0.4436	0.5610	0.4443	0.4956	0.4341	0.4963	0.6120
0.4286	0.3800	0.5548	0.5569	0.6155	0.4378	0.5028	0.4364	0.3813	0.4951	0.4444	0.4373	0.5566	0.4436	0.5610	0.4443	0.4956	0.4341	0.4963	0.6120
0.4286	0.3800	0.5548	0.5569	0.6155	0.4378	0.5028	0.4364	0.3813	0.4951	0.4444	0.4373	0.5566	0.4436	0.5610	0.4443	0.4956	0.4341	0.4963	0.6120
0.4286	0.3800	0.5548	0.5569	0.6155	0.4378	0.5028	0.4364	0.3813	0.4951	0.4444	0.4373	0.5566	0.4436	0.5610	0.4443	0.4956	0.4341	0.4963	0.6120
0.6129	0.3800	0.5548	0.5569	0.6155	0.4378	0.5028	0.4364	0.3813	0.4951	0.4444	0.4373	0.5566	0.4436	0.5610	0.4443	0.4956	0.4341	0.4963	0.6120
0.5013	0.3800	0.5548	0.5569	0.4963	0.5553	0.5028	0.4364	0.3813	0.4951	0.4444	0.4373	0.5566	0.4436	0.5610	0.4443	0.4956	0.4341	0.4963	0.6120
0.5013	0.3800	0.5548	0.5569	0.4963	0.5553	0.5028	0.4364	0.3813	0.4951	0.4444	0.4373	0.5566	0.4436	0.5610	0.4443	0.4956	0.4341	0.4963	0.6120
0.5013	0.3727	0.5548	0.5569	0.4963	0.5553	0.5028	0.4364	0.3813	0.4951	0.4444	0.4373	0.5566	0.4436	0.5610	0.4443	0.4956	0.4341	0.4963	0.6120
0.5013	0.3727	0.5548	0.5569	0.4963	0.5553	0.5028	0.4364	0.3813	0.4951	0.4992	0.4373	0.5566	0.4436	0.5610	0.4443	0.4956	0.4341	0.4963	0.6120
0.5013	0.3727	0.5548	0.5569	0.4963	0.5553	0.5028	0.4364	0.3813	0.4951	0.4992	0.4373	0.5566	0.4436	0.5610	0.4443	0.4956	0.4938	0.4963	0.6120
0.5013	0.3727	0.5548	0.5569	0.4963	0.5553	0.5028	0.4364	0.3813	0.4951	0.4992	0.4373	0.5566	0.4436	0.5610	0.4443	0.4956	0.4938	0.4963	0.6120
0.5105	0.3727	0.5548	0.5569	0.4963	0.4959	0.5028	0.5570	0.3813	0.4951	0.4992	0.4373	0.5566	0.4436	0.5610	0.4443	0.4956	0.4938	0.4963	0.6120
0.5105	0.3727	0.5548	0.5569	0.4963	0.4959	0.5028	0.5570	0.3813	0.4951	0.4992	0.4373	0.5566	0.4436	0.5610	0.6119	0.4956	0.4938	0.4963	0.4386
0.5105	0.3727	0.5548	0.5569	0.4963	0.4959	0.5028	0.5570	0.3813	0.4951	0.4992	0.4373	0.5566	0.4436	0.5610	0.6119	0.4956	0.4938	0.4963	0.4386
0.5105	0.3727	0.5548	0.5569	0.4963	0.4959	0.5028	0.5570	0.3813	0.4951	0.4992	0.4373	0.5566	0.4436	0.5610	0.6119	0.4956	0.4938	0.4963	0.4386
0.5105	0.3727	0.5548	0.5569	0.4963	0.4959	0.5028	0.5570	0.3813	0.4951	0.4992	0.4373	0.5566	0.4436	0.5610	0.6119	0.4956	0.4938	0.4963	0.4386
0.4364	0.3727	0.5548	0.5569	0.4963	0.4959	0.5028	0.5570	0.3813	0.4951	0.4992	0.4373	0.5566	0.3859	0.5610	0.6119	0.4956	0.4938	0.4963	0.4386
0.4969	0.3727	0.5548	0.5569	0.4963	0.4959	0.5028	0.5570	0.3813	0.4951	0.4992	0.4373	0.5566	0.3859	0.5610	0.6119	0.4956	0.4938	0.4963	0.4386
0.4969	0.3727	0.5548	0.5569	0.4963	0.4959	0.5028	0.5570	0.3813	0.4951	0.4992	0.4373	0.5566	0.3859	0.5610	0.6119	0.4956	0.4938	0.4963	0.4386
0.4969	0.3727	0.5548	0.5569	0.4963	0.4959	0.5028	0.5570	0.3813	0.4951	0.4992	0.4373	0.5566	0.4399	0.5610	0.6119	0.4956	0.4938	0.4963	0.4386
0.4969	0.3727	0.5548	0.5569	0.5056	0.4959	0.5028	0.5570	0.3813	0.4951	0.4992	0.4373	0.5566	0.4399	0.5610	0.6119	0.4956	0.4938	0.4963	0.4386
0.4969	0.3727	0.5548	0.5569	0.5056	0.4959	0.5028	0.5570	0.3813	0.4951	0.4992	0.4373	0.5566	0.4399	0.5610	0.5575	0.4956	0.4938	0.4963	0.4386
0.4969	0.3727	0.5548	0.5569	0.5056	0.4959	0.5028	0.5570	0.3813	0.4951	0.4992	0.4373	0.4974	0.4399	0.5610	0.5575	0.5047	0.4938	0.4963	0.4386
0.4969	0.3727	0.5548	0.5569	0.5056	0.4959	0.5028	0.5570	0.3813	0.4951	0.4992	0.4373	0.4974	0.4399	0.5610	0.5575	0.5047	0.4938	0.4963	0.4386
0.4969	0.5007	0.5548	0.5569	0.5056	0.4959	0.5028	0.5570	0.3813	0.4951	0.4992	0.4373	0.4974	0.4399	0.5610	0.5027	0.5047	0.4938	0.4963	0.4386
0.4969	0.5007	0.5548	0.5569	0.5056	0.4959	0.5028	0.5570	0.3813	0.4951	0.4992	0.4373	0.4974	0.4399	0.4381	0.5027	0.5047	0.4938	0.4963	0.4386
0.4969	0.5007	0.5548	0.5584	0.5056	0.4959	0.5028	0.5570	0.3813	0.4951	0.4992	0.4373	0.4974	0.4399	0.4381	0.5027	0.5047	0.4938	0.4963	0.4386
0.4969	0.5007	0.4996	0.5584	0.5056	0.4959	0.5028	0.5610	0.3813	0.4951	0.4992	0.4373	0.4974	0.4399	0.4381	0.5027	0.5047	0.4938	0.4963	0.4386
0.4969	0.6181	0.4996	0.5584	0.5056	0.4959	0.5028	0.5610	0.3813	0.4951	0.4992	0.4373	0.4974	0.4399	0.4381	0.5027	0.5047	0.4938	0.4963	0.4386
0.4969	0.6181	0.4996	0.5584	0.5056	0.4959	0.5028	0.5610	0.3813	0.4951	0.4992	0.4373	0.4974	0.4399	0.4381	0.5027	0.5047	0.4938	0.4963	0.4386
0.4969	0.6181	0.4996	0.5584	0.5056	0.4959	0.5028	0.5610	0.3813	0.4951	0.5630	0.4373	0.4974	0.4399	0.4381	0.5027	0.5047	0.4938	0.4963	0.4386
0.4969	0.6181	0.4996	0.5584	0.5056	0.4959	0.5028	0.5610	0.3813	0.4951	0.5630	0.4373	0.4974	0.4399	0.4381	0.5027	0.5047	0.4938	0.4963	0.4386
0.4969	0.6181	0.4996	0.5584	0.5056	0.4959	0.5028	0.5610	0.4464	0.4951	0.5630	0.4373	0.4974	0.4399	0.4381	0.5027	0.5047	0.4938	0.4963	0.4386
0.4969	0.6181	0.4996	0.5584	0.5056	0.4959	0.5028	0.5610	0.4464	0.4951	0.5630	0.4373	0.4974	0.4399	0.4381	0.5027	0.5047	0.4938	0.4963	0.4386
0.4969	0.6181	0.4996	0.5584	0.5056	0.4959	0.5028	0.5610	0.4464	0.4951	0.5630	0.4373	0.4974	0.4399	0.4381	0.5027	0.5047	0.4938	0.4963	0.4386
0.4969	0.6181	0.4996	0.5584	0.5056	0.4959	0.5028	0.5610	0.4464	0.4951	0.5630	0.4373	0.4974	0.4399	0.4381	0.5027	0.5047	0.4938	0.4963	0.4386
0.4969	0.6181	0.4996	0.5584	0.5056	0.4959	0.5028	0.5610	0.4464	0.4951	0.5041	0.4373	0.4974	0.4399	0.4381	0.5027	0.5047	0.4938	0.4963	0.4386
0.4969	0.6181	0.4996	0.5584	0.5056	0.4959	0.5028	0.5610	0.4464	0.4951	0.5041	0.4373	0.4974	0.4399	0.4381	0.5027	0.5047	0.4938	0.4963	0.4386
0.4969	0.6181	0.4996	0.5584	0.5056	0.4959	0.5028	0.5610	0.4464	0.4951	0.5041	0.4373	0.4974	0.4399	0.4381	0.5027	0.5047	0.4938	0.4963	0.4386
0.4969	0.6181	0.4996	0.5584	0.5056	0.4959	0.5028	0.5610	0.4464	0.4951	0.5041	0.4373	0.4974	0.4399	0.4381	0.5027	0.5047	0.4938	0.4963	0.4386
0.4969	0.6181	0.4996	0.5584	0.5056	0.4959	0.5028	0.5610	0.4464	0.4951	0.5041	0.4373	0.4974	0.4399	0.4381	0.5027	0.5047	0.4938	0.4963	0.4386
0.4969	0.6181	0.4996	0.5584	0.5056	0.4959	0.5028	0.5610	0.4464	0.4951	0.5041	0.4373	0.4974	0.4399	0.4381	0.5027	0.5047	0.4938	0.4963	0.4386
0.4969	0.6181	0.4996	0.5584	0.5056	0.4959	0.5028	0.5610	0.4464	0.4951	0.5041	0.4373	0.4974	0.4399	0.4381	0.5027	0.5047	0.4938	0.4963	0.4386
0.4969	0.6181	0.4996	0.5584	0.5056	0.4959	0.5028	0.5610	0.4464	0.4951	0.5041	0.4373	0.4974	0.4399	0.4381	0.5007	0.5047	0.4938	0.4963	0.4386
0.4969	0.6181	0.4996	0.5584	0.5056	0.4959	0.5028	0.5034	0.4464	0.4951	0.5041	0.4373	0.4974	0.4399	0.4381	0.5007	0.5047	0.4938	0.4963	0.4386
0.4969	0.6181	0.4996	0.5584	0.5056	0.4959	0.5028	0.5034	0.4464	0.4951	0.5041	0.4373	0.4974	0.4399	0.4381	0.5007	0.5047	0.4938	0.4963	0.4386
0.4969	0.6181	0.4996	0.5584	0.5056	0.4959	0.5028	0.5034	0.4464	0.4951	0.5041	0.4373	0.4974	0.4399	0.4381	0.5007	0.5047	0.4938	0.4963	0.4386
0.4969	0.6181	0.4996	0.5584	0.5056	0.4959	0.5028	0.5034	0.4464	0.4951	0.5041	0.4373	0.4974	0.4399	0.4381	0.5007	0.5047	0.4938	0.4963	0.4386
0.4969	0.6181	0.4996	0.5584	0.5056	0.4959	0.5028	0.5034	0.4464	0.4951	0.5041	0.4432	0.4974	0.4399	0.4381	0.5007	0.5047	0.4938	0.4963	0.4386
0.4969	0.6181	0.4996	0.5584	0.5056	0.4959	0.5028	0.5034	0.4464	0.4951	0.5041	0.4432	0.4974	0.4399	0.4381	0.5007	0.5047	0.4938	0.4963	0.4386
0.4969	0.6181	0.4996	0.5584	0.5056	0.4959	0.5028	0.5034	0.4464	0.4951	0.5041	0.5051	0.4974	0.4399	0.4381	0.5007	0.5047	0.4938	0.4963	0.4950
0.4969	0.6181	0.4996	0.5584	0.5056	0.4959	0.5028	0.5034	0.4464	0.4951	0.5041	0.5051	0.4974	0.4399	0.4381	0.5007	0.5047	0.4938	0.4963	0.4950
0.4969	0.6181	0.4996	0.5549	0.5056	0.4959	0.5028	0.5034	0.4464	0.4951	0.5041	0.5051	0.4974	0.4399	0.4381	0.5007	0.5047	0.4938	0.4963	0.4950
0.4969	0.6181	0.4996	0.5549	0.5056	0.4959	0.5028	0.5034	0.4464	0.4951	0.5041	0.5051	0.4974	0.4399	0.4381	0.5007	0.5047	0.4938	0.4963	0.4950
