0.6060	0.5717	0.5568	0.6929	0.6347	0.8179	0.1633	0.3796	0.8408	0.9822	0.8672	0.9660	0.0486	0.5473	0.6655	0.3109	0.4037	0.5022	0.3652	0.3294
0.0000	0.4883	0.4631	0.4886	0.5606	1.0000	0.0000	1.0000	0.5179	0.0989	1.0000	0.2783	1.0000	0.7958	0.5281	0.0449	0.5268	0.4658	0.5376	1.0000
0.6004	0.6436	0.5039	0.5991	0.8308	0.8114	0.2530	0.5836	0.8745	1.0000	0.9230	0.5424	0.4952	0.8689	1.0000	0.4529	0.0344	0.2159	1.0000	0.0000
0.4627	0.6937	1.0000	0.5202	0.1057	0.3910	0.5315	1.0000	1.0000	0.5384	0.5110	0.4672	0.4952	0.2773	0.0000	0.7526	0.3931	0.4431	0.3160	0.4360
0.0000	0.8835	0.5831	0.8373	0.3841	0.4894	0.5626	0.3666	0.7733	0.4418	0.2816	0.5581	0.4952	0.0000	0.7596	0.5491	0.6651	0.4431	0.5361	0.0686
0.5263	0.7894	0.5094	0.4115	0.8151	0.0000	0.7815	0.5172	0.2679	0.4418	0.5489	0.5271	0.4952	0.7301	0.5666	0.5491	0.2565	0.4431	0.5361	0.4198
0.2604	0.4843	0.5094	0.4358	0.8203	0.3527	0.0751	0.5172	0.0671	0.4665	0.1264	0.2074	0.4952	0.5004	0.4591	0.5209	0.4858	0.5107	0.5361	0.5903
0.6635	0.4843	0.4725	0.0000	0.5195	0.5025	0.5827	0.5151	0.8068	0.4665	0.0686	1.0000	0.4952	0.4462	0.9121	0.5186	0.4858	0.5107	0.4798	0.4217
0.0000	0.4843	0.4345	0.5424	0.0000	0.5025	0.2712	0.3431	0.5353	0.6613	0.8382	0.5546	0.4952	0.5696	0.2849	0.5186	0.4709	0.5107	0.4798	0.2840
0.6370	0.4843	0.0000	0.2121	0.7309	0.5025	0.8691	0.5535	0.5046	0.7506	0.4925	0.4464	0.4952	0.5696	0.5482	0.5186	0.0000	0.5107	0.2183	0.1509
0.5159	0.4843	0.8642	1.0000	0.8337	0.5025	0.1650	0.5574	0.8851	1.0000	0.8457	0.5061	0.4952	0.7317	0.5482	0.5186	0.5331	0.5095	0.0970	0.3438
0.5327	0.4905	0.7526	0.9808	0.5075	0.5025	0.5443	0.0000	0.0000	0.5633	0.5596	0.5575	0.4832	0.5317	0.5121	0.5186	0.5331	0.5095	0.4561	0.4880
0.1525	0.4905	0.0000	0.5462	0.5075	0.5025	0.4573	0.4622	0.3835	0.5633	0.5596	0.0000	0.4832	0.5317	0.4672	0.5186	0.5331	0.5163	0.4882	0.5009
0.4147	0.4905	0.9906	0.5462	0.5075	0.5425	0.4985	0.5314	0.4795	0.4566	0.0000	0.9453	0.4832	0.0000	0.3723	0.5186	0.7788	0.5163	0.4770	0.4310
0.5278	0.4905	0.4976	0.4861	0.5075	0.5425	0.4985	0.5314	0.4795	0.4437	0.5016	0.1047	0.4832	0.4494	0.5161	0.4413	0.3450	0.5163	0.7752	0.5230
0.5404	0.4905	0.6668	0.4861	0.5075	0.1457	0.4985	0.5314	0.4795	0.4969	0.0000	0.4884	0.4832	0.5741	0.5161	0.5207	0.4686	0.5163	0.1881	0.0000
0.5404	0.4905	0.8615	0.4861	0.5075	0.3328	0.4985	0.4935	0.4795	0.4969	0.5924	0.8398	0.4832	0.7244	0.5161	0.5207	0.4686	0.5163	0.7311	1.0000
0.5024	0.4905	0.2839	0.4861	0.5075	0.0000	0.4985	0.8653	0.4795	0.4969	0.8542	0.5328	0.4832	0.5463	0.8013	0.5207	0.5080	0.5163	0.9913	0.4577
0.5024	0.4905	1.0000	0.4861	0.5075	0.2641	0.4985	1.0000	0.0871	0.4843	0.5449	0.4641	0.4832	0.3440	0.4740	0.5207	0.4678	0.5163	0.2181	0.0000
0.5024	0.4905	0.2497	0.4861	0.5075	0.4667	0.4985	0.5012	0.5115	0.4843	0.5449	0.4641	0.5282	0.5460	1.0000	0.5207	0.7661	0.5163	0.1634	0.0000
0.5024	0.5420	0.5563	0.5076	0.5075	0.5162	0.4985	0.5081	0.5115	0.4843	0.5449	0.4641	0.5282	0.7277	0.2790	0.5207	0.0353	0.5163	0.5281	0.5465
0.5024	0.5420	0.0000	0.5502	0.5075	0.4733	0.4985	0.4872	0.5115	0.4843	0.5449	0.4641	0.5282	0.2963	0.5558	0.5207	0.7273	0.5163	0.5281	0.4908
0.5024	0.2396	0.0000	0.7787	0.5075	0.4733	0.4985	0.4872	0.5115	0.4843	0.5449	0.4975	0.4885	1.0000	0.5131	0.5207	0.6110	0.5163	0.5281	0.0378
0.5024	0.8027	0.0000	0.5102	0.5075	0.4733	0.4985	0.4845	0.5115	0.4843	0.5449	0.4975	0.4885	0.2656	0.5131	0.5207	0.4680	0.5163	0.5281	0.7390
0.5024	0.7634	0.5800	0.5312	0.5075	0.4733	0.4985	0.4845	0.5115	0.4843	0.5449	0.4975	0.4885	0.2192	0.5131	0.5207	0.5490	0.5163	0.5281	0.4169
0.5024	0.7634	0.2053	0.8066	0.4676	0.4733	0.4985	0.4845	0.5132	0.4843	0.5449	0.4975	0.4885	0.2165	0.5131	0.5207	0.4869	0.5163	0.5281	0.4885
0.5024	0.7722	0.5478	0.2086	0.4676	0.4733	0.4985	0.4845	0.5132	0.4843	0.5137	0.4975	0.4885	0.9104	0.5131	0.5207	0.4869	0.5163	0.4513	0.5096
0.5419	0.5527	0.5478	0.2086	0.4676	0.4733	0.4985	0.4979	0.5132	0.4843	0.5137	0.4975	0.4885	0.4603	0.5131	0.5207	0.4869	0.5163	0.5305	0.3520
0.5065	0.4842	0.4857	0.1343	0.4676	0.4733	0.4904	0.4979	0.5132	0.4843	0.5368	0.4975	0.4885	0.4603	0.5131	0.5207	0.4869	0.5163	0.4844	0.5169
0.5065	0.1212	0.4857	0.5593	0.4490	0.4893	0.4904	0.4979	0.5132	0.4843	0.5368	0.4975	0.4885	0.4603	0.5131	0.5207	0.5554	0.5163	0.4844	0.4910
0.5065	0.4448	0.4857	0.8058	0.5323	0.4893	0.4904	0.4979	0.5132	0.4843	0.5368	0.4975	0.4968	0.4612	0.5131	0.5207	0.5554	0.5163	0.4844	0.4910
0.5008	0.4448	0.4857	0.2819	0.5323	0.4893	0.4904	0.4979	0.5132	0.4843	0.5368	0.4975	0.4968	0.4612	0.5131	0.5207	0.2032	0.5163	0.4844	0.4910
0.5008	0.4448	0.4857	0.7668	0.5323	0.4893	0.4904	0.4979	0.5132	0.4843	0.5368	0.4975	0.4968	0.4612	0.5131	0.5207	0.4500	0.5163	0.4844	0.4910
0.5008	0.4448	0.4542	0.5425	0.5323	0.4893	0.4904	0.4979	0.5132	0.4843	0.5368	0.4975	0.4968	0.5294	0.5131	0.5207	0.4500	0.5163	0.4844	0.4910
0.5008	0.4448	0.4542	0.5425	0.5323	0.4893	0.4904	0.4979	0.5132	0.4843	0.5368	0.4975	0.4968	0.5294	0.5131	0.5207	0.9427	0.5163	0.5013	0.4910
0.5008	0.4448	0.4542	0.5425	0.5323	0.4893	0.4904	0.4979	0.5132	0.4843	0.5005	0.4975	0.4968	0.5040	0.5316	0.5207	0.0000	0.5163	0.5013	0.4910
0.5055	0.0918	0.4542	0.5425	0.4648	0.4893	0.4904	0.4979	0.5190	0.4843	0.5005	0.4975	0.4968	0.5040	0.5316	0.5207	0.2452	0.5163	0.5013	0.4584
0.5055	0.7762	0.4542	0.5425	0.4648	0.4893	0.4939	0.4979	0.5190	0.4843	0.5005	0.4975	0.4968	0.5040	0.5316	0.5204	0.1627	0.5163	0.5013	0.4584
0.5055	0.3851	0.4542	0.5425	0.4648	0.4893	0.4939	0.4979	0.5190	0.4996	0.5005	0.4975	0.4968	0.5092	0.5316	0.5204	0.9101	0.5163	0.5013	0.4584
0.5029	0.4020	0.4542	0.5425	0.4648	0.4893	0.4939	0.4979	0.5190	0.4996	0.5005	0.4975	0.4968	0.5092	0.5316	0.5204	1.0000	0.5163	0.5013	0.4584
0.5029	0.0000	0.4542	0.5425	0.5153	0.4893	0.4939	0.4979	0.5190	0.4996	0.5005	0.4975	0.4968	0.5092	0.5316	0.5204	0.5333	0.5163	0.5013	0.4584
0.5029	0.5605	0.4542	0.5425	0.5153	0.4893	0.4567	0.4979	0.5190	0.4996	0.5005	0.4975	0.4968	0.5092	0.5316	0.5204	0.4938	0.5163	0.5013	0.4584
0.5029	0.5023	0.4874	0.5425	0.5153	0.4893	0.4567	0.4979	0.5190	0.4996	0.5005	0.4975	0.4968	0.5092	0.5316	0.5204	0.4938	0.5163	0.5013	0.4584
0.5029	0.5284	0.4874	0.5425	0.5153	0.4893	0.4567	0.4979	0.5190	0.4996	0.5005	0.4975	0.4968	0.5092	0.5316	0.5204	0.4938	0.5163	0.5013	0.4584
0.5029	0.5240	0.4874	0.5425	0.5153	0.4893	0.4567	0.4979	0.4879	0.4996	0.5005	0.4975	0.4968	0.5092	0.5316	0.5204	0.4938	0.5163	0.5013	0.5246
0.5029	0.5240	0.4874	0.5425	0.5153	0.4893	0.4567	0.4979	0.4879	0.4996	0.5005	0.4975	0.4968	0.5092	0.5316	0.4626	0.4938	0.5163	0.5013	0.4548
0.5021	0.5240	0.4874	0.4931	0.5153	0.4893	0.4809	0.4979	0.4879	0.5087	0.5005	0.4975	0.4968	0.5092	0.5316	0.4677	0.4938	0.5163	0.5013	0.4548
0.5041	0.5178	0.4874	0.4931	0.5153	0.4893	0.4809	0.4979	0.4879	0.5087	0.5005	0.4975	0.4968	0.5092	0.5316	0.4677	0.4938	0.5163	0.5013	0.5102
0.5041	0.5178	0.4874	0.4931	0.5153	0.4989	0.4809	0.4979	0.4879	0.5087	0.5005	0.4975	0.4968	0.5092	0.5316	0.4677	0.4938	0.5163	0.5013	0.5102
0.5041	0.5178	0.4874	0.4931	0.4509	0.4989	0.4809	0.4979	0.4879	0.5087	0.5005	0.4975	0.4968	0.5092	0.5316	0.5121	0.4938	0.5163	0.5013	0.5233
0.5041	0.5178	0.4874	0.4931	0.5140	0.4989	0.4809	0.4979	0.4879	0.5087	0.5005	0.4975	0.4968	0.5092	0.5316	0.5121	0.4938	0.5163	0.5013	0.5233
0.5041	0.5178	0.4874	0.4931	0.5140	0.4989	0.4809	0.4979	0.4879	0.5087	0.5005	0.4975	0.4968	0.5092	0.5316	0.5121	0.4938	0.5163	0.5013	0.5233
0.5041	0.5178	0.4874	0.4931	0.5140	0.4989	0.4924	0.4979	0.4879	0.5087	0.5005	0.4975	0.4669	0.5092	0.5316	0.5121	0.4938	0.5163	0.5013	0.5233
0.5041	0.4527	0.4874	0.4931	0.5140	0.4989	0.4924	0.4979	0.4879	0.5087	0.5005	0.4975	0.4669	0.4717	0.5316	0.5121	0.4938	0.5163	0.5013	0.5233
0.5041	0.4527	0.4874	0.4931	0.5140	0.4989	0.4924	0.4979	0.4879	0.5087	0.5005	0.4975	0.4669	0.4717	0.5316	0.5121	0.4938	0.5163	0.5013	0.5233
0.5041	0.4527	0.4874	0.4931	0.5140	0.4989	0.4924	0.4979	0.4879	0.5087	0.5005	0.4975	0.4669	0.4717	0.5316	0.5121	0.4938	0.5163	0.5013	0.5233
0.5041	0.4527	0.4874	0.4931	0.5140	0.4989	0.4924	0.4979	0.4879	0.5087	0.5005	0.4975	0.4669	0.4717	0.5316	0.5121	0.4938	0.5163	0.5013	0.5233
0.5041	0.4527	0.4874	0.4931	0.4907	0.4989	0.4924	0.4979	0.4879	0.5087	0.5005	0.4975	0.4953	0.5255	0.5316	0.5121	0.4938	0.5163	0.5013	0.5233
0.5041	0.4527	0.4874	0.4931	0.4907	0.4989	0.4924	0.4941	0.4900	0.5087	0.5005	0.4975	0.4953	0.5084	0.5316	0.5121	0.4938	0.5163	0.5013	0.5233
0.5041	0.4527	0.4874	0.4931	0.4907	0.4989	0.4924	0.4941	0.4900	0.5087	0.5169	0.4975	0.4953	0.5084	0.5316	0.5121	0.4938	0.5163	0.5013	0.5233
0.5041	0.4527	0.4874	0.4931	0.4907	0.4989	0.4924	0.4941	0.4900	0.5087	0.5169	0.4975	0.4953	0.5084	0.5316	0.5121	0.4938	0.5163	0.5013	0.5233
0.5041	0.4527	0.4874	0.4840	0.4907	0.4989	0.4924	0.4941	0.4900	0.5087	0.5169	0.4975	0.4953	0.5084	0.5316	0.5121	0.4938	0.5163	0.5013	0.5394
0.5041	0.4527	0.4874	0.4840	0.4907	0.4989	0.4924	0.4941	0.4900	0.5087	0.5093	0.4975	0.4953	0.5084	0.5316	0.5121	0.4938	0.5163	0.5013	0.5394
0.5041	0.4527	0.4874	0.4840	0.4907	0.4989	0.4924	0.4941	0.4900	0.5087	0.5093	0.4975	0.4953	0.5084	0.5316	0.5121	0.4938	0.5163	0.5013	0.4754
0.5041	0.4527	0.4874	0.4840	0.4907	0.4989	0.4924	0.4941	0.4900	0.5087	0.5093	0.4975	0.4953	0.5084	0.5316	0.5121	0.4938	0.5163	0.5013	0.4754
0.5041	0.4527	0.4874	0.4840	0.4907	0.5178	0.5059	0.4941	0.4900	0.5087	0.5093	0.4975	0.4953	0.5084	0.5316	0.5121	0.4938	0.5163	0.5013	0.4754
0.5041	0.4527	0.4874	0.4840	0.4907	0.5178	0.5059	0.4941	0.4900	0.5087	0.5093	0.4975	0.4953	0.5084	0.5316	0.5121	0.4938	0.5163	0.5013	0.4754
0.5041	0.4527	0.4874	0.4840	0.4907	0.5178	0.5059	0.4941	0.4731	0.5087	0.5093	0.4975	0.4953	0.5084	0.5316	0.5121	0.4938	0.5163	0.5013	0.4754
0.5041	0.4990	0.4874	0.4840	0.4907	0.5178	0.5059	0.4941	0.4731	0.5087	0.5093	0.4975	0.4953	0.5084	0.5316	0.5121	0.4938	0.5163	0.5013	0.4754
0.5041	0.4990	0.5024	0.4840	0.4907	0.5178	0.5059	0.4941	0.4731	0.5087	0.5093	0.4975	0.4953	0.5084	0.5316	0.5121	0.4938	0.5163	0.5013	0.4754
0.5041	0.4990	0.5024	0.4840	0.4907	0.5178	0.5059	0.5256	0.4731	0.5087	0.5093	0.4975	0.4953	0.5084	0.5316	0.5121	0.4938	0.5163	0.5013	0.4754
0.5041	0.4990	0.5024	0.4840	0.4907	0.4866	0.5059	0.5256	0.4731	0.5087	0.5093	0.4975	0.4953	0.5084	0.5316	0.5121	0.4938	0.5163	0.5013	0.4754
0.5041	0.4990	0.5024	0.4840	0.4907	0.4866	0.5059	0.4945	0.4731	0.5087	0.5093	0.4975	0.4953	0.5084	0.5316	0.5121	0.4938	0.5163	0.5013	0.4754
0.5041	0.5369	0.5024	0.4840	0.4907	0.4961	0.5059	0.4945	0.4731	0.5087	0.5093	0.4975	0.4953	0.5084	0.5316	0.5121	0.4938	0.5163	0.5013	0.4754
0.4966	0.5369	0.5024	0.4840	0.4907	0.4961	0.5059	0.4945	0.4731	0.5087	0.5093	0.4975	0.4953	0.5084	0.5316	0.5121	0.4938	0.5163	0.5013	0.4754
0.4966	0.5369	0.5024	0.4840	0.4907	0.4961	0.5059	0.4945	0.4731	0.5087	0.5093	0.4975	0.4953	0.5084	0.5316	0.5121	0.4938	0.5163	0.5013	0.4754
0.4966	0.5369	0.5024	0.4840	0.4907	0.4961	0.5059	0.4945	0.4731	0.5087	0.5093	0.4975	0.4953	0.5084	0.5316	0.5121	0.4938	0.5163	0.5013	0.4754
0.4966	0.5369	0.5024	0.4840	0.4907	0.4961	0.5059	0.4945	0.4731	0.5087	0.5093	0.4975	0.4953	0.5084	0.5001	0.5121	0.4938	0.5163	0.5013	0.4754
0.4966	0.5369	0.5024	0.4840	0.4907	0.4961	0.5059	0.4945	0.4731	0.5087	0.5093	0.4975	0.4953	0.5084	0.5001	0.5121	0.4938	0.5163	0.5013	0.4754
0.4966	0.5369	0.5024	0.4840	0.4907	0.4961	0.5059	0.4945	0.4731	0.5087	0.5093	0.4975	0.4953	0.5084	0.5001	0.5121	0.4938	0.5163	0.5013	0.4754
0.4966	0.4992	0.5024	0.4840	0.5229	0.4961	0.5059	0.4945	0.4731	0.5087	0.5093	0.4975	0.4953	0.5084	0.5001	0.5121	0.5166	0.5061	0.5013	0.4754
0.4966	0.4992	0.5024	0.4840	0.5229	0.4961	0.5059	0.5377	0.4731	0.5087	0.5093	0.4975	0.4953	0.5084	0.5001	0.5121	0.5166	0.5061	0.5013	0.4754
0.4966	0.4992	0.5024	0.4840	0.5229	0.4961	0.5059	0.4914	0.4731	0.5087	0.5093	0.4975	0.4953	0.5084	0.5001	0.5121	0.5166	0.5061	0.5013	0.4754
0.4966	0.4992	0.5024	0.4840	0.5229	0.4961	0.5059	0.4914	0.5104	0.5087	0.5093	0.4975	0.4953	0.5084	0.5001	0.5121	0.5166	0.5061	0.5013	0.4754
0.4966	0.4992	0.5024	0.4840	0.5229	0.4961	0.5059	0.4914	0.5104	0.5087	0.5093	0.4975	0.4953	0.5084	0.5001	0.5121	0.5166	0.5061	0.5013	0.4754
0.4966	0.4992	0.5024	0.4840	0.5229	0.4961	0.5059	0.4914	0.5104	0.4745	0.5093	0.4975	0.4953	0.5084	0.5001	0.5121	0.5166	0.5061	0.5013	0.4754
0.4966	0.4992	0.5024	0.4840	0.5229	0.4961	0.5059	0.4914	0.5104	0.4745	0.5093	0.4975	0.4953	0.5084	0.5001	0.5121	0.5166	0.5061	0.5013	0.4754
0.4966	0.4992	0.5024	0.4918	0.5229	0.4961	0.5059	0.4914	0.5104	0.4890	0.5093	0.4975	0.4953	0.5084	0.5001	0.5121	0.5166	0.5061	0.5013	0.4754
0.4966	0.4992	0.5024	0.4918	0.5229	0.4961	0.5059	0.4914	0.5104	0.4890	0.5093	0.4975	0.4953	0.5084	0.5001	0.5121	0.5166	0.5061	0.5013	0.4754
0.4966	0.4992	0.5024	0.4918	0.5229	0.4961	0.5059	0.4914	0.5104	0.4890	0.5093	0.4975	0.4953	0.5084	0.5001	0.5121	0.5166	0.5061	0.5013	0.4754
0.4966	0.4992	0.5024	0.4918	0.5229	0.4961	0.5059	0.4914	0.5104	0.4890	0.5093	0.4975	0.4953	0.5084	0.5001	0.5121	0.5166	0.5061	0.5013	0.4754
0.4966	0.4992	0.5024	0.4918	0.5229	0.4961	0.5059	0.4914	0.5104	0.4890	0.5093	0.4975	0.4953	0.5084	0.5001	0.5121	0.5166	0.5061	0.5013	0.4754
0.4966	0.4992	0.5024	0.4918	0.5229	0.4961	0.5059	0.5146	0.5104	0.4890	0.5093	0.4975	0.4953	0.4894	0.5001	0.5121	0.5166	0.5061	0.5013	0.4754
0.4966	0.4992	0.5024	0.4918	0.5229	0.4961	0.5059	0.5146	0.5104	0.4890	0.5093	0.4975	0.4953	0.4894	0.5001	0.5121	0.5166	0.5061	0.5013	0.4754
0.4966	0.4992	0.5024	0.4918	0.5229	0.4961	0.5059	0.5146	0.5104	0.4890	0.5093	0.4975	0.4953	0.4894	0.5001	0.5121	0.5166	0.5061	0.5013	0.4754
0.4966	0.4992	0.5024	0.4918	0.5214	0.4961	0.5059	0.5146	0.5104	0.4890	0.5093	0.4975	0.4953	0.4894	0.5001	0.5121	0.5166	0.5061	0.5013	0.4754
0.4966	0.4992	0.5024	0.4918	0.5214	0.4961	0.5059	0.5146	0.5104	0.4890	0.5093	0.4975	0.4953	0.4894	0.5001	0.5121	0.5166	0.5061	0.5013	0.5209
0.4966	0.4992	0.5024	0.4918	0.5214	0.4990	0.5059	0.5146	0.5104	0.4890	0.5093	0.4975	0.4953	0.4894	0.5001	0.5121	0.5166	0.5061	0.5013	0.5209
0.4966	0.4992	0.5024	0.4918	0.5214	0.4990	0.5059	0.5146	0.5104	0.4890	0.5093	0.4975	0.4953	0.4894	0.5001	0.5121	0.5166	0.5061	0.5013	0.5209
0.4966	0.4992	0.5024	0.4918	0.5214	0.4990	0.5059	0.5146	0.5104	0.4890	0.5093	0.4975	0.4953	0.4894	0.5001	0.5121	0.5166	0.5061	0.5013	0.5209
0.4966	0.4992	0.5024	0.4918	0.5214	0.4990	0.5059	0.5146	0.5104	0.4890	0.5093	0.4975	0.4953	0.4894	0.5001	0.5121	0.5166	0.5061	0.5013	0.5209
