0.7451	0.8863	0.8388	0.8004	0.9134	0.5623	0.2664	0.1138	0.9666	0.9677	0.4362	0.2200	0.4736	0.0470	0.5682	0.9839	0.3897	0.8662	0.3404	0.8285
0.2431	0.5568	0.2509	1.0000	0.3108	0.0038	1.0000	0.6516	0.2878	0.5855	1.0000	0.8437	0.0000	0.4643	0.2864	0.5794	0.3193	0.1532	1.0000	0.7135
0.2042	0.5818	0.0000	0.5006	0.4285	1.0000	0.2924	0.6241	0.3098	0.0000	0.3002	0.5015	0.3151	0.4525	0.0000	0.6333	0.3027	0.5779	0.7646	0.0000
0.4325	0.0523	0.4377	0.5006	0.4339	0.6312	0.6349	0.4787	0.9116	1.0000	0.8963	0.5015	0.5571	0.0000	0.5777	0.4924	0.0000	0.7034	0.7646	1.0000
0.4325	0.6313	0.6505	0.3057	0.0000	0.8687	0.6349	0.5053	0.0000	0.3629	0.4877	0.5015	0.5587	0.5336	0.7531	1.0000	0.7667	0.5071	0.7646	0.4345
0.7728	0.5124	0.0000	0.4245	0.5647	0.0000	0.6349	0.3186	0.6851	0.1498	0.4877	0.5015	0.6319	0.9113	0.1993	0.0539	0.0000	0.3647	0.7646	0.5567
0.3237	0.1901	0.6613	0.6277	0.5647	0.3719	0.6349	0.6914	0.3009	0.0000	0.4877	0.5650	0.0000	0.4255	0.5014	0.0901	0.4197	0.5670	0.5046	0.5567
0.0000	1.0000	0.7826	0.8643	0.5647	0.4928	0.0642	0.4999	0.0000	0.0000	0.4877	0.6212	0.3709	0.0000	0.5014	0.1339	1.0000	0.7000	0.5752	0.5567
0.7657	0.6442	0.1568	0.1070	0.5647	0.3993	0.4760	0.4999	0.5564	1.0000	0.4877	0.4003	0.3045	0.5784	0.5014	0.0000	1.0000	0.4322	0.4312	0.6949
0.3765	0.0000	0.3279	0.1681	0.3410	0.5689	0.7164	0.4999	1.0000	1.0000	0.5006	0.3036	0.3045	0.5784	0.5014	0.4973	0.4356	0.4322	0.4312	0.0005
1.0000	0.7010	0.4412	0.8547	0.1198	0.8123	0.6575	0.4999	0.6359	0.5578	0.5095	0.3036	0.4655	0.3006	0.5014	0.4973	0.6271	0.2965	0.4312	0.6085
0.7142	0.7010	0.4412	0.2995	0.7795	0.8835	0.4259	0.4287	0.5584	0.5057	0.5095	0.0680	0.2428	0.3809	0.5014	0.7629	0.6271	0.4339	0.4312	0.5012
0.3036	0.5433	0.4412	0.4979	0.8508	1.0000	0.4211	0.5064	0.3745	0.5057	0.5095	0.8295	0.6283	0.2295	0.5014	0.3747	0.6271	0.4021	0.4312	0.4245
0.6501	0.4363	0.4412	0.4979	0.6531	0.9564	0.4211	0.6558	0.5613	0.5057	0.4392	0.5769	1.0000	0.2295	0.5728	0.6460	0.6271	0.6180	0.4312	0.4245
0.5179	0.5327	0.4251	0.4979	0.9547	0.6484	0.4211	0.1685	0.4397	0.4305	0.4392	0.4296	0.6035	0.5861	0.5728	0.2341	0.6271	0.7133	0.4312	0.4245
0.4438	0.5699	0.5841	0.3673	0.0784	0.6262	0.4211	0.9799	0.4369	0.4305	0.6316	0.5557	0.3082	0.8005	0.5728	0.2956	0.6271	0.4836	0.4312	0.4245
0.9686	0.7422	0.5052	0.4942	0.6870	0.4443	0.4211	0.0000	0.4369	0.4305	0.4919	0.7020	0.3082	0.2238	0.5728	0.3543	0.6271	0.2262	0.3715	0.4245
0.1389	0.7777	0.5052	0.4942	0.6326	0.4443	0.4992	0.5499	0.4369	0.4305	0.4919	0.4303	0.3581	0.5783	0.5728	0.3543	0.6271	1.0000	0.3715	0.4245
0.5064	0.2158	0.5052	0.4942	0.6326	0.4292	0.4992	0.3146	0.4369	0.4305	0.4919	0.4303	0.5657	0.5783	0.5728	0.3543	0.6271	0.8288	0.3715	0.3655
0.2466	0.2266	0.3684	0.4942	0.6326	0.4292	0.2394	0.3146	0.4369	0.4305	0.4919	0.7412	0.6429	0.2977	0.5728	0.3543	0.6271	0.4418	0.3715	0.3655
0.4927	0.5617	0.4395	0.4942	0.6326	0.4292	0.5689	0.3146	0.4369	0.4305	0.4919	0.5002	0.3037	0.0000	0.5728	0.3543	0.6271	0.4418	0.3715	0.3655
0.4927	0.5617	0.4395	0.4942	0.6326	0.4292	0.6984	1.0000	0.6310	0.4305	0.4919	0.5719	0.3037	0.2072	0.5728	0.6303	0.6271	0.4418	0.3715	0.3714
0.4927	0.5617	0.4395	0.4942	0.6326	0.4292	0.4971	0.1731	0.9002	0.4305	0.4919	0.5719	0.3037	0.4368	0.5728	0.6303	0.6271	0.4418	0.3715	0.3714
0.4927	0.5617	0.4395	0.4942	1.0000	0.4292	0.4971	0.6826	0.7005	0.4305	0.4919	0.5719	0.4429	0.4368	0.5728	0.6303	0.6271	0.4418	0.3715	0.3714
0.0000	0.5617	0.4922	0.4942	0.3663	0.5722	0.4971	0.3615	0.5656	0.4305	0.4919	0.5566	0.8443	0.4368	0.5728	0.6303	0.4399	0.4418	0.3715	0.3714
0.3107	0.6985	0.4922	0.4942	0.2342	0.5722	0.3083	0.2391	1.0000	0.4305	0.4954	0.1530	0.2356	0.4355	0.5663	0.6303	0.4399	0.4418	0.3715	0.3714
0.4278	0.5681	0.4922	0.4942	0.4181	0.5722	0.6263	0.0000	0.3750	0.4305	0.4954	0.3146	0.2356	0.4355	0.5663	0.6303	0.4399	0.4418	0.3715	0.3714
0.4278	0.2575	1.0000	0.3630	0.6363	0.5722	0.6263	0.5083	0.5662	0.4305	0.4954	0.5106	0.2443	0.6351	0.5663	0.6303	0.4399	0.4418	0.3715	0.3714
0.4278	0.9650	0.2432	0.3693	0.6363	0.5722	0.4317	0.4952	0.4320	0.4305	0.4954	0.5128	0.9621	0.3008	0.5663	0.7005	0.4399	0.4418	0.3715	0.3714
0.4278	0.5261	0.4986	0.4237	0.6363	0.5766	0.5640	0.4952	0.4320	0.4305	0.4954	0.3640	0.5635	0.6375	0.4955	0.7005	0.4399	0.4918	0.3715	0.3714
0.3816	0.6311	0.4986	0.4237	0.4426	0.4964	0.5570	0.5676	0.4320	0.4305	0.4954	0.3640	0.5635	0.6375	0.4955	0.7005	0.4399	0.5034	0.3715	0.3671
0.4474	0.6872	0.4986	0.4237	0.4426	0.4964	0.4337	0.4883	0.4320	0.4305	0.4954	0.3640	0.5635	0.6375	0.4955	0.3576	0.4399	0.5008	0.3715	0.3671
0.5004	0.4382	0.4986	0.4872	0.4426	0.4964	0.4337	0.4883	0.4320	0.4305	0.4954	0.2969	0.3707	0.6375	0.4955	0.3576	0.4981	0.5008	0.3715	0.3671
0.5613	0.5747	0.4986	0.4872	0.6437	0.4964	0.4337	0.4883	0.4320	0.4305	0.4954	0.5045	0.3707	0.6375	0.4984	0.3576	0.4981	0.5745	0.5696	0.5662
0.4895	0.5159	0.4986	0.4872	0.6437	0.5635	0.4337	0.4362	0.4320	0.4305	0.4954	0.5045	0.5677	0.6375	0.4984	0.3576	0.4981	0.6757	0.5696	0.5662
0.4966	0.5159	0.4986	0.3791	0.6437	0.5635	0.4337	0.4362	0.4320	0.4305	0.4954	0.4955	0.5677	0.6375	0.4984	0.3576	0.4981	0.3648	0.5696	0.5662
0.5737	0.5159	0.4986	0.3791	0.6437	0.5635	0.4337	0.4362	0.4320	0.4305	0.4954	0.4955	0.6199	0.6375	0.4368	0.6273	0.4981	0.3648	0.5696	0.5662
0.6243	0.5159	0.4986	0.3791	0.6265	0.5635	0.6387	0.4362	0.3699	0.4305	0.4954	0.4955	0.6199	0.6375	0.4368	0.6273	0.4981	0.3648	0.5696	0.5662
0.6243	0.5159	0.4986	0.3791	0.4372	0.5635	0.6387	0.4362	0.3699	0.4305	0.4954	0.4955	0.5179	0.6375	0.4368	0.6273	0.4981	0.3648	0.5696	0.5662
0.7723	0.5159	0.4986	0.4240	0.4372	0.5635	0.6387	0.4914	0.4342	0.4314	0.4954	0.4955	0.4188	0.4372	0.4368	0.6273	0.4981	0.3648	0.5696	0.5662
0.5695	0.7035	0.4986	0.6319	0.4372	0.5635	0.6387	0.4914	0.4342	0.4314	0.4954	0.4955	0.4932	0.4372	0.4368	0.6273	0.5627	0.3648	0.5696	0.5662
0.4351	0.7035	0.4986	0.6319	0.3027	0.5635	0.4416	0.4914	0.4342	0.4314	0.4954	0.4955	0.4932	0.4372	0.4368	0.6273	0.3665	0.3648	0.5696	0.5662
0.4351	0.6292	0.4986	0.6319	0.4223	0.5635	0.4416	0.4914	0.4342	0.4314	0.4954	0.4955	0.4932	0.4372	0.4368	0.6273	0.3665	0.3648	0.5696	0.5662
0.4351	0.6292	0.4986	0.6319	0.4223	0.5635	0.4416	0.4914	0.4342	0.4314	0.4954	0.4955	0.3707	0.4372	0.4368	0.6273	0.3665	0.3648	0.3605	0.5662
0.4351	0.6308	0.4986	0.6319	0.4223	0.5635	0.4416	0.4914	0.5031	0.4314	0.4954	0.4955	0.3707	0.4372	0.4368	0.6273	0.3665	0.3648	0.3605	0.5662
0.4351	0.6308	0.4986	0.6319	0.4223	0.5635	0.4416	0.4914	0.5031	0.4314	0.4954	0.4251	0.3760	0.4372	0.4368	0.6273	0.3665	0.3648	0.3605	0.5662
0.4351	0.6308	0.4986	0.6319	0.7096	0.5635	0.4416	0.4914	0.5031	0.4314	0.4954	0.4251	0.3760	0.4372	0.4368	0.6273	0.3665	0.6320	0.3605	0.5662
0.4351	0.6308	0.4986	0.6319	0.7096	0.5635	0.4416	0.4914	0.5031	0.4314	0.4954	0.4251	0.3760	0.4372	0.4368	0.6273	0.3665	0.6320	0.4987	0.5662
0.4351	0.4244	0.4986	0.6319	0.7096	0.5635	0.4416	0.4914	0.5031	0.4314	0.4954	0.4251	0.3760	0.4372	0.4368	0.6273	0.3665	0.6320	0.4987	0.5662
0.4351	0.4244	0.4986	0.6319	0.3692	0.5635	0.4416	0.4914	0.5031	0.4314	0.4954	0.4251	0.3760	0.4372	0.4368	0.6273	0.3665	0.4378	0.4987	0.5662
0.4351	0.4244	0.4986	0.6319	0.3692	0.5635	0.4416	0.4914	0.5031	0.4314	0.4954	0.4251	0.3760	0.4372	0.4368	0.6273	0.3665	0.4378	0.4987	0.5662
0.4351	0.4244	0.4986	0.6319	0.3692	0.5635	0.4416	0.4914	0.5031	0.4314	0.4954	0.4251	0.3760	0.5724	0.4368	0.6273	0.3665	0.4378	0.3738	0.5662
0.4351	0.4244	0.4986	0.6319	0.3692	0.5635	0.4416	0.4914	0.5031	0.4314	0.4954	0.4251	0.3760	0.5724	0.4368	0.6273	0.3665	0.4378	0.4281	0.5662
0.4351	0.4244	0.4986	0.6319	0.3692	0.5635	0.4416	0.4914	0.5031	0.4314	0.4954	0.4251	0.5671	0.5724	0.4368	0.6273	0.3665	0.6324	0.4281	0.5662
0.4351	0.4244	0.4986	0.6319	0.3692	0.5635	0.4416	0.4914	0.5031	0.4314	0.4954	0.4251	0.5671	0.5724	0.4368	0.6350	0.3665	0.6324	0.4281	0.5662
0.4351	0.4244	0.4986	0.6319	0.3692	0.5635	0.4416	0.4914	0.5031	0.4314	0.4954	0.4251	0.5671	0.5724	0.4368	0.5007	0.3665	0.6324	0.4281	0.5662
0.4351	0.3700	0.4986	0.6319	0.3692	0.5635	0.6346	0.4914	0.5031	0.4314	0.4954	0.4251	0.5671	0.5724	0.4368	0.5007	0.3665	0.6324	0.4281	0.3673
0.4351	0.3700	0.4986	0.6319	0.3692	0.5635	0.4306	0.4914	0.5031	0.4314	0.4954	0.4251	0.5671	0.5724	0.4368	0.5007	0.3665	0.6324	0.4281	0.3673
0.4351	0.3700	0.4986	0.6319	0.3692	0.5635	0.5681	0.4914	0.5031	0.4314	0.4954	0.4251	0.5671	0.5724	0.4368	0.5007	0.3665	0.6324	0.4281	0.3673
0.4351	0.3700	0.4986	0.6319	0.3692	0.5635	0.5681	0.4956	0.5031	0.4314	0.4954	0.4251	0.5671	0.5724	0.4368	0.5007	0.4412	0.6324	0.4281	0.3673
0.4351	0.3700	0.4986	0.6319	0.3692	0.5635	0.5681	0.4956	0.5031	0.4314	0.4954	0.4251	0.5671	0.5724	0.4368	0.5007	0.4412	0.6324	0.4281	0.3673
0.4351	0.3700	0.4986	0.6319	0.3692	0.5635	0.5681	0.4956	0.5031	0.4314	0.4954	0.4251	0.5671	0.5724	0.4368	0.5007	0.4412	0.6324	0.4281	0.3673
0.4351	0.3700	0.4986	0.6319	0.3692	0.5635	0.5681	0.4956	0.5031	0.4314	0.4954	0.4251	0.5671	0.5724	0.4368	0.5007	0.4412	0.6324	0.4281	0.3673
0.4351	0.3700	0.4986	0.6319	0.3692	0.5635	0.5681	0.4956	0.5031	0.4314	0.4954	0.4251	0.5671	0.4978	0.4368	0.5007	0.4412	0.6324	0.4281	0.3673
0.4351	0.3700	0.4986	0.6319	0.3692	0.5635	0.5681	0.4956	0.5031	0.4314	0.4954	0.4251	0.5671	0.4978	0.4368	0.5007	0.4412	0.6324	0.4281	0.3673
0.4351	0.3700	0.4986	0.6319	0.3692	0.5635	0.5681	0.4956	0.5031	0.4314	0.4954	0.4251	0.5671	0.4978	0.4368	0.5007	0.4412	0.6324	0.4281	0.4391
0.4351	0.3700	0.4986	0.6319	0.3692	0.4980	0.5681	0.4956	0.5031	0.4314	0.4954	0.4251	0.5671	0.4978	0.4368	0.5007	0.4412	0.6324	0.4281	0.4391
0.4351	0.3700	0.4986	0.6319	0.4321	0.4980	0.5681	0.4956	0.5031	0.4314	0.4954	0.4251	0.5671	0.4978	0.4368	0.5007	0.4412	0.6324	0.4281	0.3672
0.4351	0.3700	0.4986	0.6319	0.4321	0.4980	0.5681	0.4956	0.5031	0.4314	0.4954	0.4251	0.5671	0.4978	0.4368	0.5007	0.4412	0.6324	0.4273	0.3672
0.4351	0.3700	0.4986	0.6319	0.4321	0.4980	0.5681	0.4956	0.5031	0.4314	0.4954	0.5683	0.5671	0.4978	0.4368	0.5007	0.4412	0.6324	0.4273	0.4312
0.4351	0.3700	0.4986	0.6319	0.4321	0.4980	0.5681	0.4956	0.5031	0.4314	0.4954	0.5683	0.5671	0.4978	0.4368	0.5007	0.4412	0.6324	0.4273	0.4312
0.4351	0.3700	0.4986	0.6319	0.4321	0.4980	0.5681	0.4956	0.5031	0.4314	0.4363	0.5683	0.5671	0.4978	0.4368	0.5007	0.4412	0.6324	0.4273	0.4312
0.4351	0.3700	0.4986	0.6319	0.4321	0.4980	0.5681	0.4956	0.5031	0.4314	0.4363	0.5683	0.5671	0.4978	0.4368	0.5007	0.4412	0.6324	0.4273	0.4312
0.4351	0.3700	0.4986	0.6319	0.4321	0.4980	0.5681	0.4956	0.5031	0.4314	0.4363	0.5683	0.5671	0.4978	0.4368	0.5007	0.4412	0.6324	0.4273	0.5714
0.4351	0.3700	0.4986	0.4308	0.4321	0.4276	0.5681	0.4956	0.5031	0.4314	0.4363	0.5683	0.5671	0.4978	0.4368	0.5007	0.4412	0.6324	0.5016	0.5714
0.4351	0.3700	0.4986	0.4308	0.4321	0.4276	0.5681	0.4956	0.5031	0.4314	0.4363	0.5683	0.5671	0.4978	0.4368	0.5007	0.4412	0.6324	0.5016	0.5714
0.4351	0.3700	0.4986	0.4308	0.4321	0.4276	0.5681	0.4956	0.5031	0.4314	0.4363	0.5683	0.5671	0.4978	0.4368	0.5007	0.4412	0.6324	0.5016	0.5714
0.4351	0.3700	0.4986	0.4308	0.4321	0.4276	0.5681	0.4956	0.5031	0.4314	0.4363	0.5683	0.5671	0.4978	0.4368	0.5007	0.4412	0.6324	0.5016	0.5714
0.4351	0.3700	0.4986	0.4308	0.4999	0.4276	0.5681	0.4956	0.5031	0.4314	0.4363	0.5683	0.5671	0.4978	0.4368	0.5007	0.4412	0.6324	0.5016	0.5714
0.4351	0.3700	0.4986	0.4280	0.4999	0.4276	0.5681	0.4956	0.5031	0.4314	0.4363	0.5683	0.5671	0.4978	0.4368	0.5007	0.4412	0.6324	0.5016	0.5714
0.4351	0.3700	0.4986	0.4280	0.4999	0.4276	0.5681	0.4956	0.5031	0.4314	0.4363	0.5683	0.5671	0.4978	0.4368	0.5007	0.4412	0.6324	0.5016	0.5714
0.4351	0.3700	0.4986	0.4280	0.4999	0.4276	0.5681	0.4956	0.5031	0.4314	0.4363	0.5683	0.5671	0.4978	0.4368	0.5007	0.4412	0.6324	0.5016	0.5714
0.4351	0.3729	0.4986	0.4280	0.4999	0.4276	0.5681	0.4956	0.5031	0.4314	0.4363	0.5683	0.5671	0.4978	0.4368	0.5007	0.5594	0.6324	0.5016	0.5714
0.4351	0.3729	0.4986	0.4280	0.4999	0.4276	0.5681	0.4956	0.5031	0.4314	0.4997	0.5683	0.5671	0.4978	0.4368	0.5007	0.5594	0.4358	0.5016	0.5714
0.4351	0.3729	0.4986	0.4280	0.4999	0.4276	0.5681	0.4956	0.5031	0.4314	0.4997	0.5683	0.5671	0.4978	0.4368	0.5007	0.5594	0.4358	0.5016	0.5714
0.4351	0.3729	0.4986	0.4280	0.4999	0.4276	0.5681	0.4950	0.5031	0.4314	0.4997	0.5683	0.5671	0.4978	0.4368	0.5007	0.5594	0.4358	0.5016	0.5714
0.4351	0.3729	0.4986	0.4280	0.4999	0.4276	0.5681	0.4950	0.5031	0.4314	0.4997	0.5683	0.5671	0.4978	0.4368	0.5007	0.5594	0.4358	0.5016	0.5714
0.4351	0.3729	0.4986	0.4280	0.4999	0.4276	0.5681	0.4950	0.5031	0.4314	0.4997	0.5683	0.5671	0.4978	0.4368	0.5007	0.5594	0.4358	0.5016	0.5714
0.4351	0.3729	0.4986	0.4280	0.4999	0.4276	0.5681	0.4950	0.5031	0.4997	0.4997	0.5683	0.5671	0.4978	0.4368	0.5007	0.5594	0.4358	0.5016	0.5714
0.4351	0.4349	0.4986	0.4280	0.4999	0.4276	0.5681	0.4950	0.5031	0.4997	0.4997	0.5683	0.5671	0.4978	0.4368	0.5007	0.5594	0.4358	0.5016	0.5714
0.4351	0.4349	0.4986	0.4280	0.4999	0.4276	0.5681	0.4950	0.5031	0.4997	0.4997	0.5683	0.5671	0.4978	0.4368	0.5007	0.5594	0.4358	0.5016	0.5714
0.4351	0.4349	0.4986	0.4280	0.4999	0.4276	0.5681	0.5036	0.5031	0.4997	0.4997	0.5683	0.5671	0.4978	0.4368	0.5007	0.5594	0.4358	0.5016	0.5714
0.4351	0.4349	0.4986	0.4280	0.4999	0.4276	0.5681	0.5036	0.5031	0.4997	0.4997	0.5683	0.5671	0.4978	0.4368	0.5007	0.5594	0.4358	0.5016	0.5714
0.4351	0.4349	0.4986	0.4280	0.4999	0.4276	0.5681	0.5036	0.5031	0.4997	0.4997	0.5683	0.5671	0.4978	0.4368	0.5007	0.5594	0.4358	0.5016	0.5714
0.4351	0.4349	0.4986	0.4280	0.4999	0.4276	0.5681	0.5036	0.5031	0.4997	0.4997	0.5683	0.5671	0.4978	0.4368	0.5007	0.5594	0.4358	0.5016	0.5714
0.4351	0.4349	0.4986	0.4280	0.4999	0.4276	0.5681	0.5036	0.5031	0.4997	0.4997	0.5683	0.5671	0.4959	0.4368	0.5007	0.5594	0.4358	0.5016	0.5714
0.4351	0.4349	0.4986	0.4280	0.4999	0.4276	0.5681	0.5036	0.5031	0.4997	0.4997	0.5683	0.5671	0.4959	0.4368	0.5007	0.5594	0.4358	0.5016	0.5714
0.4351	0.4349	0.4986	0.4280	0.4999	0.4276	0.5681	0.5036	0.5031	0.4997	0.4997	0.5683	0.5671	0.4959	0.4368	0.5007	0.5594	0.4358	0.5016	0.5714
0.4351	0.4349	0.4986	0.4280	0.4999	0.4276	0.5681	0.5036	0.5031	0.4997	0.4997	0.5683	0.5671	0.4959	0.4368	0.5007	0.5594	0.4358	0.5016	0.5714
0.4351	0.4349	0.4986	0.4280	0.4999	0.4276	0.5681	0.5036	0.5031	0.4997	0.4997	0.5683	0.5671	0.4959	0.4368	0.5007	0.5594	0.4358	0.5016	0.5714
0.4351	0.4349	0.4986	0.4280	0.4999	0.4276	0.5681	0.5036	0.4317	0.4997	0.4997	0.5683	0.5671	0.4959	0.4368	0.5007	0.5594	0.4358	0.5016	0.5714
