0.6517	0.3268	0.2642	0.6696	0.8720	0.4305	0.9051	0.3842	0.9898	0.8679	0.8278	0.1206	0.0578	0.1479	0.1321	0.7076	0.3363	0.3895	0.8535	0.5978
0.1146	0.2545	0.4729	0.8753	0.6719	1.0000	0.3842	0.4206	0.5192	0.0012	0.5046	0.8802	0.2074	0.4619	0.7672	0.2339	0.2290	0.0000	0.8318	0.5316
0.7146	0.7027	0.0000	0.8852	0.2176	0.9787	0.2666	0.7229	0.8271	0.4291	0.1843	1.0000	0.2403	0.7410	0.7778	0.4664	0.3811	0.8028	0.2785	0.4313
0.5082	0.1866	0.1418	0.0000	0.4526	0.7173	1.0000	0.3829	0.9349	0.4134	0.2690	0.4989	0.6544	0.7350	0.2886	1.0000	0.1016	0.4410	0.5509	0.4818
0.3900	0.8810	0.7123	0.4391	0.4602	0.1085	0.5010	0.1415	0.5290	0.9714	0.3537	1.0000	0.9702	1.0000	0.2729	0.9450	0.5139	0.4410	0.0000	0.4592
0.0943	0.9513	0.5519	0.9904	0.0000	0.8767	0.5010	0.0196	0.5290	1.0000	1.0000	0.7497	0.4283	0.0000	0.5241	0.0000	0.5139	0.4425	0.2743	0.4592
0.5169	0.8292	1.0000	0.0000	0.5356	0.7351	0.5010	0.0000	0.5290	0.5961	0.2517	0.4667	0.0000	0.1137	0.3900	0.3269	0.5139	0.5049	0.4228	0.4592
0.4456	0.5501	0.5272	0.5261	0.5829	0.7488	0.5010	0.5268	0.5290	0.3042	0.4882	0.8662	0.6910	0.0000	0.6477	0.5085	0.5139	0.5049	0.2856	0.4592
0.8335	0.5398	0.5272	0.1266	0.5688	0.5157	0.5010	0.5234	0.5290	0.2072	0.4882	0.4842	0.3413	0.5610	0.4404	0.5085	0.5139	0.5049	0.4148	0.4592
0.3419	0.0000	0.5272	0.5091	0.0000	0.5157	0.5010	0.0000	0.1772	0.5268	0.5465	0.4842	0.4521	0.2742	0.5891	0.5085	0.5139	0.5049	0.4729	0.4592
0.4291	0.0159	0.5287	0.5091	0.4553	1.0000	0.1353	0.6977	0.3778	0.5268	0.5817	0.4842	0.4521	0.4914	0.5134	0.5085	0.5139	0.5049	0.0000	0.4592
0.5011	1.0000	0.5287	0.1572	0.4885	1.0000	0.5407	0.8025	0.0000	0.5268	0.8061	0.4842	0.4971	0.3528	0.5134	0.5085	0.5486	0.5049	0.4279	0.4592
0.4824	0.4203	0.5287	0.5652	0.4885	0.4747	0.7300	0.0984	1.0000	0.5268	0.0000	0.4261	0.4825	0.8436	0.5134	0.5085	0.4528	0.5049	1.0000	0.4708
0.4669	0.5920	0.5287	0.5564	0.4885	0.0000	0.4463	0.3303	0.0000	0.5268	0.3602	0.5234	0.4825	0.8380	0.5134	0.5085	0.4528	0.5049	0.0000	0.4708
0.4669	0.5920	0.5287	0.5247	0.4885	0.3948	0.4463	0.7759	0.5392	0.5268	0.5223	0.5234	0.5598	0.7983	0.5134	0.5085	1.0000	0.5109	0.0000	0.4740
0.4669	0.4771	0.5287	0.5247	0.4885	0.4517	0.4463	1.0000	0.5228	0.5268	0.9626	0.5234	0.4738	0.3717	0.5134	0.5085	0.5090	0.5109	0.6002	0.4740
0.4163	0.4771	0.5287	0.5247	0.4885	0.4717	0.4685	0.7347	0.7565	0.5268	0.4433	0.5234	1.0000	0.4148	0.5134	0.5085	0.5090	0.5109	0.4933	0.4740
0.5465	0.4771	0.4659	0.4823	0.4885	0.4717	0.5093	0.0000	0.5511	0.5268	0.4433	0.5234	0.4921	0.5752	0.5134	0.5085	0.5090	0.5109	0.4933	0.4740
0.2133	0.4771	0.4659	0.4823	0.4504	0.4717	0.5093	0.4549	0.5511	0.5268	0.4932	0.5234	0.9308	0.9195	0.5134	0.5085	0.5090	0.5112	0.4529	0.4740
1.0000	0.4771	0.4659	0.4823	0.4504	0.4717	0.5093	0.7826	0.5511	0.5268	0.4932	0.5234	0.5241	0.6662	0.5134	0.5085	0.4446	0.5112	0.4520	0.4740
0.4746	0.4771	0.4659	0.4823	0.4504	0.5660	0.5093	0.0000	0.5325	0.5268	0.4932	0.5234	0.4539	0.3267	0.5134	0.5085	0.7819	0.4912	0.4520	0.4740
0.5039	0.4771	0.4659	0.4823	0.5448	0.4304	0.5093	0.5731	0.5325	0.5156	0.4932	0.5234	1.0000	0.3059	0.5134	0.5085	0.4485	0.4912	0.4520	0.5193
0.5039	0.4771	0.4659	0.4823	0.5448	0.1470	0.5093	0.4555	0.5343	0.4928	0.4932	0.5234	0.4680	0.5130	0.5134	0.5085	0.2082	0.5097	0.4520	0.5193
0.5039	0.4771	0.4659	0.4823	0.5448	0.8533	0.5093	0.4555	0.5343	0.5031	0.4932	0.5234	0.5219	0.5130	0.5134	0.5085	0.3254	0.5097	0.5857	0.5193
0.5011	0.4771	0.4659	0.4823	0.5448	0.5483	0.5093	0.4555	0.5343	0.4766	0.4932	0.5234	0.5219	0.5130	0.5134	0.5085	0.5644	0.5097	0.2272	0.5193
0.4162	0.4771	0.4659	0.4823	0.5448	1.0000	0.5093	0.4375	0.5343	0.4766	0.4932	0.5234	0.5219	0.5130	0.4487	0.5162	0.5378	0.5097	0.8237	0.5193
0.4779	0.4771	0.4709	0.4823	0.5448	0.5022	0.5093	0.0000	0.5343	0.4273	0.4932	0.5234	0.5219	0.5130	0.4487	0.5162	0.5092	0.4915	0.4628	0.5193
0.4779	0.4771	0.4709	0.4823	0.5448	0.5248	0.5093	0.4641	0.5343	0.0723	0.4932	0.5234	0.5219	0.5130	0.4487	0.5162	0.4969	0.4915	0.8569	0.5193
0.5057	0.4771	0.4709	0.4823	0.5448	0.5248	0.5469	0.4641	0.5343	0.8935	0.4932	0.5234	0.5219	0.5130	0.4487	0.5133	0.4969	0.4915	0.9624	0.5193
0.5057	0.5434	0.4709	0.5199	0.5448	0.5248	0.5469	0.5101	0.5274	0.1875	0.5024	0.5234	0.5219	0.5130	0.4487	0.5133	0.4903	0.4915	0.4644	0.5193
0.5531	0.5434	0.4709	0.5199	0.5448	0.5248	0.5469	0.5101	0.5274	0.2807	0.5024	0.5234	0.4257	0.5130	0.4487	0.5133	0.4972	0.4915	0.5472	0.5193
0.5531	0.5434	0.4709	0.5199	0.5448	0.5248	0.5469	0.5101	0.5274	0.5115	0.5024	0.5234	0.4257	0.5130	0.4487	0.5133	0.4972	0.4915	0.5187	0.5193
0.5531	0.5434	0.4709	0.4861	0.4764	0.5248	0.5469	0.5101	0.5274	0.5115	0.5024	0.5234	0.5203	0.5130	0.5201	0.5133	0.4972	0.4915	0.5187	0.5193
0.5531	0.5434	0.4709	0.4571	0.4764	0.5248	0.5469	0.5101	0.5274	0.5115	0.5024	0.5234	0.5203	0.5130	0.5218	0.5133	0.4972	0.4915	0.5187	0.5193
0.5613	0.5434	0.4709	0.4571	0.4764	0.5248	0.5469	0.4985	0.5274	0.5115	0.5024	0.5064	0.5203	0.5130	0.5218	0.5133	0.4972	0.4915	0.5187	0.5193
0.0154	0.5434	0.4709	0.4571	0.4764	0.5248	0.5469	0.4985	0.5274	0.5115	0.5024	0.5064	0.5203	0.5130	0.5218	0.5133	0.4972	0.4915	0.5187	0.4609
0.5229	0.5434	0.4709	0.4571	0.4764	0.5248	0.5469	0.5020	0.5274	0.5115	0.5024	0.5064	0.5203	0.5130	0.5218	0.5133	0.4972	0.4915	0.5187	0.4609
0.3112	0.5434	0.4709	0.4571	0.4764	0.5248	0.5469	0.5020	0.5274	0.5115	0.5024	0.5064	0.5203	0.5130	0.5218	0.5133	0.4972	0.4915	0.5187	0.4609
0.4282	0.5434	0.4709	0.4885	0.4764	0.5248	0.5469	0.5020	0.5274	0.5115	0.5024	0.5064	0.5203	0.5130	0.5218	0.5133	0.4972	0.4915	0.5187	0.4609
0.4282	0.4927	0.4709	0.4885	0.4764	0.5248	0.4912	0.5020	0.5274	0.5115	0.5024	0.5064	0.5332	0.5130	0.5218	0.5133	0.4972	0.4915	0.4711	0.4609
0.4282	0.4927	0.4919	0.4867	0.4764	0.4873	0.4912	0.5020	0.5274	0.5115	0.5024	0.5064	0.4786	0.5130	0.4799	0.5133	0.4972	0.4915	0.4711	0.4609
0.4282	0.4927	0.4919	0.4867	0.4764	0.4873	0.5294	0.5020	0.4921	0.5115	0.5024	0.5064	0.4764	0.5130	0.4799	0.5133	0.4972	0.4915	0.4711	0.4609
0.4282	0.4927	0.4919	0.4867	0.4764	0.4873	0.5294	0.5090	0.4921	0.5115	0.4706	0.5064	0.4764	0.5042	0.4799	0.5133	0.4972	0.4915	0.5402	0.4609
0.4282	0.4927	0.4919	0.4867	0.4764	0.4873	0.5231	0.5090	0.4921	0.5115	0.4706	0.5064	0.4764	0.5042	0.4799	0.5133	0.4972	0.4915	0.4970	0.4609
0.4282	0.5034	0.4919	0.4867	0.4988	0.4873	0.5231	0.5090	0.4921	0.5115	0.4706	0.5064	0.4764	0.5042	0.4799	0.5133	0.4972	0.4915	0.4341	0.4609
0.4282	0.5034	0.4919	0.4867	0.4988	0.4873	0.5231	0.5090	0.4921	0.5115	0.4706	0.5064	0.5197	0.5042	0.4799	0.5133	0.4972	0.4915	0.4602	0.5108
0.4282	0.5034	0.4919	0.4867	0.4827	0.4873	0.5231	0.5090	0.4921	0.5115	0.4706	0.5064	0.5197	0.5042	0.4799	0.5133	0.4972	0.4915	0.4602	0.5108
0.5193	0.5034	0.4919	0.4867	0.4827	0.4873	0.5184	0.5090	0.4921	0.5115	0.4706	0.5064	0.5197	0.5042	0.4799	0.5133	0.4972	0.4915	0.4628	0.5108
0.5193	0.5034	0.4919	0.4867	0.4827	0.4873	0.5184	0.5090	0.4921	0.5115	0.4706	0.5064	0.5197	0.5042	0.4799	0.5133	0.4972	0.4915	0.4654	0.5108
0.4891	0.5034	0.4919	0.4867	0.4827	0.4873	0.5184	0.5090	0.5240	0.4859	0.4706	0.5064	0.5197	0.5042	0.4799	0.5133	0.4972	0.4915	0.4654	0.5108
0.4891	0.5034	0.4919	0.4867	0.4827	0.4873	0.4906	0.5090	0.5240	0.4702	0.4706	0.5064	0.5197	0.5042	0.4799	0.5133	0.4972	0.4915	0.4654	0.5108
0.4891	0.5034	0.4919	0.4867	0.4827	0.4873	0.4906	0.5090	0.5240	0.4702	0.4706	0.5064	0.5197	0.5042	0.4799	0.5133	0.4972	0.4915	0.4654	0.5108
0.4891	0.5034	0.4723	0.4867	0.4827	0.4873	0.4906	0.5090	0.5240	0.4702	0.4706	0.5064	0.5197	0.5042	0.4799	0.5133	0.4972	0.4915	0.4871	0.5108
0.4891	0.5034	0.5312	0.4867	0.5146	0.4873	0.4906	0.5090	0.5240	0.4702	0.4706	0.5064	0.5197	0.5042	0.4799	0.5133	0.4972	0.4915	0.4871	0.5108
0.4891	0.5034	0.5312	0.4867	0.5146	0.4873	0.4906	0.5090	0.5240	0.4702	0.4706	0.5064	0.5197	0.5042	0.4799	0.5133	0.4972	0.4915	0.4871	0.5108
0.4891	0.5034	0.5312	0.4867	0.5146	0.4873	0.4906	0.5090	0.5240	0.4951	0.4706	0.5064	0.5197	0.5042	0.4799	0.5133	0.4972	0.4915	0.4871	0.5108
0.4891	0.5034	0.5217	0.4867	0.5146	0.4873	0.4906	0.5090	0.5240	0.4951	0.4706	0.5064	0.5197	0.5227	0.4799	0.5133	0.4972	0.4915	0.4871	0.5108
0.4891	0.5034	0.5217	0.4867	0.5146	0.4873	0.4906	0.5090	0.5240	0.4951	0.4706	0.5064	0.5197	0.5227	0.4799	0.5133	0.4972	0.4915	0.4871	0.5108
0.4891	0.5034	0.5217	0.4867	0.5146	0.4873	0.4906	0.5148	0.5240	0.4951	0.4706	0.5064	0.5197	0.5227	0.4799	0.5133	0.4972	0.4915	0.4871	0.5108
0.4891	0.5034	0.5217	0.4867	0.5146	0.4873	0.4906	0.5148	0.5240	0.4951	0.4706	0.5064	0.5197	0.5227	0.4799	0.5133	0.4972	0.4915	0.4818	0.5108
0.4891	0.5034	0.5217	0.4867	0.5146	0.4873	0.4906	0.5148	0.5240	0.4951	0.4706	0.4924	0.5197	0.5227	0.4799	0.5133	0.4972	0.4915	0.4818	0.5108
0.4891	0.5034	0.5217	0.4867	0.5146	0.4873	0.4906	0.5148	0.5240	0.4951	0.4706	0.4924	0.5197	0.5227	0.4799	0.5133	0.4972	0.4915	0.4818	0.4974
0.4891	0.5034	0.5217	0.4867	0.5146	0.4873	0.4906	0.5148	0.5240	0.4951	0.4706	0.4924	0.5197	0.5227	0.4799	0.5133	0.4972	0.4915	0.4818	0.4974
0.4891	0.5034	0.5217	0.4867	0.5146	0.4873	0.4906	0.5148	0.5240	0.4951	0.4706	0.4924	0.5197	0.5227	0.4799	0.5133	0.4972	0.4915	0.4818	0.4974
0.4891	0.5034	0.5217	0.4867	0.5146	0.4873	0.4906	0.5148	0.5240	0.4951	0.4706	0.4924	0.5197	0.5147	0.4799	0.5133	0.4972	0.4915	0.4818	0.4974
0.4891	0.5034	0.5217	0.4867	0.5146	0.4873	0.4906	0.5148	0.5240	0.4951	0.4706	0.4924	0.5197	0.5147	0.4799	0.5133	0.4972	0.4915	0.4818	0.4974
0.4891	0.5034	0.5217	0.4867	0.5146	0.4873	0.4906	0.5148	0.5240	0.4951	0.4706	0.4924	0.5197	0.5147	0.4799	0.5133	0.4858	0.4915	0.4818	0.4974
0.4891	0.5034	0.5217	0.4867	0.5146	0.4873	0.4906	0.5148	0.5240	0.4951	0.4706	0.4924	0.5197	0.5147	0.4799	0.5133	0.4858	0.4915	0.4818	0.4974
0.4891	0.5034	0.5217	0.4867	0.5146	0.4873	0.4906	0.5148	0.5240	0.4951	0.4706	0.4924	0.5197	0.5147	0.4799	0.5191	0.4858	0.4915	0.4818	0.4974
0.4891	0.5034	0.5217	0.4693	0.5146	0.4873	0.4906	0.5148	0.5240	0.4951	0.4706	0.4924	0.5197	0.5147	0.4799	0.5191	0.5218	0.4915	0.4818	0.4974
0.4891	0.5034	0.5217	0.4693	0.5146	0.4873	0.4906	0.5148	0.5240	0.4951	0.4706	0.4924	0.5197	0.5147	0.5043	0.5191	0.5218	0.4915	0.4818	0.4974
0.4891	0.5034	0.5217	0.4693	0.5146	0.4826	0.4906	0.5148	0.5240	0.4951	0.4706	0.4924	0.5197	0.5147	0.5043	0.5191	0.5218	0.4915	0.4818	0.4974
0.4891	0.5034	0.5217	0.4693	0.5146	0.4826	0.4906	0.4877	0.5240	0.4951	0.4706	0.4924	0.5197	0.5147	0.5043	0.5191	0.5218	0.4915	0.4818	0.4974
0.4891	0.5034	0.5217	0.4693	0.5146	0.4826	0.4906	0.4877	0.5240	0.4951	0.4706	0.4924	0.5197	0.5147	0.5043	0.5191	0.5218	0.4915	0.4818	0.4974
0.4891	0.5034	0.5217	0.4693	0.5146	0.4826	0.4906	0.4877	0.5240	0.4951	0.4706	0.4924	0.5197	0.5147	0.5043	0.5191	0.5218	0.4915	0.4818	0.4974
0.4891	0.5034	0.5217	0.4693	0.5146	0.4826	0.4906	0.4877	0.5240	0.4951	0.4706	0.4924	0.4710	0.5147	0.5043	0.5191	0.5218	0.4915	0.4818	0.4974
0.4891	0.5034	0.5217	0.4693	0.5146	0.4826	0.4906	0.4877	0.5240	0.4951	0.4706	0.4924	0.4710	0.5147	0.5043	0.5191	0.5218	0.4915	0.4818	0.4974
0.4891	0.5034	0.5217	0.5133	0.5146	0.4826	0.5075	0.4877	0.5240	0.4951	0.4706	0.4924	0.4710	0.5147	0.5043	0.5191	0.5218	0.4915	0.4818	0.4974
0.4891	0.5034	0.5217	0.5133	0.5146	0.5281	0.5075	0.4630	0.5240	0.5126	0.4706	0.4924	0.4710	0.5147	0.5043	0.5191	0.5218	0.4915	0.4818	0.4974
0.4891	0.5034	0.5217	0.4814	0.5146	0.5281	0.5075	0.4819	0.5240	0.5126	0.4706	0.4924	0.4710	0.5147	0.5043	0.5191	0.5218	0.4915	0.4818	0.4974
0.4891	0.5034	0.5217	0.4814	0.5146	0.5281	0.5075	0.4819	0.4789	0.5126	0.4706	0.4924	0.4710	0.5147	0.5043	0.5241	0.5218	0.4915	0.4818	0.4974
0.4891	0.5034	0.5217	0.4814	0.5146	0.5017	0.5075	0.4819	0.4789	0.5126	0.4706	0.4924	0.4710	0.5147	0.5043	0.5241	0.5218	0.4915	0.4818	0.4974
0.4891	0.5034	0.5217	0.4814	0.5116	0.5017	0.5075	0.4819	0.4789	0.5126	0.4706	0.4924	0.4710	0.5147	0.5043	0.5241	0.5218	0.4915	0.4818	0.4974
0.4891	0.5034	0.5217	0.4814	0.5147	0.5017	0.5075	0.4819	0.4822	0.5126	0.4706	0.4924	0.4710	0.5147	0.5043	0.5241	0.5218	0.4926	0.4818	0.4974
0.4891	0.5034	0.5217	0.4814	0.5147	0.5017	0.5075	0.4819	0.4822	0.5126	0.4706	0.4924	0.4710	0.5147	0.5043	0.5241	0.5218	0.4926	0.4818	0.4974
0.4891	0.5034	0.5217	0.4814	0.5147	0.5017	0.5075	0.4819	0.4822	0.5126	0.4706	0.4924	0.4710	0.5147	0.5043	0.5241	0.5218	0.4926	0.4818	0.4974
0.4891	0.5034	0.5217	0.4814	0.5147	0.5017	0.5075	0.4819	0.4822	0.5126	0.4706	0.4924	0.4710	0.5147	0.5043	0.5241	0.5218	0.4926	0.4818	0.4974
0.4891	0.5034	0.5217	0.4814	0.5147	0.5017	0.5075	0.4819	0.4822	0.5126	0.4706	0.4924	0.4710	0.5147	0.5043	0.5241	0.5218	0.4926	0.4818	0.4974
0.4891	0.5034	0.5217	0.4814	0.5147	0.5017	0.5075	0.4819	0.4822	0.5126	0.4706	0.4924	0.4710	0.5147	0.5043	0.5241	0.5218	0.4926	0.4818	0.4974
0.4891	0.5034	0.5217	0.4814	0.5147	0.5017	0.5075	0.4819	0.4822	0.5126	0.4706	0.4756	0.4710	0.5147	0.5043	0.5241	0.5218	0.4926	0.4818	0.4974
0.4891	0.5034	0.5217	0.4814	0.5147	0.5017	0.5075	0.4748	0.4822	0.5126	0.4706	0.4756	0.4710	0.5147	0.5043	0.5241	0.5218	0.4926	0.4818	0.4974
0.4891	0.5034	0.5217	0.4814	0.5147	0.5017	0.5075	0.4748	0.4822	0.5126	0.4706	0.5152	0.4710	0.5147	0.5043	0.5241	0.5218	0.4926	0.4818	0.4974
0.4891	0.4994	0.5217	0.4814	0.5147	0.5017	0.5075	0.5207	0.4822	0.5126	0.4706	0.5152	0.4710	0.5147	0.5043	0.5241	0.5218	0.4926	0.4818	0.4974
0.4891	0.4994	0.5217	0.4814	0.5147	0.5017	0.5075	0.5207	0.4822	0.5126	0.4706	0.5152	0.4710	0.5147	0.5043	0.5241	0.5218	0.4926	0.4818	0.4974
0.4891	0.4994	0.4982	0.4814	0.5147	0.5017	0.5075	0.5207	0.4822	0.5126	0.4706	0.5152	0.4710	0.5147	0.5043	0.5241	0.5218	0.4926	0.4818	0.4974
0.4891	0.4994	0.4982	0.4814	0.5147	0.5017	0.5075	0.5207	0.4822	0.5126	0.4706	0.5152	0.4710	0.5147	0.5043	0.5241	0.5218	0.4926	0.4818	0.4974
0.4891	0.4994	0.4982	0.4814	0.5147	0.5017	0.5075	0.5207	0.4822	0.5126	0.4905	0.5152	0.4710	0.5147	0.5043	0.5241	0.5218	0.4926	0.4818	0.4974
0.4891	0.4994	0.4982	0.4814	0.5147	0.5017	0.5075	0.5207	0.4822	0.5126	0.4905	0.5152	0.4710	0.5147	0.5043	0.5241	0.5218	0.4926	0.4818	0.4974
0.4891	0.4994	0.4982	0.4814	0.5147	0.5017	0.5075	0.5207	0.4822	0.5126	0.4905	0.5152	0.4710	0.5147	0.5043	0.5241	0.5218	0.4926	0.4818	0.4974
0.4891	0.4994	0.4982	0.4814	0.5147	0.5017	0.5075	0.5207	0.4822	0.5126	0.4905	0.5152	0.4710	0.5147	0.5043	0.5241	0.5218	0.4926	0.4818	0.4974
0.4891	0.4994	0.4982	0.4814	0.5147	0.5017	0.5075	0.5207	0.5052	0.5126	0.4905	0.5152	0.4710	0.5147	0.5043	0.5241	0.5218	0.4926	0.4818	0.4974
