0.2378	0.9380	0.8742	0.6568	0.7599	0.2927	0.4070	0.5942	0.5602	0.2516	0.6597	0.7416	0.2332	0.9074	0.8939	0.8386	0.7085	0.8146	0.6736	0.5211
0.2230	1.0000	0.9177	0.3305	0.2519	0.0000	0.0574	0.1287	0.1756	0.2892	0.5352	0.2169	0.0000	0.7346	1.0000	0.8671	0.2847	0.4359	0.4953	0.2549
0.2921	0.0000	0.6068	0.7034	0.4897	1.0000	0.6747	0.4329	0.2308	0.3127	0.1711	0.0974	0.3893	0.3588	0.0000	0.5622	0.1406	0.0000	0.3497	0.2549
0.2381	0.0000	0.7181	0.6516	0.3419	0.5684	0.3940	0.2481	0.0000	0.0904	0.5092	0.2460	0.6531	0.6627	0.6657	0.6049	0.6698	0.3777	0.3726	0.4966
0.6494	0.5484	0.3859	0.5367	0.3419	0.8382	0.6050	0.6068	0.4989	0.6096	0.5076	0.0813	0.6531	0.3927	0.5542	0.4219	0.3995	0.6484	0.5497	0.3944
0.6475	0.6564	0.3859	0.7208	0.3898	0.3339	0.6050	0.6068	0.4989	0.2842	0.4991	0.5395	0.3266	0.4737	0.5542	0.2408	0.2381	0.2905	0.4902	0.5673
0.6475	0.6564	0.3859	0.7294	0.3898	0.3398	0.2275	0.6068	0.4989	0.4578	0.4991	0.5475	0.0000	0.6000	0.6725	0.5934	0.8280	0.3854	0.4432	0.4932
0.6475	0.1728	0.3859	0.0000	0.3898	0.6966	0.3352	0.6068	1.0000	0.4578	0.7034	0.2829	0.0000	0.6549	0.8008	0.6762	0.0000	0.3854	0.0000	0.5487
0.1921	1.0000	0.3859	0.0000	0.5517	0.3897	0.1838	0.3364	0.3409	0.4578	0.7034	0.2829	0.5556	0.6040	0.4561	0.3374	0.2365	0.3854	1.0000	0.5487
0.8347	0.0000	0.3859	1.0000	0.4929	1.0000	0.1773	0.3364	0.1698	0.4578	0.4499	0.2829	0.3919	0.2906	0.4908	0.3374	0.3058	0.3854	0.0935	0.5154
0.3180	0.4946	0.3859	0.2877	0.6597	0.4970	0.5023	0.3364	0.8194	0.4578	0.1905	0.2829	0.3919	0.5025	0.4908	0.3374	0.0832	0.6170	0.3508	0.5576
0.4439	0.7539	0.3859	0.7488	0.6597	0.1245	0.5023	0.3364	0.8350	0.2886	0.5620	0.2415	0.5545	0.5025	0.4908	0.7097	0.5389	0.4508	0.7087	0.5576
0.4439	0.6042	0.3962	0.4771	0.6597	0.6538	0.2392	0.3364	0.6633	0.2886	0.0683	0.2415	0.5545	0.5025	0.5969	0.8277	0.1608	0.3904	0.4448	0.5576
0.6086	0.6042	0.6622	1.0000	0.6597	0.7922	0.5533	0.3364	1.0000	0.2886	1.0000	0.2415	0.3780	0.5025	0.5969	0.4887	0.5776	0.3252	0.5015	0.6020
1.0000	0.6042	0.6622	0.3408	0.6597	0.0102	0.4944	0.3364	0.5235	0.4481	0.5399	0.2415	0.4995	0.5515	0.5958	0.8819	0.0000	0.5603	0.5015	1.0000
0.5068	0.5589	0.6622	0.3408	0.6597	0.8382	1.0000	0.3364	1.0000	0.4481	0.6588	0.4426	0.3820	0.6009	0.5958	0.4019	0.6826	0.9531	0.5015	0.5595
0.5068	0.5589	0.6622	0.4896	0.6597	0.5842	0.5485	0.5652	0.2346	0.4481	0.6150	0.3851	0.3372	0.6079	0.4487	0.5530	0.5548	0.7040	0.5015	0.9407
0.5068	0.5538	0.6622	0.5562	0.6597	0.8362	0.7121	0.5157	0.4936	0.4481	0.9644	0.3851	0.4396	0.5585	0.4487	0.7027	0.5548	0.4532	0.5015	0.1935
0.5068	0.4942	0.6622	0.5562	0.6597	0.5502	0.5986	0.3428	0.5998	0.4481	0.5983	0.5517	0.4396	0.6145	0.6107	0.3389	0.5548	1.0000	0.5015	0.5109
0.5068	0.4942	0.6622	0.7139	0.6597	0.5502	0.5535	0.3428	0.1850	0.4481	0.0000	0.5517	0.5151	0.9491	0.6107	0.2149	0.5548	0.3115	0.5015	0.5497
0.5068	0.4942	0.6622	0.5558	0.5058	0.5502	0.1476	0.5049	0.0000	0.4481	0.3813	0.5517	0.4425	0.5034	0.4944	0.3127	0.5548	0.0000	0.5015	0.5497
0.5068	0.4942	0.6622	0.5558	0.5058	0.5502	0.4440	0.7105	0.2763	0.4481	0.5444	0.5517	0.4425	0.5084	0.6539	0.4506	0.5548	0.6863	0.5015	0.6550
0.6602	0.4942	0.6622	0.5558	0.3260	0.5546	0.5986	0.2841	1.0000	0.4481	0.5444	0.5517	0.4947	0.8023	0.4515	0.4056	0.5548	0.4419	0.5015	0.2579
0.4395	0.4942	0.6622	0.5558	0.2972	0.5546	0.1345	0.4948	0.6581	0.4481	0.5444	0.5517	0.4947	0.4898	0.4515	0.4932	0.5548	0.4978	0.5015	0.0000
0.5477	0.4942	0.6622	0.5558	0.6152	0.5546	0.5564	0.4948	0.5017	0.4481	0.5444	0.2345	0.4947	0.5018	0.2886	0.4932	0.5548	0.6057	0.5015	0.6837
0.0000	0.4418	0.6600	0.5558	0.2994	0.5546	0.4406	0.4948	0.5017	0.4481	0.5444	0.2345	0.4947	0.5018	0.6017	0.4932	0.5548	0.4557	0.5015	0.2856
0.2975	0.0986	0.6600	0.5558	0.9703	0.5546	0.4406	0.5475	0.5017	0.4481	0.5444	0.2345	0.3474	0.6071	0.6017	0.4932	0.5548	0.4557	0.5015	1.0000
0.6128	0.5583	0.6600	0.5558	0.5634	0.5546	0.6527	0.5475	0.5017	0.4421	0.5444	0.2345	0.3474	0.6071	0.6017	0.4932	0.5548	0.4557	0.5511	0.3559
0.6128	0.2797	0.6600	0.3957	0.4954	0.5546	0.3969	0.5475	0.5017	0.4421	0.3408	0.2345	0.4344	0.3434	0.6017	0.4932	0.5548	0.4557	0.5511	0.6069
0.6128	0.2797	0.6600	0.5065	0.4954	0.5546	0.3969	0.5475	0.5017	0.4421	0.3408	0.3899	0.5541	0.3434	0.6017	0.4932	0.5548	0.4981	0.5511	0.6069
0.6128	0.5458	0.6600	0.5065	0.4954	0.5546	0.3969	0.5475	0.5017	0.4421	0.3408	0.3899	0.5541	0.7171	0.6017	0.4932	0.5548	0.4981	0.5511	0.3356
0.6128	0.6609	0.6600	0.5065	0.5438	0.5546	0.4464	0.5475	0.5017	0.4966	0.3408	0.3907	0.5541	0.5546	0.6017	0.6176	0.5548	0.4981	0.5511	0.3881
0.6017	0.6609	0.6600	0.5065	0.5438	0.5546	0.4464	0.6566	0.5017	0.4966	0.6515	0.3907	0.5541	0.5546	0.6017	0.5543	0.5548	0.4981	0.5511	0.3881
0.3877	0.3997	0.4505	0.4996	0.5014	0.5546	0.4464	0.5580	0.5017	0.4966	0.3329	0.3907	0.5541	0.5546	0.6017	0.4973	0.5548	0.4981	0.5511	0.3881
0.3877	0.3997	0.4505	0.4996	0.3892	0.5546	0.5581	0.5580	0.5017	0.4966	0.5991	0.3907	0.5541	0.5546	0.6017	0.4973	0.5548	0.4981	0.5511	0.6135
0.3877	0.3963	0.4505	0.3902	0.4993	0.5546	0.5581	0.5580	0.5017	0.4966	0.5991	0.3907	0.5541	0.5546	0.6017	0.4472	0.5548	0.4981	0.5511	0.4960
0.3877	0.5112	0.2881	0.3902	0.4993	0.5546	0.5581	0.5580	0.5017	0.4966	0.5991	0.3907	0.5541	0.5546	0.4485	0.4472	0.5548	0.4981	0.5511	0.4464
0.3877	0.5112	0.2881	0.4015	0.4993	0.5546	0.5581	0.5580	0.5017	0.4966	0.5991	0.3907	0.4525	0.5546	0.4485	0.6081	0.5548	0.4981	0.5511	0.4464
0.3877	0.5112	0.4507	0.7043	0.5523	0.5546	0.5581	0.5580	0.5017	0.4966	0.5991	0.3907	0.4525	0.5546	0.4485	0.6081	0.5503	0.4436	0.5511	0.6016
0.3877	0.5112	0.4507	0.7043	0.5523	0.5546	0.5581	0.5580	0.5017	0.4966	0.5991	0.6112	0.4525	0.5546	0.4485	0.6081	0.5503	0.4436	0.5511	0.6016
0.4958	0.5112	0.4507	0.2267	0.5523	0.5546	0.5581	0.5580	0.5017	0.4966	0.5991	0.5395	0.4935	0.5546	0.4485	0.5056	0.5503	0.4436	0.5511	0.6016
0.4958	0.5112	0.4507	0.4480	0.5523	0.5546	0.3893	0.5580	0.5017	0.4966	0.5991	0.4402	0.4966	0.5546	0.4485	0.6039	0.5503	0.4436	0.5511	0.6016
0.4958	0.5112	0.4507	0.5534	0.5523	0.5040	0.3893	0.5580	0.5017	0.4966	0.5991	0.7094	0.4966	0.5546	0.4485	0.6039	0.3385	0.4436	0.5511	0.5557
0.4958	0.5543	0.4507	0.5534	0.5523	0.5040	0.3934	0.5580	0.5017	0.4966	0.5991	0.4444	0.4966	0.5546	0.4485	0.6039	0.3385	0.4436	0.5511	0.5557
0.4958	0.5543	0.4507	0.5534	0.5523	0.5040	0.3934	0.5580	0.5017	0.4966	0.5991	0.4444	0.4966	0.5546	0.4485	0.6039	0.3985	0.4436	0.5511	0.5557
0.4958	0.5092	0.4507	0.5534	0.5523	0.5040	0.3934	0.5580	0.5017	0.4966	0.5991	0.4444	0.4966	0.5546	0.4485	0.6039	0.3985	0.4436	0.5511	0.5557
0.5493	0.5092	0.4507	0.5534	0.5523	0.5040	0.3934	0.3446	0.5017	0.4966	0.5991	0.4444	0.4966	0.5546	0.4485	0.6039	0.3985	0.4436	0.5511	0.5557
0.5457	0.5092	0.4507	0.5534	0.5523	0.5040	0.3934	0.3446	0.5017	0.4966	0.4412	0.4444	0.4966	0.5546	0.4485	0.6039	0.3985	0.4436	0.5511	0.5557
0.5457	0.5092	0.4982	0.5534	0.5523	0.5040	0.3934	0.3446	0.5017	0.4966	0.4412	0.4444	0.3967	0.5546	0.4485	0.6039	0.3985	0.4436	0.5511	0.5557
0.5457	0.2921	0.4982	0.5534	0.5523	0.5040	0.6054	0.3446	0.5017	0.4966	0.4412	0.4444	0.3967	0.5546	0.4949	0.6022	0.3985	0.4436	0.5511	0.5557
0.5457	0.2917	0.4982	0.5534	0.5523	0.5040	0.6054	0.3446	0.5017	0.4966	0.4412	0.4444	0.3967	0.5546	0.4949	0.6022	0.3985	0.4436	0.5511	0.5557
0.5007	0.2917	0.4982	0.5534	0.5523	0.5040	0.6054	0.3952	0.5017	0.4966	0.4412	0.4444	0.3967	0.5546	0.4949	0.6022	0.3985	0.4436	0.5511	0.5557
0.5007	0.2917	0.4982	0.5534	0.5523	0.5040	0.6054	0.3952	0.5017	0.4966	0.4412	0.4444	0.3967	0.5546	0.4949	0.6022	0.3985	0.5574	0.5511	0.5557
0.5007	0.2917	0.4982	0.5534	0.5523	0.5040	0.6054	0.3952	0.5017	0.4966	0.4412	0.4444	0.3967	0.5546	0.4949	0.3967	0.3985	0.5574	0.5511	0.5557
0.5007	0.2917	0.4982	0.5534	0.5523	0.5040	0.6054	0.3952	0.5017	0.4966	0.4412	0.4444	0.3967	0.5546	0.4949	0.3967	0.3985	0.5574	0.5511	0.5557
0.5007	0.6119	0.4982	0.5534	0.5523	0.5040	0.5001	0.3952	0.5017	0.4966	0.4412	0.4444	0.3967	0.5546	0.4949	0.3967	0.3985	0.5574	0.5511	0.5557
0.5007	0.6119	0.4982	0.5534	0.5523	0.5040	0.5001	0.3952	0.5017	0.4966	0.4412	0.6050	0.3967	0.5546	0.4949	0.3967	0.3966	0.5574	0.5511	0.5557
0.5007	0.6119	0.4982	0.5534	0.5523	0.5040	0.5001	0.3952	0.5017	0.4966	0.4412	0.6050	0.3967	0.5546	0.4949	0.5052	0.3966	0.5574	0.5511	0.3946
0.5007	0.5538	0.4982	0.5534	0.5523	0.5040	0.5001	0.3952	0.5017	0.4966	0.4412	0.6050	0.3967	0.5546	0.4949	0.4960	0.3966	0.5574	0.5511	0.3946
0.5007	0.5538	0.4982	0.5534	0.5523	0.5040	0.5001	0.3952	0.5017	0.4966	0.4412	0.6050	0.3967	0.5546	0.4949	0.4960	0.3966	0.5574	0.5511	0.3946
0.5007	0.5538	0.4982	0.5534	0.5523	0.5040	0.5001	0.3952	0.5017	0.4966	0.4433	0.6050	0.3967	0.5546	0.4949	0.4960	0.3966	0.5574	0.5511	0.3946
0.5007	0.5538	0.4982	0.5534	0.5523	0.5040	0.5001	0.3952	0.5017	0.4966	0.4433	0.6050	0.3967	0.5546	0.4949	0.4960	0.3966	0.5574	0.5511	0.3946
0.5007	0.5538	0.4982	0.5534	0.5523	0.5040	0.5001	0.3952	0.5017	0.4966	0.5041	0.6050	0.3967	0.5546	0.4949	0.4960	0.3966	0.5574	0.5511	0.3946
0.5007	0.5538	0.4982	0.5534	0.5523	0.5040	0.5001	0.3952	0.5017	0.4966	0.5041	0.6050	0.3967	0.5546	0.4949	0.4960	0.3966	0.5574	0.5511	0.3946
0.5007	0.5538	0.4982	0.5534	0.5523	0.5040	0.5001	0.3952	0.5017	0.4966	0.5041	0.6050	0.3967	0.5546	0.4949	0.4960	0.3966	0.5574	0.5511	0.3946
0.5007	0.5538	0.4982	0.5534	0.5523	0.5040	0.5001	0.3952	0.5017	0.4966	0.5041	0.6050	0.3967	0.5546	0.4949	0.4960	0.3966	0.5574	0.5511	0.3946
0.5007	0.5538	0.4982	0.5534	0.5523	0.5040	0.5001	0.3952	0.5017	0.4966	0.5041	0.6050	0.3967	0.5546	0.4949	0.4960	0.3966	0.5524	0.5511	0.3946
0.5007	0.5538	0.4982	0.5534	0.5523	0.5040	0.5001	0.3952	0.5017	0.4966	0.5041	0.6050	0.3967	0.5546	0.4949	0.4960	0.3966	0.5524	0.5511	0.3946
0.5007	0.5538	0.4982	0.6082	0.5523	0.5040	0.5001	0.3952	0.5017	0.4966	0.5041	0.6050	0.3967	0.5546	0.4949	0.4960	0.3966	0.5524	0.5511	0.3946
0.5007	0.5538	0.4982	0.6082	0.5523	0.5040	0.5001	0.3952	0.5017	0.4966	0.5041	0.6050	0.3967	0.5546	0.4949	0.4960	0.3966	0.5524	0.5511	0.3946
0.5007	0.5538	0.4982	0.6082	0.5523	0.5040	0.5001	0.3952	0.5017	0.4966	0.5041	0.6050	0.3967	0.5546	0.4949	0.4960	0.3966	0.5524	0.5511	0.3946
0.5007	0.5538	0.4982	0.6082	0.5523	0.5040	0.5001	0.3952	0.5017	0.4966	0.5041	0.6050	0.3967	0.5546	0.4949	0.4960	0.4507	0.5524	0.5511	0.3946
0.5007	0.5538	0.4982	0.6082	0.5523	0.5040	0.5001	0.3952	0.5017	0.4994	0.5041	0.6050	0.3967	0.5546	0.4949	0.4960	0.4507	0.5524	0.5511	0.3946
0.5007	0.5538	0.4982	0.6082	0.5523	0.5040	0.5001	0.3952	0.5017	0.4994	0.5041	0.6050	0.3967	0.5546	0.4949	0.4960	0.4507	0.5524	0.5511	0.3946
0.5007	0.5538	0.4982	0.6082	0.5523	0.5040	0.5001	0.3952	0.5017	0.4994	0.5041	0.6050	0.3967	0.5546	0.4949	0.4960	0.4507	0.5524	0.5511	0.3946
0.5007	0.5538	0.4982	0.6082	0.5523	0.5040	0.5001	0.3952	0.5017	0.4994	0.5041	0.6050	0.3967	0.5546	0.4949	0.4976	0.4507	0.5524	0.5511	0.3946
0.5007	0.4980	0.4982	0.6082	0.5523	0.5040	0.5001	0.3952	0.5017	0.4994	0.5014	0.6050	0.3967	0.5546	0.4949	0.4976	0.4507	0.5524	0.5511	0.4439
0.5007	0.4980	0.4982	0.6082	0.5523	0.5040	0.5001	0.3952	0.5017	0.4994	0.4474	0.6050	0.3967	0.5546	0.4949	0.4976	0.4507	0.5524	0.5511	0.4439
0.5007	0.4980	0.4982	0.6082	0.5523	0.5040	0.5001	0.3952	0.5017	0.4994	0.4474	0.6050	0.3967	0.5546	0.4949	0.4976	0.4507	0.5524	0.5511	0.4439
0.5007	0.4980	0.4982	0.6082	0.5523	0.5040	0.5001	0.4448	0.5017	0.4994	0.4474	0.6050	0.3967	0.5546	0.4949	0.4976	0.4507	0.5524	0.5511	0.4439
0.5007	0.4980	0.4982	0.5508	0.5523	0.5040	0.5001	0.4448	0.5017	0.4994	0.4474	0.6050	0.3967	0.5546	0.4949	0.4976	0.4507	0.5524	0.5511	0.4439
0.5007	0.4980	0.4982	0.5508	0.5523	0.5040	0.5001	0.4448	0.5017	0.4994	0.4474	0.6050	0.3967	0.5546	0.4949	0.4976	0.4507	0.5524	0.5511	0.4439
0.5007	0.4980	0.4982	0.5508	0.5523	0.5040	0.5001	0.4448	0.5017	0.4994	0.4474	0.4489	0.3967	0.5546	0.4949	0.4976	0.4507	0.5524	0.5511	0.4439
0.5007	0.4980	0.4982	0.5508	0.5523	0.5040	0.5001	0.4448	0.5017	0.4994	0.4474	0.4489	0.3967	0.5546	0.4949	0.4976	0.4507	0.5524	0.5511	0.4439
0.5007	0.4980	0.4982	0.5508	0.5523	0.5040	0.5001	0.4448	0.5017	0.4994	0.4474	0.4489	0.3967	0.5546	0.4949	0.4976	0.4507	0.5524	0.5511	0.5021
0.5007	0.4980	0.4982	0.5508	0.5523	0.5040	0.5001	0.4448	0.5017	0.4994	0.4474	0.4489	0.3967	0.5546	0.4949	0.4976	0.4507	0.5524	0.5511	0.5021
0.5007	0.4980	0.4982	0.5508	0.5523	0.5040	0.5001	0.4448	0.5017	0.4994	0.4474	0.4489	0.3967	0.5546	0.4949	0.4976	0.4507	0.5524	0.5511	0.5021
0.5007	0.4980	0.4982	0.5508	0.5523	0.5040	0.5001	0.4448	0.5017	0.4994	0.4474	0.4489	0.3967	0.5546	0.4949	0.4976	0.4507	0.5524	0.5511	0.5021
0.5007	0.4980	0.4982	0.5508	0.5523	0.5040	0.5001	0.4448	0.5017	0.4994	0.4474	0.4489	0.3967	0.5546	0.4949	0.4976	0.4507	0.5524	0.5511	0.5021
0.5007	0.4980	0.4982	0.5508	0.5523	0.5040	0.5001	0.4448	0.5017	0.4994	0.4474	0.4489	0.3967	0.5546	0.4949	0.4976	0.4507	0.5524	0.5511	0.5021
0.5007	0.4980	0.4982	0.5508	0.5523	0.5040	0.5001	0.4448	0.5017	0.4994	0.4474	0.4489	0.3967	0.5546	0.4949	0.4976	0.4507	0.5524	0.5511	0.5021
0.5007	0.4980	0.4982	0.5508	0.5523	0.5040	0.5001	0.4448	0.5017	0.4994	0.4474	0.4489	0.3967	0.5546	0.4949	0.4976	0.4507	0.5524	0.5511	0.5021
0.5007	0.4980	0.4982	0.5508	0.5523	0.5040	0.5001	0.4448	0.5017	0.4994	0.4474	0.4489	0.3967	0.5546	0.4949	0.4976	0.4507	0.5524	0.5511	0.5021
0.5007	0.4980	0.4982	0.5508	0.5523	0.5040	0.5001	0.4448	0.5017	0.4994	0.4474	0.4498	0.3967	0.5546	0.4949	0.4976	0.4507	0.5524	0.5511	0.5021
0.5007	0.4980	0.4982	0.5508	0.5523	0.5040	0.5001	0.4448	0.5017	0.4994	0.4474	0.4498	0.3967	0.5546	0.4949	0.4976	0.4507	0.5524	0.5511	0.5021
0.5007	0.4980	0.4982	0.5508	0.5523	0.5040	0.5001	0.4448	0.5017	0.4994	0.4474	0.4498	0.3967	0.5546	0.4949	0.4976	0.4507	0.5524	0.5511	0.5021
0.5007	0.4980	0.4982	0.5508	0.5523	0.5040	0.5001	0.4448	0.5017	0.4994	0.4474	0.4498	0.3967	0.5546	0.4949	0.4976	0.4507	0.5524	0.5511	0.5021
0.5007	0.4980	0.4982	0.5508	0.5523	0.5040	0.5001	0.4448	0.5017	0.4994	0.4474	0.4498	0.3967	0.5546	0.4949	0.4976	0.4507	0.5524	0.5511	0.5021
0.5007	0.4980	0.4982	0.5508	0.5523	0.5040	0.5001	0.4448	0.5017	0.4994	0.4474	0.4498	0.3967	0.5546	0.4949	0.4976	0.4507	0.5524	0.5511	0.5021
0.5007	0.4980	0.4982	0.5508	0.5523	0.5040	0.5001	0.4448	0.5017	0.4994	0.4474	0.4498	0.3967	0.5546	0.4949	0.4976	0.4507	0.5524	0.5511	0.5021
0.5007	0.4980	0.4982	0.5508	0.5523	0.5040	0.5001	0.4448	0.5017	0.4994	0.4474	0.4498	0.3967	0.5546	0.4949	0.4976	0.4507	0.5524	0.5511	0.5021
