0.0554	0.7843	0.4410	0.5579	0.1500	0.1569	0.4685	0.1891	0.7391	0.7318	0.3718	0.6417	0.0827	0.2696	0.0423	0.0133	0.4855	0.1465	0.1977	0.7725
0.1208	0.6903	0.0397	0.3657	0.8203	0.9021	0.7653	0.3771	0.6156	0.4226	0.7982	0.8526	1.0000	0.7409	0.6752	0.4995	0.5221	0.9904	0.0000	1.0000
0.3635	1.0000	0.5641	0.3657	0.3743	0.6002	0.3920	0.6134	0.1946	0.7715	0.6052	0.4043	0.0057	0.0000	0.3864	0.4245	0.3051	0.0517	0.1478	0.3243
0.5130	0.6124	0.6822	0.4690	0.6373	0.6002	0.3650	0.5097	0.7439	0.3558	0.6052	0.0000	0.1957	0.8240	0.3864	0.6076	0.4416	0.1420	0.4804	0.5099
0.5130	0.4088	0.7393	0.0000	0.1963	0.8723	0.3887	0.0000	0.7399	0.9690	0.5218	0.6075	0.5450	0.7426	0.3864	0.3889	0.7490	0.2285	0.5161	0.5099
0.5130	0.5971	0.7033	1.0000	0.4965	0.0000	0.3887	0.3692	0.7399	0.0000	0.5218	0.6075	0.1583	0.2664	0.3864	0.3889	0.9793	0.3951	0.4937	0.5099
0.5130	0.6130	1.0000	1.0000	0.4965	0.5183	0.3887	1.0000	0.7275	0.8195	0.5218	0.6075	0.4912	0.6072	0.3864	0.3889	1.0000	0.3331	0.4937	0.3644
1.0000	0.3056	0.5119	0.8439	0.4965	0.1290	0.7242	0.5215	0.7275	0.6181	0.5218	0.6075	0.4912	0.0000	0.1107	0.3889	1.0000	0.0000	0.4937	0.6136
0.1624	0.0000	0.6294	0.8580	0.4965	0.2473	0.7109	0.4858	0.7275	0.6181	0.5218	0.6075	0.5019	0.8290	0.7959	0.3889	0.6059	0.4535	0.4889	0.6136
0.8383	0.6931	0.5502	0.8154	0.6967	0.4476	0.4854	0.5013	0.7275	0.6274	0.4093	0.6075	1.0000	0.4428	0.5859	0.3889	0.6023	0.3873	0.4889	0.8219
0.2931	0.3845	0.3822	0.0000	0.7447	0.3894	0.4854	0.2204	0.5935	0.6274	0.4093	0.6075	0.0000	0.0840	0.7156	0.3889	1.0000	0.5541	0.4889	0.4662
0.6154	0.0000	0.6909	0.5349	0.4208	0.0733	0.6285	0.2963	0.5935	0.5889	0.4093	0.6075	0.0000	1.0000	0.7245	0.6033	0.4130	0.8416	0.4889	0.6218
0.6154	0.4349	0.8247	0.6061	0.1613	0.8633	0.6211	0.5883	0.5935	0.5889	0.6241	0.6075	0.2016	0.2517	0.2136	0.6033	0.1726	0.3631	0.4889	0.6218
0.6154	1.0000	0.3950	0.5120	0.4373	0.7259	0.5012	0.4732	0.5935	0.3791	0.6241	0.3748	0.8270	1.0000	0.6205	0.6033	0.2943	1.0000	0.4889	0.6218
0.2905	0.2855	0.1705	0.5120	0.5909	0.6977	0.3837	0.9443	0.5935	0.4860	0.6241	0.3748	0.7120	0.2805	0.6205	0.6033	0.4830	1.0000	0.5225	0.6218
0.3776	0.0000	1.0000	0.5120	0.5909	0.4833	0.3150	0.7157	0.5935	0.0848	0.6241	0.3435	0.3965	0.5103	0.6205	0.6033	0.0643	0.4480	0.2016	1.0000
0.3776	0.5082	0.6707	0.5120	0.3879	0.7072	0.7542	1.0000	0.4961	0.5125	0.6241	0.4723	0.7222	0.0902	0.2077	0.6033	0.4960	1.0000	0.1539	0.2473
0.3776	0.2705	0.6052	0.5071	0.3879	0.2192	0.0423	0.7088	0.4961	0.3997	0.6241	0.2467	1.0000	0.5024	0.8284	0.6033	0.4860	1.0000	0.6995	0.0000
0.3776	0.2705	0.6052	0.5071	0.3879	0.0000	0.4054	0.5190	0.4961	0.4764	0.6241	1.0000	0.5398	0.5024	0.7355	0.6033	0.4906	0.6098	0.6146	0.7197
0.5915	0.2705	0.6052	0.6101	1.0000	0.7187	0.3641	0.6013	0.4821	0.2992	0.4849	0.0000	0.4819	0.5024	0.7236	0.6033	0.4906	0.7219	0.6146	0.6099
0.6197	0.2705	0.6052	0.6101	0.2908	0.7185	0.4896	0.6013	0.4821	0.1844	0.4849	0.4873	0.4819	0.5024	0.2853	0.6033	0.4906	0.6333	0.6146	0.6099
0.6197	0.5159	0.6191	0.6101	0.0000	0.3907	0.4896	0.6013	0.4821	0.4784	0.4849	0.4873	0.1736	0.5024	0.3853	0.6033	0.4906	0.6333	0.6146	0.6099
0.6197	0.5159	0.6191	0.6136	0.3084	0.5987	0.4896	0.6013	0.4821	0.3914	0.4849	0.4873	1.0000	0.5024	0.3853	0.6033	0.4906	1.0000	0.6046	0.6099
0.6197	0.8081	0.1207	0.6136	0.0042	0.4915	0.4896	0.6013	0.4821	0.7151	0.4849	0.4873	0.2839	0.0000	0.3853	0.6033	0.4906	0.2221	0.7239	0.6099
0.6197	0.3673	0.4990	0.6136	0.2923	0.8316	0.4896	0.6013	0.4821	0.4957	0.4849	0.4873	0.5921	0.6181	0.3853	0.6077	0.4906	0.4316	0.7239	0.4655
0.3777	0.4022	0.4990	0.6136	0.7112	0.8443	0.4896	0.6013	0.5034	0.6144	0.4849	0.4873	0.5921	0.8399	0.3853	0.6178	0.4906	0.4989	0.7186	0.4054
0.3777	0.0000	0.4990	0.6136	0.4816	0.3931	0.4896	0.5042	0.5034	0.6144	0.4849	0.3809	0.5921	0.2862	0.4970	0.3853	0.4906	0.4989	0.7186	0.2529
0.3777	0.2760	0.4990	0.6136	0.4984	0.5974	0.3774	0.5042	0.5034	0.4845	0.4849	0.4939	0.5921	0.2862	0.6061	0.3853	0.4906	0.6206	0.3956	0.7027
0.3777	0.2760	0.4990	0.7352	0.4984	0.5974	0.3774	0.5042	0.4929	0.4908	0.4849	0.4939	0.3876	0.0255	0.6061	0.3853	0.4906	0.6206	0.4853	0.7027
0.3777	0.2760	0.4990	0.5981	0.4984	0.5974	0.6031	0.5042	0.4929	0.4908	0.4849	0.4939	0.4013	0.7143	0.6061	0.3853	0.4906	0.6206	0.4853	0.2777
0.3777	0.2760	0.4990	0.5107	0.6165	0.6078	0.6031	0.5042	0.4929	0.4908	0.6181	0.5963	0.4013	0.7143	0.6061	0.3853	0.4906	0.6206	0.4853	0.8576
0.3777	0.0654	0.4990	0.5107	0.6165	0.6078	0.6031	0.5042	0.4929	0.4908	0.6181	0.5963	0.4013	0.5994	0.6061	0.4977	0.4906	0.6206	0.4853	0.0000
0.3777	0.2511	0.4990	0.3866	0.6165	0.6078	0.4902	0.5042	0.4929	0.4908	0.4907	0.5963	0.4013	0.6094	0.6061	0.5054	0.4906	0.6206	0.4853	0.3774
0.3777	0.4156	0.4990	0.3866	0.6165	0.6078	0.4902	0.5042	0.4929	0.4908	0.4907	0.3072	0.4013	0.0000	0.4926	0.5054	0.4906	0.6206	0.4853	0.3774
0.4158	0.3764	0.4990	0.3866	0.6165	0.5035	0.4902	0.5042	0.4929	0.4908	0.4907	0.2834	0.4013	1.0000	0.4926	0.5054	0.4906	0.7145	0.4853	0.3003
0.7217	0.3764	0.4990	0.3866	0.6165	0.5035	0.4902	0.5042	0.4929	0.5115	0.4907	0.5085	0.5125	0.4312	0.4926	0.5054	0.4906	0.7145	0.4853	0.3002
0.3836	0.5849	0.4990	0.3866	0.6165	0.5035	0.4902	0.5042	0.4929	0.5115	0.4907	0.5085	0.5125	0.7077	0.4926	0.5054	0.4906	0.5978	0.4853	0.6258
0.3836	0.5849	0.4990	0.3866	0.6165	0.5035	0.4902	0.5042	0.4929	0.5115	0.4907	0.5016	0.7026	0.5032	0.5016	0.5054	0.4906	0.2827	0.4853	0.5126
0.4993	0.3789	0.4990	0.6075	0.6165	0.5035	0.4902	0.5042	0.4929	0.5115	0.4907	0.5016	0.7193	1.0000	0.5016	0.5054	0.4906	0.2827	0.6017	0.5126
0.4993	0.3789	0.4990	0.6075	0.6165	0.5035	0.4902	0.5042	0.6042	0.5115	0.4907	0.5016	0.3844	0.4741	0.5016	0.5054	0.4906	0.5073	0.6017	0.6128
0.4993	0.3789	0.4990	0.6075	0.5100	0.5035	0.4902	0.5042	0.6042	0.5115	0.4907	0.3898	0.3844	0.4192	0.5016	0.5054	0.4906	0.6023	0.6017	0.6128
0.4993	0.3789	0.4990	0.6075	0.5100	0.5035	0.4902	0.5042	0.6042	0.5115	0.4907	0.3898	0.2704	0.7128	0.5016	0.5054	0.4906	0.6023	0.6017	0.6128
0.4993	0.3789	0.4990	0.6075	0.5100	0.5035	0.4902	0.5042	0.6042	0.5115	0.4907	0.3898	0.5111	0.6137	0.5016	0.5054	0.4906	0.6023	0.6017	0.6128
0.4993	0.3789	0.5902	0.6075	0.5100	0.5035	0.4902	0.5042	0.6042	0.5115	0.4907	0.3898	0.5111	0.6137	0.5016	0.5054	0.4906	0.4985	0.6017	0.4959
0.4993	0.4021	0.5902	0.6075	0.5100	0.5035	0.4902	0.5042	0.6042	0.5115	0.4907	0.3898	0.5111	0.6137	0.5016	0.5054	0.4906	0.4985	0.6017	0.4959
0.4993	0.4021	0.5029	0.6029	0.5100	0.5035	0.4902	0.5042	0.6042	0.5115	0.4907	0.3898	0.5111	0.6137	0.5116	0.5054	0.6125	0.4985	0.6017	0.4959
0.4993	0.4021	0.3960	0.6029	0.5100	0.5035	0.4902	0.5042	0.6042	0.5115	0.5102	0.6069	0.5111	0.6137	0.5116	0.5054	0.6125	0.4985	0.6017	0.4959
0.4993	0.3815	0.4777	0.6029	0.5100	0.5035	0.3947	0.5042	0.6042	0.5115	0.5102	0.6069	0.5098	0.6137	0.5116	0.5054	0.6125	0.4723	0.6017	0.4959
0.4993	0.3815	0.5048	0.6029	0.5100	0.5035	0.3947	0.5042	0.6042	0.5115	0.5102	0.6069	0.5098	0.6137	0.5116	0.5054	0.6125	0.4950	0.6017	0.4959
0.4993	0.6169	0.2903	0.6029	0.5100	0.5035	0.3947	0.5042	0.6042	0.5115	0.5102	0.6069	0.6247	0.6137	0.5116	0.5054	0.6125	0.5043	0.6017	0.4959
0.4993	0.6169	0.2903	0.6029	0.5100	0.5035	0.3903	0.5042	0.6042	0.5115	0.5102	0.6069	0.6247	0.6137	0.5116	0.5054	0.6256	0.5043	0.6017	0.4959
0.4993	0.6169	0.3908	0.6029	0.5100	0.5035	0.3903	0.5042	0.6042	0.5115	0.5102	0.6069	0.4872	0.6137	0.5116	0.5054	0.6256	0.5043	0.6017	0.4959
0.4993	0.6169	0.3908	0.6029	0.5100	0.5035	0.3903	0.5042	0.6042	0.5115	0.5102	0.6069	0.4872	0.6137	0.5116	0.5054	0.6256	0.5043	0.6017	0.4959
0.4993	0.6169	0.3908	0.6029	0.5100	0.5035	0.3903	0.5042	0.6042	0.5115	0.5102	0.6069	0.4872	0.6137	0.5116	0.5054	0.6256	0.5043	0.6017	0.4959
0.4993	0.6169	0.3908	0.6029	0.5100	0.5035	0.3903	0.5042	0.6042	0.3962	0.5102	0.6069	0.4872	0.6137	0.5116	0.5054	0.6256	0.5043	0.6017	0.4959
0.4993	0.6169	0.3908	0.6029	0.5100	0.5035	0.3903	0.5042	0.6042	0.3962	0.5102	0.6069	0.4872	0.6137	0.5116	0.5054	0.6256	0.5043	0.6017	0.4959
0.4993	0.6169	0.4944	0.6029	0.5100	0.5035	0.3903	0.5042	0.6042	0.3962	0.5102	0.6069	0.4872	0.6137	0.5116	0.5054	0.5109	0.5043	0.6017	0.4959
0.4993	0.6169	0.4944	0.6029	0.6271	0.5035	0.3903	0.5042	0.6042	0.3962	0.5102	0.6069	0.4872	0.6137	0.5116	0.5054	0.6069	0.5043	0.6017	0.4959
0.4993	0.6169	0.4944	0.6029	0.3976	0.5035	0.3903	0.5042	0.6042	0.3962	0.5102	0.6069	0.4872	0.6137	0.5116	0.5054	0.6069	0.5043	0.6017	0.4959
0.4993	0.6169	0.4944	0.6029	0.3976	0.5035	0.3903	0.5042	0.6042	0.3962	0.5102	0.6069	0.4872	0.6137	0.5116	0.5054	0.4055	0.5043	0.6017	0.4959
0.4993	0.6169	0.4944	0.6029	0.3976	0.5035	0.3903	0.5042	0.5039	0.3962	0.5102	0.6069	0.4872	0.6137	0.5116	0.5054	0.4055	0.5043	0.6017	0.4959
0.4993	0.6169	0.4944	0.6029	0.3976	0.5035	0.3903	0.5042	0.5039	0.3962	0.5102	0.6069	0.4872	0.6137	0.5116	0.5054	0.4055	0.5043	0.6017	0.4959
0.4993	0.6169	0.4944	0.6029	0.3976	0.5035	0.3903	0.6091	0.5039	0.3962	0.5102	0.6069	0.4872	0.6137	0.5116	0.5054	0.4055	0.5043	0.6017	0.4959
0.4993	0.6169	0.4944	0.4847	0.3976	0.5035	0.3903	0.6091	0.5124	0.3962	0.5102	0.6069	0.4872	0.6137	0.5116	0.5054	0.4055	0.5043	0.6017	0.4959
0.4993	0.6169	0.4944	0.4847	0.3976	0.5035	0.3903	0.6091	0.5124	0.3962	0.5998	0.6069	0.4872	0.6137	0.5116	0.5054	0.4912	0.5043	0.6017	0.4959
0.4993	0.6169	0.4944	0.4847	0.3976	0.5035	0.5067	0.6091	0.5124	0.3962	0.5998	0.6069	0.4872	0.6137	0.5116	0.5054	0.4912	0.5043	0.6017	0.4959
0.4993	0.6169	0.4944	0.4847	0.3976	0.5035	0.5067	0.6091	0.5124	0.6200	0.5998	0.6030	0.4872	0.6137	0.5116	0.5054	0.4912	0.5043	0.6017	0.4959
0.4993	0.6169	0.4944	0.4847	0.3976	0.5035	0.5067	0.6091	0.5124	0.6200	0.5998	0.6030	0.4872	0.6137	0.5116	0.5054	0.4912	0.5043	0.6017	0.4959
0.4993	0.6169	0.4944	0.4847	0.3976	0.5035	0.5067	0.6091	0.5124	0.6200	0.5017	0.6030	0.4872	0.6137	0.5116	0.5054	0.5047	0.5043	0.6017	0.4959
0.4993	0.6169	0.4944	0.4847	0.3976	0.5035	0.5067	0.6091	0.5124	0.6200	0.5017	0.6030	0.4872	0.6137	0.5116	0.5054	0.5047	0.5043	0.6017	0.4959
0.4993	0.6169	0.4944	0.4847	0.3976	0.5035	0.5067	0.5093	0.5124	0.6200	0.5017	0.4889	0.4872	0.6137	0.5116	0.5054	0.5047	0.5043	0.6017	0.4959
0.4993	0.6169	0.4944	0.4847	0.3976	0.5035	0.5067	0.5093	0.5124	0.6200	0.5017	0.4889	0.4872	0.6137	0.5116	0.5054	0.5047	0.5043	0.6017	0.4959
0.4993	0.6169	0.4944	0.4847	0.3976	0.5035	0.5067	0.5093	0.5124	0.6200	0.5017	0.4889	0.4872	0.6137	0.5116	0.5054	0.5047	0.5043	0.5067	0.4959
0.4993	0.4969	0.4944	0.4847	0.3976	0.5035	0.5067	0.5093	0.5124	0.6200	0.5017	0.4889	0.4872	0.6137	0.5116	0.5054	0.5047	0.5043	0.5067	0.4959
0.4993	0.4969	0.4944	0.4847	0.3976	0.5035	0.5067	0.5093	0.5124	0.6200	0.5017	0.4889	0.4872	0.6137	0.5116	0.5054	0.5047	0.5043	0.5067	0.4959
0.4985	0.4969	0.4944	0.4847	0.3976	0.5035	0.5067	0.5093	0.5124	0.6200	0.5017	0.4889	0.4872	0.6137	0.5116	0.5054	0.5047	0.5043	0.5067	0.4959
0.4985	0.4969	0.4944	0.4847	0.3976	0.5035	0.5067	0.5093	0.5124	0.6200	0.5017	0.4889	0.4872	0.6137	0.5116	0.5054	0.5047	0.5043	0.5067	0.4959
0.4985	0.4969	0.4944	0.5075	0.3976	0.5035	0.5067	0.5093	0.5124	0.6200	0.5017	0.4889	0.4872	0.6137	0.5116	0.5054	0.5047	0.5043	0.5067	0.4959
0.4985	0.4969	0.4944	0.5075	0.3976	0.5035	0.5067	0.5093	0.5124	0.6200	0.5017	0.4889	0.4872	0.6137	0.5116	0.5054	0.5047	0.5043	0.5067	0.4959
0.4985	0.4969	0.4944	0.5075	0.3976	0.5035	0.5067	0.5093	0.5124	0.6200	0.5017	0.4889	0.3987	0.6126	0.5116	0.5054	0.5047	0.5043	0.5067	0.4959
0.4985	0.4969	0.4944	0.5075	0.3976	0.5035	0.5067	0.5093	0.5124	0.6200	0.5017	0.4889	0.3987	0.5085	0.5116	0.5054	0.5047	0.5043	0.5067	0.4959
0.4985	0.4969	0.4944	0.5075	0.3976	0.5035	0.5067	0.5093	0.5124	0.6200	0.5017	0.4839	0.3987	0.5001	0.5116	0.5054	0.5047	0.5043	0.5067	0.4959
0.4985	0.4969	0.4944	0.5075	0.3976	0.5035	0.5067	0.5093	0.5124	0.6200	0.5017	0.4839	0.3987	0.5001	0.5116	0.5054	0.5047	0.5043	0.5067	0.4959
0.4985	0.4969	0.4944	0.5075	0.3976	0.5015	0.5067	0.5093	0.5124	0.6200	0.5017	0.4839	0.3823	0.5001	0.5116	0.5054	0.5047	0.5043	0.5067	0.4959
0.4985	0.4969	0.4944	0.5075	0.3976	0.5015	0.5067	0.5093	0.5124	0.6200	0.5017	0.4839	0.3823	0.5001	0.5116	0.5054	0.5047	0.5043	0.5067	0.4959
0.4985	0.4969	0.4944	0.5075	0.3976	0.5015	0.5067	0.5093	0.6149	0.5099	0.5017	0.4839	0.3823	0.5026	0.5116	0.5054	0.5047	0.5043	0.5067	0.4959
0.4985	0.4969	0.4944	0.5075	0.3976	0.5015	0.5067	0.5093	0.6149	0.5099	0.5017	0.4839	0.3823	0.5026	0.5116	0.5054	0.5047	0.5043	0.5067	0.4959
0.4985	0.4969	0.4944	0.6141	0.3976	0.5015	0.5067	0.5093	0.6149	0.5099	0.5017	0.6212	0.3823	0.5026	0.5116	0.5054	0.5047	0.5043	0.5067	0.4959
0.4985	0.4969	0.4944	0.6141	0.3976	0.5015	0.5067	0.5093	0.6149	0.5099	0.5017	0.6212	0.3823	0.5026	0.5116	0.5054	0.5047	0.5043	0.5067	0.4959
0.4985	0.4969	0.4944	0.6141	0.3976	0.5015	0.5067	0.5093	0.6149	0.5099	0.5017	0.5059	0.3823	0.5026	0.5116	0.5054	0.5047	0.5043	0.5067	0.4959
0.4985	0.4969	0.4944	0.6141	0.3976	0.5015	0.5067	0.5093	0.6149	0.5099	0.5017	0.5059	0.3823	0.5026	0.5116	0.5054	0.5047	0.5043	0.5067	0.4959
0.4985	0.4969	0.4944	0.6141	0.3976	0.5015	0.5067	0.5093	0.6149	0.5099	0.5017	0.5059	0.3823	0.5026	0.5116	0.5054	0.5047	0.5043	0.5067	0.4959
0.4985	0.4969	0.4944	0.6141	0.3976	0.5015	0.5067	0.5093	0.6149	0.5099	0.5017	0.5059	0.3823	0.5026	0.5116	0.5054	0.5047	0.5043	0.5067	0.4959
0.4985	0.4969	0.4944	0.6141	0.3976	0.5015	0.5067	0.5093	0.6149	0.5099	0.5017	0.5059	0.3823	0.5026	0.5116	0.5054	0.5047	0.5043	0.5067	0.4959
0.4985	0.4969	0.4944	0.6141	0.3976	0.5015	0.5067	0.5093	0.6149	0.5099	0.5017	0.5059	0.3823	0.5026	0.5116	0.5054	0.5047	0.5043	0.5067	0.4959
0.4985	0.4969	0.6133	0.6141	0.3976	0.5015	0.5067	0.5093	0.6149	0.5099	0.5017	0.5059	0.3823	0.5026	0.5116	0.5054	0.5047	0.5043	0.5067	0.4959
0.4985	0.4969	0.6133	0.6141	0.3976	0.5015	0.5067	0.5093	0.6149	0.5099	0.5017	0.5059	0.3823	0.5026	0.5116	0.5054	0.5047	0.5043	0.5067	0.4959
0.4985	0.4969	0.6133	0.6141	0.3976	0.5015	0.5067	0.5093	0.6149	0.5099	0.5017	0.5059	0.3823	0.5026	0.5116	0.5054	0.5047	0.5043	0.5067	0.4959
0.4985	0.4969	0.6133	0.6141	0.3976	0.5015	0.5067	0.5093	0.6149	0.5099	0.5017	0.5059	0.3823	0.5026	0.5116	0.5054	0.5047	0.5043	0.5067	0.4959
0.4985	0.4969	0.6133	0.6141	0.3976	0.5015	0.5067	0.5093	0.6149	0.5099	0.5017	0.5059	0.3823	0.5026	0.5116	0.5054	0.5047	0.5043	0.5067	0.4959
0.4985	0.4969	0.6133	0.6141	0.3976	0.5015	0.5067	0.5093	0.6149	0.5099	0.5017	0.5059	0.3823	0.5026	0.5116	0.5054	0.5027	0.5043	0.5067	0.4959
