0.9174	0.8684	0.8390	0.3121	0.2949	0.1232	0.0680	0.8763	0.1893	0.4927	0.5673	0.2569	0.1532	0.4648	0.2248	0.4623	0.1815	0.4344	0.2301	0.8342
0.7124	0.2356	0.7078	0.3817	0.2937	0.3957	1.0000	0.0000	0.1870	0.0000	1.0000	0.7989	0.5332	0.5088	0.0000	0.7643	0.7976	0.0000	0.4229	0.1526
1.0000	0.7709	0.2212	0.6920	0.9072	0.3957	1.0000	0.2224	0.6793	0.3964	0.4120	0.9256	0.1731	0.4040	0.4127	0.0000	0.4866	0.5146	0.0354	1.0000
0.6930	1.0000	0.2971	0.3248	0.6984	0.5215	1.0000	0.2931	0.4168	0.3964	0.4036	1.0000	0.1260	0.8590	0.0000	0.6050	0.4937	0.0000	0.6447	0.1173
0.0000	0.5815	0.3339	1.0000	0.8307	0.6870	0.7063	0.5296	0.6076	0.3964	0.0000	0.4118	1.0000	1.0000	0.7620	0.5923	0.7028	0.1076	0.3030	0.5423
0.4613	0.0000	0.4983	0.5155	0.5237	0.6721	0.4406	0.5640	0.6076	0.6752	0.4782	0.6778	0.2131	0.9748	0.0000	0.5923	0.3203	1.0000	0.3351	0.4296
1.0000	0.4928	0.7970	0.5950	0.7787	0.0999	0.4188	0.2094	0.6076	0.7214	0.3805	0.6026	0.4737	0.2216	0.6633	0.5923	0.6991	1.0000	0.4227	0.3984
1.0000	0.9679	1.0000	0.4893	0.4137	0.4959	0.4188	0.0000	0.6076	0.4052	1.0000	0.2364	0.6081	0.3133	0.6633	0.4182	0.6991	0.0000	0.5952	0.5038
0.3062	0.4938	0.5209	0.4893	0.4137	0.6929	0.4188	0.6741	0.6076	0.4052	0.5006	0.2059	0.3147	0.9763	0.4848	0.4182	0.6991	0.6735	0.4063	0.5741
0.5154	0.4938	0.6668	0.4893	0.6710	1.0000	0.4188	0.5162	0.3099	0.5847	0.5006	0.4776	0.5854	0.3292	0.4119	0.4182	0.6869	0.9535	0.4063	0.5888
0.5154	0.1966	0.4135	0.4893	0.1550	0.5101	0.3121	0.9641	0.3099	0.4258	0.5006	0.5126	0.5854	0.8928	0.5956	0.4182	0.4032	0.5932	0.4796	0.5888
0.5154	1.0000	0.4135	0.7045	0.0000	0.5101	0.9171	0.4205	0.3099	0.4258	0.5006	0.4942	0.5854	0.2308	0.5956	0.4182	0.4178	0.5932	0.4796	0.4980
0.3084	0.3084	0.6625	0.4098	0.4025	0.3365	0.6891	0.4205	0.4075	0.3939	0.0000	0.4942	0.5854	0.4938	0.5956	0.4182	0.4178	0.5932	0.4157	0.6063
0.3084	0.4295	0.3272	0.8534	0.4025	0.6953	0.4287	0.4007	0.3985	0.3939	0.5804	0.4942	0.5072	0.4004	0.5956	0.4182	0.4178	0.4939	0.4157	0.3901
0.3084	0.1046	0.3272	0.6990	0.4025	0.4954	0.5972	0.4007	0.3985	0.8122	0.6129	0.4942	0.5072	0.4451	0.5956	0.4182	0.4178	0.5018	0.3979	0.6686
0.4053	0.5113	0.5724	1.0000	0.4102	1.0000	0.5972	0.6602	0.3985	0.1381	1.0000	0.4942	0.5072	0.2801	0.5956	0.4182	0.4178	0.5018	0.7150	0.5004
0.4053	0.5660	0.5724	0.2215	0.4940	0.9875	0.5880	0.5926	0.3985	0.3732	0.4809	0.4942	0.5072	0.7406	0.5956	0.4182	0.4178	0.5018	0.6973	0.5004
0.4053	0.8234	0.6742	0.5486	0.4940	0.5239	0.5880	0.5926	0.3985	0.9614	0.3008	0.4942	0.5072	0.4884	0.4949	0.4182	0.4178	0.5018	0.0873	0.5004
0.4053	0.4083	0.4888	0.4725	0.4940	0.6984	0.5880	0.3383	0.5055	0.3507	0.5056	0.4942	0.5072	0.5818	0.4949	0.4182	0.4178	0.4104	0.8831	0.5004
0.4053	0.1929	0.4994	0.5975	0.4940	1.0000	0.5880	0.4970	0.5055	0.5951	0.5879	0.4942	0.5072	1.0000	0.4949	0.4182	0.4178	0.4104	0.3095	0.5004
0.4053	0.7920	0.7627	0.4207	0.4940	0.0113	0.5880	0.4970	0.5055	0.3206	0.4155	0.4942	0.4080	0.6009	0.4949	0.4182	0.4178	0.4104	0.8851	0.5004
0.4053	0.7770	0.0000	0.4207	0.4940	0.1391	0.5880	0.4970	0.3140	0.3206	0.4155	0.4942	0.4080	0.6009	0.4949	0.4182	0.4178	0.4104	0.6695	0.4048
0.4053	0.3364	0.8092	0.6685	0.4940	0.0000	0.5880	0.4970	0.5826	0.3206	0.4204	0.4942	0.4968	0.0000	0.4949	0.4182	0.4178	0.4104	0.6695	0.4048
0.4053	0.6890	0.3281	0.4125	0.4940	0.7631	0.5880	0.4970	0.6782	0.6058	0.4204	0.3192	0.4968	0.3172	0.4949	0.4182	0.4178	0.4104	0.4155	0.4048
0.4053	0.5251	0.6824	0.4125	0.4940	1.0000	0.5880	0.4970	0.6782	0.6058	0.4204	0.3192	0.5051	0.5863	0.4949	0.4182	0.4178	0.4104	0.3258	0.4048
0.4053	0.9607	0.3359	0.4125	0.4940	0.7039	0.5880	0.4970	0.6782	0.6058	0.4204	0.5936	0.5126	0.5863	0.4949	0.4182	0.4178	0.4104	0.4888	0.5032
0.4053	0.7617	0.5099	0.4125	0.4940	0.4231	0.5880	0.4970	0.6782	0.6058	0.4204	0.4094	0.3941	0.5863	0.4949	0.4182	0.4178	0.4104	0.4888	0.5032
0.4053	0.0000	0.5099	0.4125	0.4940	0.6003	0.5880	0.4970	0.5918	0.6058	0.4034	0.4094	0.4934	0.3637	0.4949	0.4182	0.4178	0.4104	0.4888	0.5180
0.4053	0.5209	0.5018	0.4125	0.4940	0.3949	0.5880	0.4970	0.5918	0.6058	0.4034	0.4833	0.4934	0.3931	0.4949	0.4182	0.4178	0.4104	0.4888	0.5180
0.4053	0.2119	0.5793	0.3234	0.4940	0.5800	0.5880	0.6009	0.5918	0.4965	0.5791	0.3125	0.4934	0.3931	0.4949	0.4182	0.4178	0.4104	0.4888	0.4125
0.4053	0.5653	0.5793	0.5830	0.4940	0.5800	0.5880	0.6009	0.5918	0.4965	0.5791	0.3125	0.4934	0.3931	0.4949	0.4182	0.4178	0.4104	0.4888	0.4125
0.4053	0.5653	0.5102	0.5830	0.4940	0.5800	0.5880	0.6009	0.5918	0.4965	0.5791	0.3125	0.4934	0.5894	0.4949	0.4182	0.5883	0.4104	0.4888	0.4125
0.4053	0.3170	0.5102	0.5896	0.4940	0.5800	0.5880	0.6009	0.5918	0.4964	0.3009	0.3218	0.4934	0.5894	0.4949	0.4182	0.5883	0.4104	0.4888	0.4125
0.4053	0.6170	0.5102	0.5896	0.4940	0.5800	0.5880	0.5913	0.5918	0.4169	0.3212	0.5948	0.4166	0.5894	0.4949	0.4182	0.5883	0.5902	0.4888	0.4125
0.4053	0.6796	0.4945	0.5896	0.4940	0.4883	0.5880	0.3998	0.5918	0.4169	0.5862	0.3186	0.4166	0.5894	0.4949	0.4182	0.5883	0.5902	0.5837	0.4125
0.4053	0.6796	0.4945	0.5896	0.4940	0.4883	0.5981	0.3998	0.5918	0.4169	0.5862	0.3186	0.4166	0.5066	0.4949	0.4090	0.5883	0.5902	0.5837	0.4125
0.4053	0.6796	0.4945	0.4098	0.4940	0.4883	0.5981	0.5088	0.5918	0.4169	0.6804	0.5783	0.4166	0.5066	0.4949	0.4090	0.5883	0.5902	0.5837	0.4125
0.4053	0.6796	0.4945	0.4059	0.4940	0.4883	0.5981	0.5088	0.5918	0.4049	0.6002	0.5783	0.4166	0.5066	0.4949	0.4090	0.5954	0.5902	0.5837	0.4125
0.4053	0.6796	0.4945	0.4924	0.4940	0.4883	0.4135	0.5088	0.5918	0.4049	0.5036	0.5199	0.4166	0.5066	0.4949	0.4090	0.5954	0.5902	0.5837	0.4125
0.4053	0.6796	0.4945	0.4924	0.4940	0.4883	0.4135	0.5088	0.5918	0.4049	0.5036	0.5199	0.4166	0.5066	0.4949	0.4090	0.5954	0.5902	0.5837	0.4125
0.4053	0.6796	0.4945	0.4924	0.4940	0.4866	0.4135	0.5966	0.5918	0.4049	0.5036	0.4992	0.4166	0.5066	0.4949	0.4090	0.5954	0.5902	0.5837	0.4125
0.4053	0.5071	0.4945	0.4924	0.4940	0.4866	0.4135	0.5966	0.5918	0.4049	0.5036	0.4992	0.4166	0.5066	0.5004	0.4090	0.5047	0.5902	0.5837	0.4125
0.4053	0.5071	0.4945	0.4924	0.4940	0.4866	0.4135	0.5966	0.5918	0.4049	0.5036	0.4992	0.4166	0.5066	0.5004	0.4090	0.5047	0.5902	0.5837	0.4125
0.4053	0.5071	0.4945	0.4924	0.4940	0.4866	0.4135	0.5966	0.5918	0.4049	0.5036	0.4992	0.4166	0.5066	0.5004	0.4090	0.5047	0.5902	0.5837	0.4057
0.4053	0.5071	0.4945	0.4924	0.4940	0.4866	0.4135	0.5966	0.5918	0.4049	0.5036	0.4992	0.4166	0.5066	0.5004	0.4090	0.5047	0.5902	0.5837	0.4057
0.4053	0.5071	0.4945	0.4924	0.4940	0.4866	0.4135	0.5966	0.5918	0.4049	0.5036	0.4992	0.4166	0.5066	0.5004	0.4090	0.5047	0.5902	0.5837	0.4057
0.4053	0.5071	0.4945	0.4924	0.5027	0.4866	0.5958	0.5764	0.5918	0.5886	0.5036	0.4992	0.4166	0.5066	0.4966	0.4090	0.5047	0.5902	0.5837	0.4057
0.4053	0.5071	0.4945	0.4924	0.5027	0.4866	0.5958	0.5764	0.5918	0.5886	0.5036	0.4992	0.4166	0.5066	0.4966	0.4090	0.5047	0.5902	0.5837	0.4057
0.4053	0.5071	0.4945	0.4924	0.5027	0.4866	0.5958	0.3191	0.5918	0.5886	0.5036	0.4992	0.4166	0.5066	0.4966	0.4090	0.5047	0.5902	0.5837	0.4057
0.4053	0.5788	0.4945	0.4924	0.5027	0.4037	0.5958	0.3191	0.5918	0.5886	0.5036	0.4992	0.4166	0.5066	0.4966	0.5954	0.5047	0.5902	0.5837	0.4057
0.4053	0.5788	0.4945	0.4924	0.5027	0.4037	0.5958	0.3191	0.5918	0.5886	0.5036	0.4992	0.4166	0.5066	0.4966	0.5954	0.5047	0.5902	0.5837	0.4057
0.4053	0.4086	0.4945	0.4924	0.5027	0.4037	0.5958	0.3191	0.5918	0.5886	0.5036	0.4992	0.4166	0.5066	0.4966	0.5954	0.5047	0.5902	0.5837	0.4057
0.4053	0.4086	0.4945	0.4924	0.5027	0.4037	0.5958	0.3191	0.5918	0.5886	0.5036	0.4992	0.4166	0.5066	0.4966	0.5954	0.5047	0.5902	0.5837	0.4057
0.4053	0.4086	0.4945	0.5079	0.5027	0.4037	0.5958	0.3191	0.5918	0.5886	0.5036	0.4992	0.4166	0.4906	0.4966	0.5954	0.5047	0.5902	0.5837	0.5073
0.4053	0.4086	0.4945	0.5079	0.5027	0.4037	0.5958	0.3191	0.5918	0.5886	0.5036	0.4992	0.4166	0.4906	0.4966	0.5954	0.5047	0.5902	0.5837	0.5073
0.4053	0.4086	0.4945	0.5079	0.5027	0.4037	0.5958	0.3191	0.5918	0.5886	0.5036	0.4992	0.4166	0.4906	0.4966	0.5954	0.5047	0.5902	0.5837	0.5073
0.4053	0.4086	0.4945	0.5079	0.5027	0.4064	0.5958	0.3191	0.4056	0.5886	0.5036	0.4992	0.4166	0.4906	0.4966	0.5954	0.4966	0.5902	0.5837	0.5073
0.4053	0.5889	0.4945	0.5079	0.5027	0.4064	0.5958	0.3191	0.4056	0.4062	0.5036	0.4992	0.4166	0.4906	0.4966	0.5954	0.4966	0.5902	0.5837	0.5073
0.4053	0.5889	0.4945	0.5079	0.5027	0.5955	0.5958	0.3191	0.4056	0.4062	0.5036	0.4992	0.4166	0.4906	0.4966	0.5954	0.4966	0.5902	0.5837	0.5073
0.4053	0.5889	0.4945	0.5079	0.5027	0.5955	0.5958	0.4110	0.4056	0.4062	0.5036	0.4992	0.4166	0.4906	0.4966	0.5954	0.4966	0.5902	0.5837	0.5073
0.4053	0.5889	0.4945	0.5079	0.5027	0.5955	0.5958	0.4110	0.4056	0.4062	0.5036	0.4992	0.4166	0.4906	0.4966	0.5954	0.4966	0.5902	0.5837	0.5073
0.4053	0.5889	0.4945	0.5079	0.5027	0.5955	0.4038	0.4110	0.4056	0.4062	0.5036	0.4992	0.4166	0.4906	0.4966	0.5954	0.4966	0.5902	0.5837	0.5073
0.4053	0.5889	0.4945	0.5079	0.5027	0.5955	0.4038	0.4110	0.4056	0.4062	0.5036	0.4992	0.4166	0.4906	0.4966	0.5954	0.4966	0.5902	0.5837	0.5073
0.4053	0.5889	0.4945	0.5079	0.5027	0.5955	0.4038	0.4110	0.4056	0.4086	0.5036	0.4992	0.4166	0.4906	0.4966	0.5954	0.4966	0.5902	0.5837	0.5073
0.4053	0.5889	0.4945	0.5079	0.5027	0.5955	0.4038	0.4110	0.4056	0.4086	0.5036	0.4992	0.4166	0.4906	0.4966	0.5954	0.4966	0.5902	0.5837	0.5073
0.4053	0.4113	0.4945	0.5079	0.5027	0.5955	0.4038	0.4110	0.4056	0.4086	0.5036	0.4992	0.4166	0.4906	0.4966	0.5954	0.4966	0.5902	0.5837	0.5073
0.4053	0.4113	0.4945	0.5079	0.5027	0.5955	0.4038	0.4110	0.4056	0.4086	0.5036	0.4992	0.4166	0.4906	0.4966	0.5954	0.4966	0.5902	0.5837	0.5073
0.4053	0.4113	0.4945	0.5079	0.5027	0.5955	0.4038	0.4110	0.4056	0.4086	0.5036	0.4992	0.4166	0.4906	0.4966	0.5954	0.4966	0.5902	0.5837	0.5073
0.4053	0.4113	0.4945	0.5079	0.5027	0.4918	0.4038	0.4110	0.4056	0.4086	0.5036	0.4992	0.4166	0.4906	0.4966	0.5954	0.4966	0.5902	0.5837	0.5073
0.4053	0.4113	0.4945	0.5079	0.5027	0.4918	0.4038	0.4110	0.4056	0.4086	0.5036	0.4992	0.4166	0.4906	0.4966	0.5954	0.4966	0.5902	0.5837	0.5073
0.4053	0.4113	0.4945	0.5079	0.5027	0.4918	0.4038	0.5889	0.4056	0.4086	0.5036	0.4992	0.4166	0.4906	0.4966	0.5954	0.4966	0.5902	0.5837	0.5073
0.4053	0.4113	0.4945	0.5079	0.5027	0.4918	0.4038	0.5889	0.4056	0.4086	0.5036	0.4992	0.4166	0.4906	0.4966	0.5954	0.4966	0.5902	0.5837	0.5073
0.4053	0.4113	0.4945	0.5079	0.5027	0.4918	0.4038	0.5889	0.4056	0.4086	0.5036	0.4992	0.4166	0.4906	0.4966	0.5954	0.4966	0.5902	0.5837	0.5073
0.4053	0.4113	0.4945	0.5079	0.5027	0.4918	0.4038	0.5889	0.4056	0.4086	0.5036	0.4992	0.4166	0.4906	0.4966	0.5954	0.4966	0.5902	0.5837	0.5073
0.4053	0.4113	0.4945	0.5079	0.5027	0.4918	0.4038	0.5889	0.4056	0.4086	0.5036	0.4992	0.4166	0.4906	0.4966	0.5954	0.4966	0.5902	0.5837	0.5073
0.4053	0.4113	0.4945	0.5079	0.5027	0.4918	0.4038	0.5889	0.4056	0.4086	0.5036	0.4992	0.4166	0.4906	0.4966	0.5954	0.4966	0.5902	0.5837	0.5059
0.4053	0.4113	0.4945	0.5079	0.5027	0.4918	0.4038	0.5889	0.4056	0.4086	0.5036	0.4992	0.4166	0.4906	0.4966	0.5954	0.4966	0.5902	0.5837	0.5059
0.4053	0.4113	0.4945	0.5079	0.5027	0.4918	0.4038	0.5889	0.4056	0.4086	0.5036	0.4992	0.4166	0.4906	0.4966	0.5954	0.4966	0.5902	0.5837	0.5059
0.4053	0.4113	0.4945	0.5079	0.5027	0.4918	0.4038	0.5889	0.4056	0.4086	0.5036	0.4992	0.4166	0.4906	0.4966	0.5954	0.4966	0.5902	0.5837	0.5059
0.4053	0.4113	0.4945	0.5079	0.5027	0.4918	0.4038	0.5889	0.4056	0.4086	0.5036	0.4992	0.4166	0.4906	0.4966	0.5954	0.4966	0.5902	0.5837	0.5057
0.4053	0.4113	0.4945	0.5079	0.5027	0.4918	0.4038	0.5889	0.4056	0.4086	0.5036	0.4992	0.4166	0.4906	0.4966	0.5954	0.4966	0.5902	0.5837	0.5057
0.4053	0.4113	0.4945	0.5079	0.5027	0.4918	0.4038	0.5889	0.4056	0.4086	0.5036	0.4992	0.4166	0.4906	0.4966	0.5954	0.4966	0.5902	0.5837	0.5057
0.4053	0.4113	0.4945	0.5079	0.5027	0.4918	0.4038	0.5889	0.4056	0.4086	0.5036	0.4992	0.4166	0.4906	0.4966	0.5954	0.4966	0.5902	0.5837	0.5057
0.4053	0.4113	0.4945	0.5079	0.5027	0.4918	0.4038	0.5889	0.4056	0.4086	0.5036	0.4992	0.4166	0.4906	0.4966	0.5954	0.4966	0.5902	0.5013	0.5057
0.4053	0.4113	0.4945	0.5079	0.5027	0.4918	0.4038	0.5889	0.4056	0.4086	0.5036	0.4992	0.4166	0.4906	0.4966	0.5954	0.4966	0.5902	0.5013	0.5057
0.4053	0.4113	0.4945	0.5079	0.5027	0.4918	0.4038	0.5889	0.4056	0.4942	0.5036	0.4992	0.4166	0.4906	0.4966	0.5954	0.4966	0.5902	0.5013	0.5057
0.4053	0.4113	0.4945	0.5079	0.5027	0.4918	0.4038	0.5889	0.4056	0.4942	0.5009	0.4992	0.4166	0.4906	0.4966	0.5954	0.4966	0.5902	0.5013	0.5057
0.4053	0.4172	0.4945	0.5079	0.5027	0.4918	0.4038	0.5889	0.4056	0.4942	0.5009	0.4992	0.4166	0.4071	0.4966	0.5954	0.4966	0.5902	0.5013	0.5057
0.4053	0.4172	0.4945	0.5079	0.5027	0.4918	0.4038	0.5889	0.4056	0.4942	0.5009	0.4992	0.4166	0.4071	0.4966	0.4058	0.4966	0.5038	0.5013	0.5057
0.4053	0.4172	0.4945	0.5079	0.5027	0.4918	0.4038	0.5889	0.4056	0.4942	0.5009	0.4992	0.4166	0.4071	0.4966	0.4058	0.4966	0.5038	0.5013	0.5057
0.4053	0.4172	0.4945	0.5079	0.5027	0.4918	0.4038	0.5889	0.4056	0.4942	0.5009	0.4992	0.4166	0.4071	0.4966	0.4058	0.4966	0.5038	0.5013	0.5057
0.4053	0.4172	0.4945	0.5079	0.5027	0.4918	0.4038	0.5889	0.4056	0.4942	0.5009	0.4992	0.4995	0.4071	0.4966	0.4058	0.4966	0.5038	0.5013	0.5057
0.4053	0.4172	0.4945	0.5079	0.5027	0.4918	0.4038	0.5889	0.4056	0.4942	0.5009	0.4992	0.4995	0.4071	0.4966	0.4058	0.4966	0.5038	0.5013	0.5057
0.4053	0.4172	0.4945	0.5079	0.5027	0.4918	0.4038	0.5889	0.4056	0.4942	0.5009	0.4992	0.4995	0.4071	0.4966	0.4058	0.4966	0.5038	0.5013	0.5057
0.4053	0.4172	0.4945	0.5079	0.5027	0.4918	0.4038	0.5889	0.4056	0.4942	0.5009	0.4992	0.4995	0.4071	0.4966	0.4058	0.4966	0.5038	0.5013	0.5057
0.4053	0.4172	0.4945	0.4985	0.5027	0.4918	0.4038	0.4884	0.4056	0.4942	0.5009	0.4992	0.4995	0.4071	0.4966	0.4058	0.4966	0.5038	0.5013	0.5057
0.4053	0.4172	0.4945	0.4985	0.5027	0.4918	0.4038	0.6001	0.4056	0.4942	0.5009	0.4992	0.4995	0.4071	0.4966	0.4058	0.4966	0.5038	0.5013	0.5057
0.4053	0.4172	0.4945	0.4985	0.5027	0.4918	0.4038	0.6001	0.4056	0.4942	0.5009	0.4992	0.4995	0.4071	0.4966	0.4058	0.4966	0.5038	0.5013	0.5057
0.4053	0.4172	0.4945	0.4985	0.5027	0.4918	0.4038	0.6001	0.4056	0.4942	0.5009	0.4992	0.4995	0.4071	0.4966	0.4058	0.4966	0.5038	0.5013	0.5057
0.4053	0.4172	0.4945	0.4985	0.5027	0.4918	0.4038	0.6001	0.4056	0.4942	0.5009	0.4992	0.4995	0.4071	0.4966	0.4058	0.4966	0.5038	0.5013	0.5057
0.4053	0.4172	0.4945	0.4985	0.5027	0.4918	0.4038	0.6001	0.4056	0.4942	0.5009	0.4992	0.4995	0.4071	0.4966	0.4058	0.4966	0.5038	0.5013	0.5057
