0.2087	0.5093	0.6139	0.9271	0.5660	0.9324	0.9694	0.6798	0.3944	0.8448	0.4893	0.1620	0.8924	0.0167	0.3669	0.0551	0.1002	0.5627	0.0652	0.5390
0.3429	0.4742	0.3682	0.1803	0.3763	0.2742	0.5878	0.5396	0.0000	0.9209	0.3908	0.3933	0.2134	0.8212	0.6367	0.7930	0.3269	0.4193	0.1466	0.0000
0.0000	0.6312	0.4018	1.0000	0.7174	0.6986	0.5076	0.4921	0.7306	0.0000	0.5193	0.0000	0.4314	1.0000	1.0000	0.7374	0.3609	0.4917	0.2063	0.3028
0.5175	0.4079	0.7459	0.0000	1.0000	0.0000	0.0000	0.7276	0.8331	1.0000	1.0000	0.3624	1.0000	0.8330	0.6071	0.3877	0.5078	0.5162	0.5991	0.5152
0.8013	0.6194	0.4819	0.5603	0.3785	0.5027	0.4668	0.0770	0.7117	0.2923	1.0000	0.4665	0.3735	0.5931	0.6443	0.3902	0.5811	0.5162	0.5991	0.0000
0.5109	0.2586	0.3418	1.0000	1.0000	0.6330	0.6288	0.0000	0.6927	0.3833	0.5040	0.4501	0.3958	0.4347	0.2480	0.3491	0.7324	0.4933	0.5991	0.1967
0.9121	0.6326	0.2509	1.0000	0.4737	0.6263	0.7914	0.5677	0.2156	0.4945	1.0000	0.4861	0.0000	0.1681	0.5836	0.5909	0.2962	0.1983	0.5991	0.5297
0.7826	0.4059	0.7082	0.7209	1.0000	0.2977	0.7209	0.5156	0.9402	0.4945	0.4342	0.3697	0.0000	0.3535	0.0000	0.5811	0.9399	0.5029	0.5991	0.4910
0.2691	1.0000	0.5092	0.0000	0.5501	0.7181	0.4799	0.8112	1.0000	0.4945	0.3378	0.7720	0.8024	0.2729	0.7153	0.3961	0.9547	0.7185	0.5010	0.4897
0.5726	0.2522	0.0000	0.4052	0.4948	1.0000	1.0000	0.2052	0.6599	0.4945	0.8357	0.6199	0.0000	0.5077	0.4777	0.4971	0.3835	0.7875	0.5010	0.4897
0.2429	0.5906	1.0000	0.8569	0.3736	0.3928	0.5090	0.0000	0.2485	0.4945	1.0000	0.7289	0.5023	1.0000	0.4777	0.3009	0.4958	0.4675	0.5010	0.4897
0.2673	0.3717	0.6290	0.5201	0.3736	1.0000	0.8420	0.6312	0.3750	0.4945	0.3889	0.9321	0.3174	0.2737	0.0000	1.0000	0.4958	0.2322	0.5010	0.4897
0.9034	0.3717	0.0000	0.6161	0.3736	0.9131	0.0000	0.4959	1.0000	0.4945	0.1767	0.6143	0.7394	0.3733	0.2583	0.0000	0.8204	0.1095	0.5010	0.4897
0.6254	0.4445	0.4835	0.3500	0.3736	0.8056	0.6263	0.6655	0.4008	0.4945	1.0000	0.7107	0.4955	0.3243	0.1636	0.4846	0.3171	0.7460	0.5010	0.6163
0.4978	0.6459	0.6122	0.2560	0.3736	0.7542	0.3626	0.4186	0.4634	0.4945	1.0000	0.4984	0.9363	0.2678	0.0939	0.4846	0.6987	0.5734	0.5010	0.6163
0.4978	0.2968	0.6122	0.5614	0.3873	0.4924	0.3626	0.5934	0.4065	0.4945	0.7310	0.6300	0.2596	0.6158	0.4113	0.4846	0.3917	0.2839	0.5116	0.6163
0.4978	0.4103	0.6045	0.4835	0.3873	0.4924	0.3626	0.0000	0.4970	0.4945	0.7477	0.3071	0.7805	0.5964	0.6019	0.4846	0.4112	0.6351	0.4941	0.6163
0.2837	0.6005	0.7743	0.7406	0.3873	0.5078	0.3626	1.0000	0.4970	0.4945	0.2604	0.4887	0.1732	0.5964	0.6019	0.5014	1.0000	0.5290	0.4941	0.6163
0.1276	0.6005	0.4952	0.5109	0.3873	0.5078	0.8329	0.3762	0.4970	0.4945	0.0118	0.4887	0.5965	0.5964	0.6019	0.5014	0.8017	0.9605	0.4991	0.6163
0.0000	0.6005	0.6886	0.4852	0.3873	0.5078	0.9991	0.2898	0.4970	0.4945	0.3939	0.4887	0.5965	0.5964	0.6019	0.5014	0.4967	0.1482	0.5035	0.6163
0.2740	0.6005	0.1176	0.4852	0.3873	0.5078	0.5265	0.9286	0.4970	0.4945	0.3939	0.4887	0.5965	0.4860	0.6019	0.5014	0.5130	0.2971	0.5035	0.4969
0.2608	0.6005	1.0000	0.4852	0.3873	0.5078	0.2693	0.3203	0.4970	0.4945	0.3939	0.4887	0.3717	0.4860	0.6055	0.5151	0.3808	0.6308	0.5035	0.4969
0.5153	0.6005	1.0000	0.6535	0.3873	0.3707	0.7017	0.2519	0.4970	0.4945	0.6018	0.4887	0.3717	0.4860	0.6055	0.5151	0.3791	0.7137	0.5035	0.4969
0.7306	0.6005	0.0000	1.0000	0.3873	0.4917	0.4910	0.6469	0.4970	0.4945	0.6018	0.4887	0.4963	0.4860	0.4008	0.5151	0.2913	0.7137	0.5035	0.5099
0.4881	0.6005	0.5303	0.8160	0.3873	0.4917	0.4910	0.5821	0.4970	0.4945	0.4968	0.4887	0.4963	0.4860	0.2760	0.5074	1.0000	0.7137	0.5035	0.5099
0.4014	0.6005	0.5853	0.6007	0.3873	0.4917	0.4910	0.5977	0.4970	0.4945	0.6288	0.4066	0.3852	0.4860	0.2760	0.4932	0.4919	0.2809	0.5035	0.5099
0.4014	0.6005	0.3913	0.1601	0.3873	0.4844	0.4910	1.0000	0.4970	0.4945	0.6288	0.0000	0.3852	0.4860	0.2852	0.5125	0.4919	0.3985	0.5035	0.5099
0.4014	0.3752	0.3913	0.6200	0.4876	0.4844	0.4910	0.3003	0.4970	0.4945	0.4825	0.6143	0.3803	0.4860	0.7097	0.3708	0.9544	0.3985	0.5035	0.5099
0.4014	0.3752	0.3913	0.0000	0.4876	0.4844	0.4910	0.5022	0.4970	0.4945	1.0000	0.6143	0.3803	0.4860	0.7083	0.5839	1.0000	0.5974	0.5035	0.5099
0.4014	0.3752	0.3913	0.3108	0.6209	0.4844	0.3877	0.5022	0.4970	0.4945	0.0000	0.4471	0.3803	0.4860	0.7083	0.5839	0.5148	0.5974	0.5035	0.5099
0.4014	0.5080	0.4815	0.5817	0.3945	0.0000	0.3877	0.5022	0.4970	0.4945	0.6216	0.1755	0.3803	0.4860	0.6010	0.5839	0.5148	0.5974	0.5035	0.5099
0.5060	0.5080	0.4815	0.6253	0.3945	0.1690	0.3877	0.5022	0.4970	0.4945	0.6216	0.6074	0.3803	0.4860	0.2900	0.2759	0.3983	0.5974	0.5035	0.5099
0.5060	0.5080	0.6227	0.5057	0.3945	0.4828	0.3877	0.5022	0.4970	0.4945	0.5201	0.2330	0.3803	0.4860	0.9958	0.3868	0.3983	0.5974	0.5035	0.5099
0.5060	0.5080	0.6227	0.5057	0.3945	0.7348	0.3877	0.5022	0.4970	0.4945	0.3819	0.6386	0.3803	0.4860	0.7622	0.4868	0.3983	0.2877	0.5035	0.5099
0.5060	0.5080	0.6227	0.5057	0.3945	0.7114	0.3877	0.5022	0.4970	0.4945	0.3819	0.7069	0.6028	0.6100	0.7296	0.4828	0.5013	0.2877	0.5035	0.5099
0.5060	0.5080	0.6227	0.4928	0.7340	0.6184	0.3877	0.5022	0.4970	0.4945	0.6047	0.7069	0.4921	0.6100	0.7296	0.3852	0.5013	0.2877	0.5035	0.5099
0.5060	0.5080	0.6227	0.3796	0.4056	0.6184	0.3877	0.5022	0.4970	0.4945	0.6163	0.7069	0.4921	0.6100	0.5917	0.3852	0.5013	0.2877	0.5035	0.5099
0.5060	0.5080	0.2752	0.4942	0.4056	0.6184	0.3877	0.5022	0.4970	0.4945	0.6163	0.7257	0.4921	0.6100	0.5917	0.3852	0.5013	0.3880	0.5035	0.5099
0.5060	0.5080	0.2752	0.4942	0.6304	0.6169	0.3877	0.5022	0.4970	0.4945	0.6163	0.3850	0.4921	0.6100	0.5917	0.3852	0.5013	0.3880	0.5035	0.5099
0.5060	0.5080	0.2752	0.4942	0.6304	0.5899	0.3877	0.5022	0.4970	0.4945	0.6163	0.3850	0.4921	0.6100	0.5070	0.3852	0.5013	0.3880	0.5035	0.5099
0.5060	0.5080	0.2814	0.4942	0.6304	0.5899	0.3877	0.5022	0.4970	0.4945	0.6163	0.3850	0.5001	0.6100	0.6084	0.3852	0.3972	0.3880	0.5035	0.5099
0.5060	0.5080	0.1728	0.5041	0.6304	0.4088	0.3877	0.5022	0.4970	0.4945	0.6163	0.3850	0.5001	0.6100	0.3655	0.3852	0.5021	0.3880	0.5035	0.5099
0.5060	0.5080	0.6239	0.5041	0.6304	0.4088	0.3877	0.5022	0.4970	0.4945	0.6163	0.3850	0.5001	0.6100	0.6123	0.3852	0.5021	0.3880	0.5035	0.5099
0.5060	0.5080	0.3865	0.5041	0.6304	0.4088	0.3877	0.5022	0.4970	0.4945	0.6163	0.3850	0.5001	0.6100	0.6123	0.3852	0.5021	0.3880	0.5035	0.5099
0.5060	0.5080	0.3865	0.6126	0.5060	0.5142	0.4978	0.5022	0.4970	0.4945	0.5247	0.3850	0.5001	0.6100	0.6059	0.3852	0.5021	0.3880	0.5035	0.5099
0.5060	0.5080	0.3865	0.6126	0.5060	0.3927	0.4978	0.5022	0.4970	0.4945	0.6145	0.3850	0.5001	0.6100	0.5090	0.3852	0.4966	0.3880	0.5035	0.5099
0.5060	0.5080	0.3865	0.6126	0.3915	0.3927	0.4978	0.5022	0.4970	0.4945	0.6145	0.3850	0.5001	0.6100	0.5090	0.3852	0.4966	0.3880	0.5035	0.5099
0.5060	0.5080	0.3865	0.6126	0.3915	0.6123	0.4978	0.5022	0.4970	0.4945	0.6145	0.3850	0.5001	0.6100	0.5090	0.3852	0.4966	0.3880	0.5035	0.5099
0.5060	0.5080	0.3865	0.6126	0.3915	0.6123	0.4978	0.5022	0.4970	0.4945	0.5166	0.3850	0.5001	0.6100	0.5090	0.3852	0.4966	0.3880	0.5035	0.5099
0.5060	0.5080	0.3865	0.3924	0.3915	0.6123	0.4978	0.5022	0.4970	0.4945	0.5166	0.3850	0.5001	0.6100	0.5090	0.3852	0.4966	0.3880	0.5035	0.5099
0.5060	0.5080	0.3865	0.3924	0.3915	0.6123	0.4978	0.5022	0.4970	0.4945	0.5166	0.3850	0.4996	0.6100	0.5090	0.3852	0.4966	0.3880	0.5035	0.5099
0.4979	0.5080	0.4980	0.3924	0.3915	0.6123	0.4978	0.5022	0.4970	0.4945	0.5166	0.3850	0.4996	0.6100	0.5090	0.3852	0.4966	0.3880	0.5035	0.5099
0.4979	0.5080	0.4980	0.3924	0.3915	0.6123	0.4978	0.5022	0.4970	0.4945	0.5166	0.3850	0.4996	0.6100	0.5090	0.3852	0.4966	0.3880	0.5035	0.5099
0.4979	0.5080	0.4980	0.3924	0.3915	0.6123	0.4978	0.5022	0.4997	0.4945	0.5166	0.3850	0.4996	0.6100	0.5090	0.3852	0.4966	0.3880	0.5035	0.5099
0.4939	0.5080	0.4980	0.3924	0.3915	0.6123	0.4978	0.5022	0.4997	0.4945	0.5166	0.3850	0.4996	0.6100	0.5090	0.3852	0.4966	0.3880	0.5035	0.5099
0.4939	0.5080	0.4980	0.3924	0.3915	0.6123	0.4978	0.5022	0.4997	0.4945	0.5166	0.3850	0.4996	0.6100	0.5090	0.3852	0.4966	0.3880	0.5035	0.5099
0.4939	0.5080	0.4980	0.3924	0.3915	0.6123	0.4978	0.5022	0.4997	0.4945	0.5166	0.3850	0.4996	0.6100	0.5090	0.3852	0.4966	0.3880	0.5035	0.5099
0.4939	0.5080	0.4980	0.3924	0.3915	0.6123	0.4978	0.5022	0.4997	0.4945	0.5166	0.3850	0.4996	0.6100	0.5090	0.3852	0.4966	0.3880	0.5035	0.5099
0.4939	0.5080	0.4980	0.3924	0.3915	0.6123	0.4978	0.5022	0.4997	0.4945	0.5981	0.3850	0.4996	0.6100	0.5090	0.3852	0.4966	0.3880	0.5035	0.5099
0.4939	0.5080	0.4980	0.3924	0.6036	0.6123	0.4978	0.5022	0.4997	0.4945	0.4860	0.3850	0.4996	0.6100	0.5090	0.3852	0.6031	0.3880	0.5035	0.5099
0.4939	0.5080	0.4980	0.3924	0.6036	0.6123	0.4978	0.5022	0.4997	0.4945	0.4860	0.3850	0.4996	0.6100	0.5090	0.3852	0.6031	0.3880	0.5035	0.5099
0.4939	0.5080	0.4980	0.3924	0.6036	0.6123	0.4978	0.5022	0.4997	0.4945	0.4860	0.3850	0.4996	0.6100	0.5090	0.3852	0.6031	0.3880	0.4934	0.5099
0.4939	0.5080	0.4980	0.3924	0.6036	0.6123	0.4978	0.5022	0.4997	0.4979	0.4860	0.3850	0.4996	0.6100	0.5090	0.3852	0.6031	0.3880	0.4934	0.5099
0.4939	0.5080	0.4980	0.5083	0.6036	0.6123	0.4978	0.5022	0.4997	0.4979	0.4860	0.3850	0.4996	0.6100	0.5090	0.3852	0.6031	0.3880	0.4934	0.5099
0.4939	0.5080	0.4980	0.5083	0.6036	0.6123	0.4978	0.5022	0.4997	0.4979	0.4860	0.3850	0.4996	0.6100	0.5090	0.3852	0.6031	0.3880	0.4934	0.5099
0.4939	0.5080	0.4980	0.5083	0.6036	0.6123	0.4978	0.5022	0.4997	0.4979	0.4860	0.3850	0.4996	0.6100	0.5090	0.3852	0.6031	0.3880	0.4934	0.5099
0.4939	0.5080	0.4980	0.5083	0.6036	0.6123	0.4978	0.5022	0.4997	0.4979	0.4860	0.3850	0.4996	0.6100	0.5090	0.3852	0.6031	0.3880	0.4934	0.5099
0.4939	0.5080	0.4980	0.5083	0.6036	0.6123	0.4978	0.5022	0.4997	0.4979	0.4860	0.3850	0.4996	0.6100	0.4976	0.3852	0.6031	0.3880	0.4934	0.5099
0.4939	0.5080	0.4980	0.3971	0.6036	0.6123	0.4978	0.4994	0.4997	0.4979	0.4899	0.3850	0.4996	0.6100	0.4976	0.3852	0.6031	0.3880	0.4934	0.5024
0.4939	0.5080	0.4980	0.3971	0.6036	0.6123	0.4978	0.4994	0.4997	0.4979	0.4899	0.3850	0.4996	0.6100	0.4976	0.3852	0.6031	0.3880	0.4934	0.5024
0.4939	0.5080	0.4980	0.3971	0.6036	0.6123	0.4978	0.4994	0.4997	0.4979	0.4899	0.3850	0.4996	0.6100	0.4976	0.3852	0.6031	0.3880	0.4934	0.5024
0.4939	0.5080	0.4980	0.3971	0.6036	0.6123	0.4978	0.4994	0.4997	0.4979	0.4899	0.3850	0.4996	0.6100	0.4976	0.3852	0.5981	0.3880	0.4934	0.5024
0.4939	0.5080	0.4980	0.3971	0.5999	0.6123	0.4978	0.4994	0.4997	0.4979	0.4899	0.3850	0.4996	0.6100	0.4976	0.3852	0.5061	0.3880	0.4934	0.5024
0.4939	0.5080	0.4980	0.3971	0.5999	0.6123	0.4978	0.4994	0.4997	0.4979	0.4899	0.3850	0.4996	0.6100	0.4976	0.3852	0.5061	0.3880	0.4934	0.5024
0.4939	0.5080	0.4980	0.3971	0.5999	0.6123	0.4978	0.4994	0.4997	0.4979	0.4899	0.3850	0.4996	0.6100	0.4976	0.3852	0.5061	0.3895	0.4934	0.5024
0.4939	0.5080	0.4980	0.3971	0.5999	0.6123	0.4978	0.4994	0.4997	0.4979	0.4899	0.3850	0.4996	0.6100	0.4976	0.3852	0.5061	0.3895	0.4934	0.5024
0.4939	0.5080	0.4980	0.3971	0.5999	0.6123	0.4978	0.4994	0.4997	0.4979	0.4899	0.3850	0.4996	0.6100	0.4976	0.3852	0.3874	0.3895	0.4934	0.5024
0.4939	0.5080	0.4980	0.3971	0.5999	0.6123	0.4978	0.4994	0.4997	0.4979	0.4899	0.3850	0.4996	0.6100	0.4976	0.3852	0.3874	0.3895	0.4934	0.5024
0.4939	0.5080	0.4980	0.3971	0.5999	0.6123	0.4978	0.4994	0.4997	0.4979	0.4899	0.3850	0.4996	0.6100	0.4976	0.3852	0.3874	0.3895	0.4934	0.5024
0.4939	0.5080	0.4980	0.3971	0.5999	0.6123	0.4978	0.4994	0.4997	0.4979	0.4899	0.3850	0.4996	0.6100	0.4976	0.3883	0.3874	0.3895	0.4934	0.5024
0.4939	0.5080	0.4980	0.3971	0.5999	0.6123	0.4978	0.4994	0.4997	0.4979	0.4899	0.3850	0.4996	0.6100	0.4976	0.3883	0.3874	0.3895	0.4934	0.5024
0.4939	0.5080	0.4980	0.3971	0.5999	0.6123	0.4978	0.4994	0.4997	0.4979	0.5999	0.3850	0.4996	0.6100	0.4976	0.3883	0.3874	0.3895	0.4934	0.5024
0.4939	0.5080	0.4980	0.3971	0.5999	0.6123	0.4978	0.4994	0.4997	0.4979	0.5999	0.3850	0.4996	0.6100	0.4976	0.3883	0.3874	0.3895	0.4934	0.5024
0.4939	0.5080	0.4980	0.3971	0.5999	0.6123	0.4978	0.4994	0.4997	0.4979	0.4952	0.3850	0.4996	0.6100	0.4976	0.3883	0.4914	0.3895	0.4934	0.5024
0.4939	0.5080	0.4980	0.3971	0.6171	0.6123	0.4978	0.4994	0.4997	0.4979	0.4952	0.3850	0.4996	0.6100	0.4976	0.3883	0.4914	0.3895	0.4934	0.5024
0.4939	0.5080	0.6125	0.3971	0.6171	0.6123	0.4978	0.4994	0.4997	0.4979	0.4952	0.3850	0.4996	0.6100	0.4976	0.3883	0.4914	0.3895	0.4934	0.5024
0.4939	0.5080	0.6125	0.3971	0.6171	0.6123	0.4978	0.4994	0.4997	0.4979	0.4952	0.3850	0.4996	0.6100	0.4976	0.3883	0.4914	0.3895	0.4934	0.5024
0.4939	0.5080	0.6125	0.3971	0.6171	0.6123	0.4978	0.4994	0.4997	0.4979	0.4952	0.3850	0.4996	0.6100	0.4976	0.3883	0.4914	0.3895	0.4934	0.5024
0.4939	0.5080	0.6125	0.3971	0.6171	0.6123	0.4978	0.4994	0.4997	0.4979	0.4952	0.4914	0.4996	0.6100	0.4976	0.3883	0.4914	0.3895	0.4934	0.5024
0.4939	0.5080	0.6125	0.3971	0.6171	0.6123	0.4978	0.4994	0.5053	0.4979	0.4952	0.4914	0.4996	0.6100	0.4976	0.5017	0.4914	0.3895	0.4934	0.5024
0.4939	0.5080	0.6125	0.3971	0.6171	0.6123	0.4978	0.4994	0.5053	0.4979	0.4952	0.4914	0.4996	0.6100	0.4976	0.5017	0.4914	0.3895	0.4934	0.5024
0.4939	0.5080	0.6125	0.3971	0.6171	0.6123	0.4978	0.4994	0.5053	0.4979	0.4952	0.4914	0.4996	0.6100	0.4976	0.5017	0.4914	0.3895	0.4934	0.5024
0.4939	0.5080	0.6125	0.5039	0.6171	0.6123	0.4978	0.4994	0.5053	0.4979	0.4952	0.4914	0.4996	0.6100	0.4976	0.5017	0.4914	0.3895	0.4934	0.5024
0.4939	0.5080	0.6125	0.5039	0.3897	0.6123	0.4978	0.4994	0.5053	0.4979	0.4888	0.4914	0.4996	0.6100	0.4976	0.5017	0.4914	0.3895	0.4934	0.5024
0.4939	0.5080	0.6125	0.5039	0.3897	0.6123	0.4978	0.4994	0.5053	0.4979	0.4888	0.4914	0.4996	0.6100	0.4976	0.5017	0.4914	0.3895	0.4934	0.5024
0.4939	0.5080	0.6125	0.5039	0.3897	0.6123	0.4978	0.4994	0.5053	0.4979	0.4888	0.4914	0.4996	0.6100	0.4976	0.5017	0.4914	0.3895	0.4934	0.5024
0.4939	0.5080	0.6125	0.5039	0.3897	0.6123	0.4978	0.4994	0.5053	0.4979	0.4888	0.4914	0.4996	0.6100	0.4976	0.5017	0.4914	0.3895	0.4934	0.5024
0.4939	0.5080	0.6125	0.5039	0.3897	0.6123	0.4978	0.4994	0.5053	0.4979	0.4888	0.4914	0.4996	0.6100	0.4976	0.5017	0.4914	0.3895	0.4934	0.5024
0.4939	0.5080	0.6125	0.5039	0.3897	0.6123	0.4978	0.4994	0.5053	0.4979	0.4888	0.4914	0.4996	0.6100	0.4976	0.5017	0.4914	0.6069	0.4934	0.5024
0.4939	0.5080	0.6125	0.5039	0.3897	0.6123	0.4978	0.4994	0.5053	0.4979	0.4888	0.4914	0.4996	0.6100	0.4976	0.5017	0.4914	0.6069	0.4934	0.5024
0.4939	0.5080	0.6125	0.5039	0.3897	0.6123	0.4978	0.4994	0.5053	0.4979	0.4888	0.4914	0.4996	0.6100	0.4976	0.5017	0.4914	0.6069	0.4934	0.5024
