0.4357	0.7671	0.0148	0.3866	0.6349	0.1829	0.1000	0.8979	0.7062	0.4921	0.7983	0.2010	0.1049	0.8327	0.4267	0.4289	0.9883	0.4107	0.1013	0.2870
0.3007	0.6788	1.0000	0.2897	0.6319	0.0000	0.2853	0.8819	0.8000	0.6041	0.4957	0.3715	0.0912	0.1833	0.8488	0.3004	0.0000	0.0000	0.1447	0.5470
0.4361	0.3721	0.3799	0.0000	1.0000	0.5721	0.5778	0.6208	0.4963	0.4307	0.5169	0.6963	0.4860	0.2811	1.0000	0.2279	0.3479	0.4211	0.4921	0.9713
0.4361	0.3721	0.4297	0.9895	0.9467	0.6734	0.5138	0.6208	0.3517	0.5625	0.6507	1.0000	0.5493	1.0000	0.3263	0.2279	0.4644	1.0000	0.0851	0.0962
0.4963	0.3721	0.0000	0.0000	0.2577	0.1043	0.5138	0.6208	0.2354	0.0000	0.2280	1.0000	0.6996	0.0000	0.5966	0.4922	0.4054	0.9076	0.3524	0.3432
0.4963	0.3721	1.0000	0.8735	0.7534	0.3566	0.7610	0.6208	0.5748	0.6700	0.6514	1.0000	0.6037	0.7628	1.0000	0.4922	0.7735	0.5765	1.0000	0.3064
0.4963	0.3721	0.9290	0.4924	1.0000	0.7011	0.6992	0.4970	0.5748	0.5552	0.4781	0.7611	0.0000	0.5748	1.0000	0.9230	0.0638	0.6624	0.3794	0.0802
0.4963	0.3721	0.7913	0.0000	0.5520	0.7011	0.5418	0.3032	0.5748	0.2986	0.9970	0.8056	1.0000	0.6317	0.4937	0.8856	0.0000	1.0000	0.5026	0.6365
0.4963	0.3721	1.0000	0.5550	0.0000	0.6938	0.6450	0.5699	0.5748	0.6310	0.4965	0.9003	0.0000	0.6317	0.4937	0.1607	0.4848	0.1390	0.5026	0.6365
0.4963	0.6374	0.9901	0.5121	0.6475	0.4864	0.2977	0.1766	0.5748	0.5028	0.4100	0.5747	0.3801	0.6317	0.4937	0.5176	0.6166	0.0000	0.5535	0.6365
0.4354	0.6374	0.5646	1.0000	0.5126	0.4864	0.6812	0.5163	0.5748	0.5028	0.6324	0.5213	0.4498	0.6317	0.5755	0.8053	0.4950	0.0412	0.4379	0.4944
0.9267	0.6374	0.2959	0.9452	0.2327	0.4864	0.5624	0.5637	0.5748	0.5028	0.3134	0.5318	0.0000	0.3027	0.4294	0.4932	0.0791	0.6997	0.8832	0.4944
0.1930	0.5094	0.3525	0.4262	0.7048	1.0000	0.5624	0.1514	0.6949	0.2727	0.1725	0.3391	0.3626	0.3975	0.4294	0.8303	0.6455	0.6997	0.2704	0.4944
0.5970	0.5094	0.5612	0.4262	0.3047	0.4384	0.4266	0.2265	0.5005	0.5043	0.3981	1.0000	0.6871	0.5903	0.4294	0.5150	0.5130	0.6997	0.6435	0.4944
0.6232	0.5094	0.3000	0.8739	0.3047	0.0000	0.4266	0.4138	0.5005	0.5043	0.3616	1.0000	0.5504	0.5627	0.4294	0.5122	0.4368	0.1078	0.6435	0.4944
0.6232	0.5094	0.6508	0.6227	0.3047	0.2822	0.4266	0.2769	0.5005	0.5043	0.4892	0.0000	0.2990	0.7003	0.4294	0.3117	0.5058	0.5679	0.6435	0.4944
0.5629	0.5094	0.4997	0.6466	0.3047	0.7075	0.4921	1.0000	0.4326	0.6307	0.4892	1.0000	0.7471	0.2180	0.4294	0.0000	0.5058	0.5670	0.6435	0.4944
0.7916	0.5094	0.4997	0.9319	0.3047	0.7075	0.4402	0.6933	0.4326	0.6307	0.4892	0.3077	0.5720	0.4162	0.4294	0.6355	0.5058	0.7009	0.2497	0.4944
0.5616	0.5094	0.4997	0.4985	0.3047	0.6420	0.0078	0.5690	0.4326	0.5119	0.4892	0.6168	0.5720	0.4431	0.4294	0.5187	0.0000	0.5007	0.0000	0.4944
0.5002	0.5094	0.4997	0.7019	0.3047	0.6420	0.0106	0.5690	0.5059	0.5119	0.4158	0.3023	0.4511	0.4431	0.4294	0.3015	0.0000	0.5655	0.8371	0.4944
0.6965	0.5094	0.4997	0.7019	0.0000	0.6420	0.4902	0.5690	0.4969	0.5119	1.0000	0.6403	0.5707	0.4979	0.4294	0.3015	0.1831	0.5655	0.4488	0.4944
1.0000	0.4280	0.4997	0.3751	0.3732	0.6308	1.0000	0.4712	0.4969	0.5119	0.3091	0.7015	0.3616	0.5830	0.4294	0.3015	0.5684	0.5655	0.5540	0.4944
0.5010	0.4280	0.4352	0.0000	0.3766	0.6308	0.2857	0.4882	0.4969	0.5021	0.3734	0.7015	0.3616	0.4043	0.4294	0.3015	1.0000	0.5655	0.4289	0.5736
0.5010	0.4280	0.4352	0.2525	0.4887	0.6308	0.5666	0.4882	0.4969	0.5021	0.3734	0.7015	0.3616	0.0000	0.4294	0.3015	0.2411	0.5655	0.2266	0.5736
0.5010	0.4280	0.4352	1.0000	0.4513	0.6308	0.3613	0.4882	0.4969	0.5021	0.3734	0.7015	0.4278	0.6221	0.4915	0.3015	0.0000	0.5655	0.4985	0.5080
0.4888	0.6316	0.4976	0.4142	0.3120	0.6308	0.3613	0.4882	0.4969	0.5021	0.3048	0.7015	0.4257	0.4900	0.4915	0.3015	0.3409	0.5655	0.4985	0.5080
0.4277	0.4503	0.4362	0.4901	0.3120	0.6308	0.3613	0.5061	0.4969	0.5021	0.3097	0.7068	0.4257	0.4278	0.5670	0.3015	0.4504	0.4381	0.4985	0.4326
0.4277	0.4503	0.2496	0.4901	0.4328	0.6308	0.3613	0.4289	0.4969	0.5021	0.4918	0.2992	0.4257	0.4278	0.5670	0.3015	0.4504	0.4381	0.4985	0.4326
0.4962	0.2941	0.7054	0.4901	0.3104	0.6308	0.5025	0.5051	0.4969	0.5021	0.4918	0.2216	0.4257	0.4868	0.5670	0.4369	0.4986	0.4381	0.4985	0.4326
0.4962	0.6324	0.6385	0.4901	0.5218	0.6308	0.5025	0.4276	0.4969	0.7595	0.4918	0.3151	0.4257	0.4868	0.5670	0.4369	0.4986	0.4381	0.4985	0.4326
0.4962	0.6419	0.5597	0.4901	0.5665	0.6308	0.5025	0.4276	0.5082	1.0000	0.6950	0.5038	0.4257	0.4868	0.5670	0.4984	0.5492	0.4381	0.4985	0.6298
0.3578	0.7049	0.5597	0.4901	0.5665	0.6308	0.5025	0.4276	0.5082	0.4199	0.6950	0.3774	0.4257	0.4868	0.5670	0.4984	0.5728	0.4381	0.4985	0.6298
0.3578	0.5054	0.5597	0.5012	0.5665	0.6308	0.5025	0.4991	0.5082	0.6276	0.6950	0.4437	0.4257	0.4868	0.5670	0.4984	0.6407	0.4381	0.4985	0.6298
0.3578	0.6417	0.5597	0.5012	0.5665	0.6308	0.5025	0.4991	0.5082	0.7501	0.6950	0.4437	0.4257	0.4366	0.5670	0.4984	0.6407	0.4381	0.4985	0.6298
0.3578	0.6417	0.5597	0.5012	0.5665	0.6308	0.5025	0.4991	0.5082	0.2441	0.6950	0.4437	0.4257	0.3718	0.5670	0.4984	0.6407	0.4381	0.4985	0.6298
0.3578	0.4314	0.5597	0.6323	0.5665	0.6308	0.5025	0.4991	0.5082	0.5135	0.4384	0.4437	0.4257	0.3718	0.5670	0.4984	0.6407	0.4381	0.4985	0.6298
0.3578	0.4314	0.5597	0.6291	0.5665	0.6308	0.5025	0.4991	0.5082	0.5135	0.5543	0.4437	0.4257	0.3718	0.5670	0.4984	0.6407	0.4381	0.4985	0.6298
0.3578	0.4314	0.5698	0.6291	0.5665	0.6308	0.3621	0.4991	0.5082	0.5135	0.5543	0.4437	0.4257	0.6292	0.5670	0.4984	0.6407	0.4381	0.4985	0.6298
0.3578	0.4314	0.5698	0.6291	0.5665	0.6308	0.6328	0.4991	0.5082	0.4237	0.5543	0.4437	0.4257	0.6292	0.5670	0.4984	0.6879	0.4311	0.4985	0.6298
0.3578	0.4314	0.5698	0.6291	0.5665	0.6308	0.6328	0.4991	0.5082	0.4237	0.5543	0.4437	0.4257	0.6292	0.5670	0.4984	0.6931	0.4311	0.4985	0.6298
0.3578	0.4314	0.5691	0.6291	0.5665	0.4345	0.6309	0.4991	0.5082	0.4237	0.5543	0.4437	0.4257	0.6292	0.5670	0.4984	0.6382	0.4311	0.4985	0.6298
0.3578	0.4314	0.5691	0.6291	0.5665	0.4345	0.6309	0.4991	0.5082	0.4237	0.4179	0.4437	0.4257	0.4940	0.5670	0.4984	0.6382	0.5651	0.4985	0.6298
0.5670	0.4314	0.5691	0.6291	0.5665	0.4345	0.6309	0.4991	0.5082	0.4237	0.4179	0.6342	0.4257	0.4940	0.5670	0.4984	0.6382	0.5651	0.4985	0.6298
0.5564	0.4314	0.5691	0.6291	0.5665	0.4345	0.3649	0.4991	0.5082	0.4237	0.3634	0.6342	0.4257	0.4940	0.5670	0.4984	0.6382	0.5651	0.4985	0.6298
0.5564	0.4959	0.5691	0.6291	0.5665	0.4345	0.3649	0.4991	0.5082	0.4237	0.3634	0.6342	0.4257	0.4940	0.5670	0.4984	0.6382	0.5651	0.4985	0.6298
0.5564	0.4959	0.5691	0.6291	0.5665	0.4345	0.3649	0.4991	0.5082	0.6433	0.5067	0.6342	0.4374	0.4940	0.5670	0.4984	0.6382	0.5651	0.4985	0.6298
0.5564	0.4959	0.5691	0.6291	0.5665	0.4345	0.3649	0.4991	0.5082	0.3665	0.5067	0.6342	0.5048	0.4940	0.5670	0.4984	0.6382	0.5655	0.4985	0.6298
0.5564	0.4959	0.5691	0.6291	0.5665	0.4345	0.3649	0.4991	0.5082	0.3665	0.5067	0.6342	0.5048	0.4940	0.5670	0.4984	0.6382	0.5655	0.4985	0.6298
0.5564	0.4959	0.5691	0.6291	0.5665	0.4345	0.3649	0.4991	0.5082	0.5656	0.5067	0.6342	0.5048	0.4940	0.5670	0.5613	0.6382	0.5655	0.4985	0.6298
0.5564	0.4959	0.5691	0.5679	0.5665	0.4345	0.3649	0.4991	0.5082	0.5656	0.5067	0.6342	0.5538	0.4940	0.5670	0.5613	0.6304	0.5655	0.4985	0.6298
0.5581	0.4959	0.5691	0.5679	0.5665	0.4345	0.3649	0.4991	0.5082	0.5656	0.5067	0.6342	0.6404	0.4940	0.5670	0.5613	0.6304	0.5655	0.4985	0.6298
0.5581	0.4959	0.5691	0.5679	0.5665	0.4345	0.5023	0.4991	0.5082	0.5656	0.5067	0.6342	0.6404	0.4940	0.5670	0.5613	0.6304	0.5655	0.4985	0.6298
0.5581	0.4959	0.5691	0.5679	0.5665	0.4315	0.5023	0.4991	0.5082	0.6336	0.5067	0.6342	0.6404	0.4940	0.5670	0.5613	0.6304	0.5655	0.4985	0.6298
0.5581	0.4959	0.5691	0.5679	0.5665	0.4315	0.5023	0.4362	0.5082	0.6336	0.5067	0.4938	0.4380	0.4940	0.5670	0.5613	0.6304	0.5655	0.4985	0.6298
0.5581	0.5097	0.5691	0.5679	0.5665	0.4315	0.5023	0.5644	0.5082	0.6336	0.5067	0.4938	0.4380	0.4940	0.5670	0.5613	0.6304	0.5655	0.4985	0.6298
0.5581	0.6408	0.5691	0.5679	0.5665	0.4315	0.5023	0.5644	0.5082	0.6978	0.5067	0.4938	0.4380	0.4940	0.5670	0.5613	0.6304	0.5655	0.4985	0.6298
0.5581	0.6408	0.5691	0.5679	0.5665	0.4315	0.5023	0.5644	0.5082	0.5568	0.5067	0.4938	0.4380	0.4940	0.5670	0.5613	0.6304	0.5655	0.4985	0.6298
0.5581	0.3633	0.5691	0.5679	0.5665	0.4315	0.5023	0.5644	0.4966	0.5568	0.5067	0.4938	0.4380	0.4940	0.5670	0.5613	0.6304	0.5655	0.4985	0.6298
0.5581	0.3633	0.5691	0.5679	0.5665	0.4315	0.5023	0.5644	0.4966	0.5568	0.4909	0.4938	0.4380	0.4940	0.5670	0.5613	0.6304	0.5655	0.4985	0.6298
0.5581	0.3633	0.5691	0.5679	0.5665	0.4315	0.5023	0.5644	0.4966	0.5568	0.4909	0.4938	0.4380	0.4940	0.5670	0.5613	0.6304	0.5655	0.4985	0.6298
0.5581	0.3633	0.5691	0.5679	0.5665	0.4315	0.5023	0.5644	0.4966	0.5568	0.4909	0.4938	0.4380	0.4940	0.5670	0.5613	0.6304	0.5655	0.4985	0.6298
0.5581	0.4359	0.5691	0.5679	0.5665	0.4315	0.5023	0.5644	0.4966	0.5568	0.4909	0.4938	0.4380	0.4940	0.5670	0.5613	0.6304	0.5655	0.4985	0.6298
0.5581	0.4359	0.5035	0.4376	0.5665	0.4315	0.5023	0.5644	0.4966	0.4270	0.5657	0.4938	0.4263	0.4940	0.5670	0.5613	0.6304	0.5655	0.4985	0.6298
0.5581	0.4359	0.5035	0.4376	0.5665	0.4315	0.5023	0.5644	0.4966	0.4270	0.5657	0.4938	0.4263	0.4940	0.5670	0.5613	0.6304	0.5655	0.4985	0.6298
0.5581	0.4359	0.5035	0.4376	0.5665	0.5680	0.5023	0.5644	0.4966	0.4270	0.5657	0.4938	0.4263	0.4386	0.5670	0.5613	0.6304	0.5655	0.4335	0.6298
0.5581	0.4359	0.5035	0.4376	0.5665	0.5680	0.5023	0.5644	0.4966	0.4270	0.5657	0.4938	0.4263	0.4386	0.5670	0.5613	0.6304	0.5655	0.4335	0.6298
0.5581	0.4359	0.5035	0.5675	0.5665	0.5680	0.5023	0.5644	0.4966	0.4270	0.5657	0.4938	0.4263	0.4386	0.5670	0.5613	0.6304	0.5655	0.4335	0.6298
0.5581	0.4359	0.5035	0.5675	0.5665	0.5680	0.5023	0.5644	0.4966	0.4270	0.5657	0.4938	0.4263	0.4386	0.5670	0.5613	0.6304	0.5655	0.4335	0.4392
0.5581	0.4359	0.5035	0.5675	0.5665	0.5680	0.5023	0.5644	0.4966	0.4270	0.5657	0.4938	0.4263	0.4386	0.5670	0.5613	0.6304	0.5655	0.5052	0.5669
0.5581	0.3656	0.5035	0.5675	0.5665	0.5680	0.5023	0.5644	0.4966	0.4270	0.5657	0.4938	0.5597	0.4386	0.5670	0.5613	0.6304	0.5655	0.5052	0.5669
0.5581	0.3656	0.5035	0.5675	0.5665	0.5680	0.5023	0.5644	0.4966	0.5016	0.5657	0.4938	0.5597	0.4386	0.5670	0.5613	0.6304	0.5655	0.5052	0.5669
0.5581	0.3656	0.5035	0.5675	0.5665	0.5680	0.5023	0.5644	0.4966	0.5016	0.5657	0.4938	0.5597	0.4386	0.5670	0.5613	0.6304	0.5011	0.5052	0.5669
0.5581	0.3656	0.5035	0.5675	0.5665	0.5680	0.5023	0.5644	0.4966	0.5016	0.5657	0.4938	0.5597	0.4386	0.5670	0.5613	0.6304	0.5011	0.5052	0.5669
0.5581	0.3656	0.5035	0.5675	0.5665	0.5680	0.5023	0.5644	0.4966	0.5016	0.5657	0.4938	0.5597	0.4386	0.5670	0.5613	0.6304	0.5011	0.5052	0.5669
0.5581	0.3656	0.5035	0.5675	0.5665	0.5680	0.5023	0.5644	0.4966	0.5016	0.5657	0.4938	0.5597	0.4386	0.5670	0.5613	0.6304	0.5011	0.5052	0.5669
0.5581	0.3656	0.5035	0.5675	0.5665	0.5680	0.5023	0.5644	0.4966	0.5016	0.5657	0.4938	0.5597	0.4386	0.5670	0.4961	0.6304	0.5011	0.5052	0.5669
0.5581	0.6338	0.5035	0.5675	0.5665	0.5680	0.5023	0.5644	0.4966	0.5016	0.5657	0.4938	0.5597	0.4386	0.5670	0.4961	0.4356	0.5011	0.5052	0.5669
0.5581	0.6338	0.5035	0.5675	0.5665	0.5680	0.5023	0.5644	0.4966	0.5016	0.5064	0.4938	0.5597	0.4386	0.5670	0.4961	0.4356	0.5011	0.5052	0.4303
0.5581	0.6338	0.5035	0.5675	0.5665	0.5680	0.5023	0.5644	0.4966	0.5016	0.5064	0.4938	0.5597	0.4386	0.5670	0.4961	0.4356	0.5011	0.5052	0.4303
0.5581	0.6338	0.5035	0.5675	0.5665	0.5680	0.5023	0.5644	0.4966	0.5016	0.5064	0.4938	0.5597	0.4386	0.5670	0.4961	0.4356	0.5011	0.5052	0.4303
0.5581	0.6338	0.5035	0.5675	0.5665	0.5680	0.5023	0.5644	0.4966	0.5016	0.5064	0.4938	0.5597	0.4386	0.5670	0.4961	0.4356	0.5011	0.5052	0.4303
0.5581	0.6338	0.5035	0.5675	0.5665	0.5680	0.5023	0.5644	0.4966	0.5016	0.5064	0.4938	0.5597	0.4386	0.5670	0.5012	0.4356	0.5011	0.5052	0.4303
0.5581	0.6338	0.5035	0.5675	0.5665	0.5680	0.5023	0.5644	0.4966	0.5016	0.5064	0.4938	0.5597	0.4386	0.5670	0.5012	0.4356	0.5011	0.5052	0.4303
0.5581	0.6338	0.5035	0.5675	0.5665	0.5680	0.5023	0.5644	0.4966	0.5016	0.5064	0.4938	0.5597	0.4386	0.5670	0.5012	0.4356	0.5011	0.5052	0.4303
0.5581	0.6338	0.5035	0.5675	0.5665	0.5680	0.5023	0.5644	0.4966	0.5016	0.5064	0.4938	0.5597	0.4386	0.5670	0.5012	0.4356	0.5011	0.5052	0.4303
0.5581	0.6338	0.5035	0.5675	0.5665	0.5680	0.5023	0.5644	0.4966	0.5016	0.5064	0.4938	0.5597	0.4386	0.5670	0.5012	0.4356	0.5011	0.5052	0.4303
0.5581	0.6338	0.5035	0.5675	0.5665	0.5680	0.5023	0.5644	0.4966	0.5016	0.5064	0.4938	0.5597	0.4386	0.5670	0.5012	0.4356	0.5011	0.5052	0.4303
0.5581	0.6338	0.5035	0.5675	0.5665	0.5680	0.5023	0.5644	0.4966	0.5016	0.4324	0.4938	0.5597	0.4386	0.5670	0.5012	0.4356	0.5011	0.5052	0.4303
0.5581	0.6338	0.5035	0.5675	0.5665	0.5680	0.5023	0.5644	0.4966	0.5016	0.4324	0.4938	0.5597	0.4386	0.5670	0.5012	0.4356	0.5011	0.5052	0.5636
0.5581	0.6338	0.5035	0.5675	0.5665	0.5680	0.5023	0.5644	0.4966	0.5016	0.4324	0.4938	0.5597	0.4386	0.5670	0.5012	0.4356	0.5011	0.5052	0.5636
0.5581	0.6338	0.5035	0.5675	0.5665	0.5680	0.5023	0.5644	0.4966	0.5016	0.4324	0.4938	0.5597	0.4386	0.5670	0.5012	0.4356	0.5011	0.5052	0.5636
0.5581	0.6338	0.5035	0.5675	0.5665	0.5680	0.5023	0.5644	0.4966	0.5016	0.4324	0.4938	0.5597	0.4386	0.5670	0.5010	0.4356	0.5011	0.5052	0.5636
0.5581	0.6338	0.5035	0.5675	0.5665	0.5680	0.5023	0.5644	0.4966	0.5016	0.4324	0.4938	0.5597	0.4386	0.5670	0.5010	0.4356	0.5011	0.5052	0.5636
0.5581	0.6338	0.5035	0.5675	0.5665	0.5680	0.5023	0.5644	0.4966	0.5016	0.4324	0.4938	0.5597	0.4386	0.5670	0.5010	0.4356	0.5011	0.5052	0.4354
0.5581	0.6338	0.5035	0.5675	0.5665	0.5680	0.5023	0.5644	0.4966	0.5016	0.4324	0.4938	0.5597	0.4386	0.5670	0.5010	0.4356	0.5011	0.5052	0.4354
0.5581	0.6338	0.5035	0.5675	0.5665	0.5680	0.5023	0.5644	0.4966	0.5016	0.4324	0.4938	0.5597	0.4386	0.5670	0.5010	0.4356	0.5011	0.5052	0.4354
0.5081	0.6338	0.5035	0.5675	0.5665	0.5680	0.5023	0.5644	0.4966	0.5016	0.4324	0.4938	0.5597	0.4386	0.5670	0.5010	0.4356	0.5011	0.5052	0.4354
0.5081	0.6338	0.5035	0.5675	0.5665	0.5680	0.5023	0.5644	0.4966	0.5016	0.4324	0.4938	0.5597	0.4386	0.5670	0.5010	0.4356	0.5011	0.5052	0.4354
0.5081	0.6338	0.5035	0.6361	0.5665	0.5680	0.5023	0.5644	0.4966	0.5016	0.4324	0.4938	0.5597	0.4386	0.5670	0.5010	0.4356	0.5011	0.5052	0.4354
0.5081	0.6338	0.5035	0.6361	0.5665	0.5680	0.5023	0.5644	0.4966	0.5016	0.4324	0.4938	0.5597	0.4386	0.5670	0.5010	0.5032	0.5011	0.5052	0.4354
0.5081	0.6338	0.5035	0.6361	0.5665	0.5680	0.5023	0.5644	0.4966	0.5016	0.4324	0.4938	0.5597	0.4386	0.5670	0.5010	0.5032	0.5011	0.5052	0.4354
