0.6145	0.7285	0.1865	0.8535	0.7064	0.9513	0.0222	0.1510	0.3756	0.6426	0.0157	0.9351	0.4264	0.4787	0.7450	0.1794	0.9691	0.6392	0.9502	0.1633
0.5684	0.8738	1.0000	0.4390	0.8616	1.0000	0.4723	0.5326	0.8671	0.6634	0.3972	0.8568	0.5682	1.0000	1.0000	0.1359	0.6986	0.5025	0.6450	0.0000
0.0000	0.3823	0.8148	1.0000	0.5284	0.5479	0.2950	0.4174	0.1354	0.4170	0.3972	0.5587	0.4749	0.4225	1.0000	1.0000	0.0441	0.7023	0.7285	0.5251
0.0000	0.5366	1.0000	0.8168	0.4935	0.7643	0.5561	1.0000	0.4453	0.0000	0.3972	0.5765	0.4749	0.3341	0.8200	0.4331	0.0781	0.7088	0.8661	0.5960
0.4573	0.7145	0.2488	0.6092	0.5225	0.7007	0.4312	0.0000	0.1583	0.4631	0.1193	0.1345	0.6082	0.2846	0.2788	0.4853	0.1119	0.2013	0.2553	0.5614
0.4308	0.6145	0.3960	0.4313	0.2744	0.5669	0.4069	0.5408	0.8091	0.5488	0.8974	0.3111	0.5150	0.1593	1.0000	0.5409	0.6081	0.0000	0.7539	0.6444
0.6607	0.9967	1.0000	0.4995	0.6633	0.5488	0.6405	0.4774	0.3999	0.4739	0.0702	0.4846	0.5150	0.4199	0.5593	1.0000	0.3765	0.4882	0.4700	0.5069
0.3362	0.5323	0.9658	0.0000	0.6291	0.5604	0.4485	1.0000	0.3949	0.4677	0.5152	0.6839	0.5150	0.6958	0.6507	1.0000	0.4792	0.3622	0.6013	0.4046
0.5408	0.5813	0.0000	0.8986	0.3393	0.0000	0.0000	0.3764	0.5120	0.4677	0.4906	0.3822	0.5150	0.4629	0.4478	0.3854	0.0000	0.3938	1.0000	0.1984
0.5572	0.5807	0.2668	0.3968	0.6222	0.3255	0.5878	0.3920	0.0000	1.0000	0.4906	0.0000	0.5150	0.4878	0.4466	0.4728	0.6230	0.8494	0.4547	1.0000
0.4600	0.5516	0.6080	1.0000	0.5599	0.3940	0.7033	0.1250	1.0000	0.4783	0.5312	0.5906	0.5150	0.0000	0.4466	0.5505	0.4768	0.4719	0.5385	0.7955
0.4588	0.5642	0.3601	1.0000	0.5450	0.0000	0.1335	0.0000	0.3932	0.4783	0.4283	0.4822	0.5150	0.0000	0.3669	0.7926	0.2266	0.0000	1.0000	0.5153
0.0000	0.4415	0.5025	0.6281	0.3369	0.5508	0.6747	0.0000	0.1729	1.0000	0.5091	0.5889	0.5150	0.2706	0.1753	0.4166	0.4341	0.3472	0.5389	0.4667
0.4908	0.0000	0.4970	0.2691	0.7008	0.5508	0.0000	1.0000	0.6591	0.0000	0.5078	0.4700	0.5203	0.4492	0.7147	0.7264	0.6742	0.0000	0.0000	0.4453
0.4273	0.0402	0.6718	1.0000	0.4381	0.3483	0.9554	0.6100	0.6705	0.7494	0.2836	0.7475	0.5203	0.3912	0.8608	0.3646	1.0000	0.5559	0.0000	0.0234
0.4504	0.2210	0.4985	0.5004	0.4493	0.5070	0.6201	0.6827	0.1752	1.0000	0.5820	0.2161	0.4905	0.4800	0.3824	0.2246	0.5047	0.3614	0.4823	0.3786
0.3484	0.0000	0.2684	1.0000	0.0000	0.4684	0.8612	0.6563	0.6100	0.3823	0.6863	0.1147	0.4905	0.3928	0.6280	0.8063	0.4825	0.4200	0.5355	0.6418
0.2774	1.0000	0.4387	0.3197	0.4026	1.0000	0.9604	0.3530	0.5286	0.4179	0.0000	0.0000	0.5380	0.3269	0.5425	0.6101	0.4059	0.3517	0.7077	0.2113
0.4431	1.0000	0.6376	0.5689	0.4268	0.3618	0.5192	0.5303	0.3597	0.5931	0.5313	0.4754	0.5380	0.3307	0.5199	0.5527	0.6570	0.5282	0.6301	0.3265
0.2422	1.0000	0.2686	0.6016	0.4502	0.4267	0.0000	0.4718	0.4687	0.4714	0.3658	0.2557	0.5380	0.4991	0.0000	0.4317	0.4950	0.9362	0.3605	0.7300
0.5838	0.4631	0.4927	0.6902	0.3603	0.4805	1.0000	0.4596	0.6225	0.3823	0.4678	0.2972	0.5380	1.0000	0.4889	0.7965	0.5916	0.6427	0.6015	0.4992
0.5745	0.3315	0.3500	1.0000	1.0000	0.9232	0.6321	0.4596	0.3434	0.5218	0.1404	0.4629	0.5380	0.4693	0.5208	0.5417	0.4902	0.6746	1.0000	0.6041
0.0000	0.2780	0.3282	0.5982	0.3426	0.4228	0.0000	0.5176	0.5971	0.4622	0.6871	0.4734	0.4662	0.3406	0.4543	0.0050	0.4896	0.0776	0.5133	0.4827
0.6066	0.3816	1.0000	0.4708	0.3287	0.5490	0.4573	0.4698	0.9802	0.4105	0.5289	0.4734	0.4662	0.4404	0.6488	0.4395	0.4494	0.9895	0.5133	0.5401
0.5476	0.6039	0.5560	0.4708	0.4657	0.4369	0.1714	1.0000	0.0370	0.8987	0.4580	0.4878	0.4662	0.4770	0.5306	0.3324	0.5820	0.3181	0.7531	1.0000
0.5953	0.6563	0.2305	0.4203	0.3562	0.5546	0.6686	0.3216	0.4744	0.4403	0.4924	0.4292	0.5661	0.4770	0.5133	1.0000	0.4703	0.4118	0.4303	0.4178
0.3825	0.4987	0.5108	0.5537	0.4913	0.5546	0.7694	0.4660	0.3788	0.5455	0.5511	0.4330	0.5462	0.4770	0.4185	0.5558	0.4751	0.7099	0.5153	0.5432
0.3692	0.4992	0.4891	0.5537	0.7184	0.3197	0.6437	0.5556	0.1270	0.4203	0.5359	0.4330	0.5462	0.5648	0.4827	0.2853	0.4751	0.5228	0.4206	0.4937
0.5545	0.4639	0.4891	0.4731	0.5133	0.5713	0.9087	0.5310	0.4477	0.5851	0.5332	0.5019	0.4436	0.6428	0.4827	0.6231	0.5646	0.4979	0.5246	0.4558
0.5545	0.5149	0.4891	0.4731	0.5133	0.5267	0.3564	0.5208	1.0000	0.5349	0.4998	0.9852	0.4436	0.5229	0.4708	1.0000	0.4492	0.3925	0.3326	0.4975
0.5545	0.5149	0.4891	0.5124	0.5133	0.2579	0.3362	0.5446	0.6012	0.4867	0.4998	0.4335	0.4436	0.5229	0.1938	0.9244	0.4492	0.5035	0.6017	0.5902
0.4901	0.5222	0.4891	0.5116	0.4538	0.3506	0.5512	0.5446	0.5182	0.5057	0.4365	0.4988	0.5683	0.5229	0.5838	0.5254	0.5358	0.6297	0.4497	0.0623
0.5123	0.4112	0.5333	0.5116	0.4538	0.3956	0.4450	0.5292	0.5182	0.4810	0.4365	0.5998	0.5683	0.3757	0.5269	0.0641	0.4775	0.4212	0.5467	0.5483
0.5123	0.4110	0.4656	0.4981	0.4114	0.3555	0.4450	0.5292	0.5676	0.5770	0.5378	0.5944	0.4103	0.4759	0.5269	0.3718	0.4775	0.6010	0.5575	0.5343
0.5123	0.4110	0.4656	0.4981	0.4114	0.5416	0.4450	0.4365	0.8589	0.4999	0.4682	0.2755	0.5793	0.4178	0.5575	0.5740	0.5253	0.6408	0.5243	0.5343
0.5123	0.3416	0.5598	0.4981	0.4114	0.5416	0.4450	0.4969	0.4456	0.4405	0.4665	0.3448	0.5847	0.5129	0.4569	0.5740	0.4746	0.5453	0.5243	0.3184
0.4014	0.4872	0.5686	0.4981	0.5380	0.5416	0.5154	0.4969	0.5055	0.4983	0.4665	0.3706	0.4298	0.4230	0.4569	0.5207	0.5802	0.5453	0.5243	0.3929
0.3673	0.4990	0.5686	0.4981	0.4971	0.6294	0.5154	0.4969	0.5523	0.5651	0.4665	0.5376	0.4298	0.4230	0.4569	0.3565	0.5132	0.5382	0.5243	0.6146
0.4918	0.3823	0.5686	0.4981	0.6163	0.4733	0.5154	0.4969	0.5523	0.5118	0.4665	0.5376	0.4870	0.2814	0.4569	0.3977	0.4059	0.5382	0.5176	0.5698
0.5134	0.4679	0.4085	0.5023	0.4918	0.5053	0.5154	0.4969	0.5469	0.5158	0.4665	0.5775	0.4870	0.5793	0.4569	0.3977	0.5993	0.5881	0.4487	0.4863
0.5134	0.4638	0.6069	0.5023	0.4918	0.5053	0.3879	0.5131	0.6114	0.4996	0.4665	0.5355	0.4783	0.4880	0.3939	0.5822	0.5217	0.5881	0.4788	0.3270
0.5134	0.4638	0.5542	0.5023	0.4918	0.5053	0.5140	0.5266	0.4501	0.8934	0.4784	0.5355	0.4783	0.5156	0.5886	0.5067	0.5217	0.3400	0.4097	0.3964
0.4760	0.4638	0.5542	0.5023	0.4918	0.5053	0.5982	0.5266	0.4501	0.4174	0.4754	0.5844	0.4783	0.5156	0.5071	0.4305	0.5217	0.4247	0.4028	0.5059
0.5441	0.5317	0.5814	0.5023	0.4918	0.5053	0.5773	0.5266	0.4498	0.3957	0.4754	0.5844	0.4783	0.5156	0.5071	0.4737	0.5217	0.5324	0.5829	0.5524
0.6333	0.4162	0.3864	0.5023	0.4918	0.5049	0.5865	0.5266	0.5080	0.6257	0.4754	0.5844	0.5817	0.5274	0.5071	0.4355	0.5444	0.5684	0.5992	0.5327
0.5316	0.4162	0.5166	0.5023	0.4918	0.4241	0.5865	0.5672	0.5080	0.5553	0.5088	0.5843	0.5817	0.5274	0.5760	0.4378	0.4266	0.5684	0.4905	0.5017
0.4004	0.4133	0.4822	0.5023	0.4918	0.4915	0.5865	0.5672	0.5080	0.4951	0.5088	0.5843	0.5817	0.4419	0.3539	0.4378	0.4266	0.5684	0.5182	0.5017
0.4004	0.5026	0.4976	0.5023	0.4918	0.5699	0.5137	0.5672	0.5080	0.5545	0.5088	0.5843	0.5817	0.4958	0.6230	0.4378	0.4266	0.4800	0.3480	0.5639
0.5314	0.3816	0.4880	0.5023	0.4918	0.5314	0.4795	0.5672	0.5080	0.5438	0.5088	0.5843	0.5817	0.5427	0.5842	0.2690	0.4266	0.5448	0.1687	0.5112
0.6626	0.4607	0.4880	0.5236	0.4918	0.5239	0.4265	0.5672	0.5080	0.5140	0.4354	0.5843	0.4750	0.5243	0.5842	0.4097	0.4227	0.5662	0.5186	0.5112
0.4784	0.4513	0.4880	0.5236	0.4918	0.5239	0.5199	0.5672	0.4642	0.5140	0.4989	0.4680	0.5038	0.5243	0.4882	0.3809	0.5504	0.5479	0.5186	0.5112
0.5688	0.4759	0.4880	0.5236	0.4918	0.5239	0.5357	0.5672	0.4642	0.5140	0.3960	0.4703	0.5038	0.5818	0.5216	0.3809	0.5504	0.4918	0.5294	0.6075
0.4007	0.4759	0.4584	0.5236	0.4918	0.5658	0.5357	0.4600	0.5575	0.5140	0.3616	0.5137	0.5038	1.0000	0.4864	0.4657	0.5504	0.5077	0.5294	0.4166
0.4989	0.4759	0.4584	0.5236	0.4918	0.5658	0.5357	0.4600	0.5575	0.5140	0.3616	0.4922	0.5038	0.4615	0.4864	0.4657	0.5375	0.5077	0.5294	0.5823
0.4847	0.4677	0.4902	0.5236	0.4918	0.5658	0.4803	0.4600	0.5575	0.5140	0.5485	0.5162	0.5038	0.4615	0.4864	0.4657	0.4866	0.5452	0.5537	0.5823
0.4577	0.4677	0.3978	0.4895	0.4918	0.5636	0.4803	0.4600	0.5575	0.5140	0.5485	0.5162	0.5038	0.4204	0.5205	0.4657	0.4887	0.5452	0.4476	0.4946
0.4715	0.4677	0.5778	0.4895	0.4918	0.5636	0.4803	0.4600	0.5682	0.5140	0.5606	0.5162	0.5038	0.5100	0.4680	0.5572	0.4887	0.5283	0.4476	0.4946
0.3928	0.4677	0.4287	0.4895	0.4918	0.5234	0.4803	0.4600	0.5682	0.5140	0.5606	0.5168	0.5038	0.5100	0.4680	0.5572	0.4673	0.5283	0.4658	0.4946
0.6054	0.4677	0.4287	0.5123	0.4918	0.5234	0.4803	0.4600	0.5685	0.5140	0.4122	0.5697	0.5038	0.4246	0.4311	0.5572	0.4673	0.5727	0.4925	0.4946
0.4052	0.4537	0.4287	0.5123	0.4918	0.5234	0.4803	0.4600	0.4643	0.4911	0.4122	0.5697	0.5038	0.4246	0.4311	0.5572	0.4673	0.5394	0.4925	0.4946
0.4052	0.4537	0.4287	0.5123	0.4918	0.6956	0.4803	0.4600	0.4643	0.5061	0.4955	0.5459	0.5038	0.4246	0.4311	0.5572	0.4673	0.5054	0.4925	0.4572
0.5805	0.4537	0.4287	0.5123	0.4837	0.5153	0.4803	0.4600	0.4643	0.5061	0.5323	0.5087	0.5038	0.5644	0.4311	0.6064	0.4673	0.4598	0.4766	0.4572
0.5805	0.4537	0.4287	0.5123	0.4678	0.5153	0.4790	0.5093	0.4643	0.5061	0.4518	0.5087	0.5038	0.5644	0.5081	0.6131	0.4673	0.4598	0.4766	0.4572
0.4967	0.4840	0.4495	0.5123	0.4678	0.5153	0.4790	0.5093	0.4643	0.5061	0.5011	0.5694	0.5038	0.5644	0.4390	0.6131	0.4673	0.4598	0.5046	0.4930
0.5339	0.4840	0.5229	0.5123	0.5104	0.5153	0.4790	0.5093	0.4643	0.5061	0.5091	0.5694	0.5331	0.5644	0.5631	0.6131	0.5165	0.4598	0.5046	0.4930
0.5339	0.4840	0.5229	0.5277	0.4507	0.5153	0.4790	0.5093	0.4643	0.5061	0.5091	0.4702	0.5331	0.5024	0.5631	0.6131	0.5165	0.4598	0.5046	0.4930
0.5419	0.4840	0.5229	0.5277	0.4507	0.4761	0.4063	0.5093	0.4643	0.5061	0.5250	0.4702	0.5331	0.6348	0.5631	0.3713	0.5360	0.4598	0.5938	0.4930
0.5227	0.4840	0.5229	0.5277	0.4507	0.4761	0.4781	0.5093	0.4643	0.5061	0.5250	0.4702	0.5331	0.6061	0.5631	0.3713	0.4815	0.4605	0.4600	0.4930
0.5227	0.4840	0.4964	0.5277	0.4507	0.4761	0.4626	0.5093	0.4862	0.5061	0.5250	0.4702	0.5331	0.6061	0.5631	0.3713	0.4815	0.5894	0.6031	0.4930
0.5155	0.4864	0.5598	0.5277	0.5375	0.4761	0.4626	0.5093	0.4862	0.5061	0.5250	0.5066	0.5331	0.5569	0.5631	0.3713	0.4815	0.5934	0.5982	0.4930
0.5155	0.4864	0.5598	0.5277	0.5072	0.4761	0.4626	0.5093	0.4862	0.5061	0.4888	0.5066	0.5331	0.5569	0.5631	0.3713	0.4815	0.5327	0.5075	0.5223
0.5146	0.5085	0.5639	0.5166	0.5072	0.4854	0.4626	0.5093	0.4862	0.5061	0.4888	0.5066	0.5331	0.5569	0.5631	0.4480	0.4815	0.4938	0.3944	0.5223
0.5204	0.5085	0.5639	0.5166	0.5072	0.4854	0.4626	0.5093	0.4862	0.4461	0.4888	0.4923	0.5331	0.5569	0.5631	0.4480	0.4815	0.4938	0.4058	0.5223
0.5371	0.5085	0.4599	0.4493	0.5072	0.4854	0.4626	0.5093	0.4972	0.4461	0.4888	0.4923	0.5331	0.5569	0.5631	0.4916	0.4815	0.4938	0.5367	0.5223
0.5371	0.5085	0.5234	0.4493	0.5072	0.4854	0.5129	0.5093	0.4950	0.4461	0.4992	0.4923	0.5331	0.5569	0.5631	0.4916	0.4840	0.4938	0.4560	0.5223
0.5749	0.5085	0.5636	0.4493	0.5072	0.4854	0.4780	0.5093	0.4950	0.5003	0.4992	0.5183	0.5331	0.5108	0.5631	0.4916	0.4840	0.4864	0.4955	0.5493
0.5228	0.5085	0.5398	0.4493	0.5072	0.4854	0.4780	0.4932	0.4950	0.5003	0.4992	0.5183	0.5331	0.5108	0.5631	0.5584	0.4978	0.4778	0.4955	0.5185
0.5228	0.5085	0.5398	0.4493	0.4676	0.4854	0.4780	0.4932	0.4950	0.5003	0.4992	0.5675	0.5331	0.5108	0.5631	0.5584	0.4978	0.4778	0.4955	0.5185
0.5228	0.5085	0.5416	0.5796	0.4676	0.4854	0.4780	0.4932	0.4950	0.5003	0.4992	0.4907	0.5331	0.5108	0.5631	0.4807	0.4978	0.4778	0.4955	0.5185
0.5228	0.5085	0.5416	0.5796	0.4676	0.4854	0.4780	0.4932	0.5137	0.5003	0.4992	0.4907	0.5331	0.5108	0.5614	0.4294	0.4978	0.4778	0.4955	0.5185
0.5228	0.5085	0.4987	0.4221	0.4676	0.5270	0.4780	0.4932	0.5137	0.5003	0.4992	0.4907	0.5331	0.5108	0.5614	0.4294	0.4978	0.4778	0.4955	0.5185
0.5228	0.5085	0.4987	0.5779	0.4676	0.5270	0.4780	0.4932	0.4617	0.5003	0.4992	0.4907	0.5331	0.5108	0.5614	0.4294	0.4978	0.4778	0.4955	0.5185
0.5228	0.5085	0.4556	0.4918	0.4676	0.5270	0.4780	0.4932	0.4617	0.4929	0.4992	0.4907	0.4983	0.5187	0.5614	0.5054	0.4978	0.4778	0.4955	0.5185
0.5228	0.5085	0.4556	0.4918	0.4676	0.5270	0.4780	0.4932	0.4617	0.5071	0.4992	0.4907	0.4983	0.5032	0.5267	0.5054	0.4693	0.4778	0.4955	0.5185
0.5228	0.5085	0.4556	0.4918	0.4843	0.5270	0.5112	0.4870	0.4617	0.5071	0.4992	0.5424	0.4983	0.5032	0.5267	0.4332	0.4693	0.4778	0.4955	0.5185
0.5228	0.5085	0.4556	0.4918	0.4843	0.4675	0.5112	0.4870	0.4617	0.5071	0.4992	0.5424	0.4983	0.5032	0.5267	0.4332	0.4693	0.5178	0.4276	0.5185
0.5228	0.5085	0.4788	0.4918	0.4843	0.4675	0.5112	0.4870	0.4617	0.5071	0.4992	0.5424	0.4983	0.5032	0.5267	0.5495	0.4489	0.5178	0.4484	0.5185
0.5016	0.5085	0.4788	0.4918	0.4843	0.4675	0.5112	0.4870	0.4617	0.5071	0.4598	0.5424	0.4983	0.5032	0.5096	0.5495	0.4446	0.5178	0.4484	0.5185
0.5016	0.5085	0.4788	0.4918	0.4843	0.4675	0.5112	0.5032	0.4617	0.5071	0.5019	0.5424	0.4983	0.4772	0.5096	0.5495	0.5525	0.5178	0.5225	0.5185
0.5016	0.5085	0.4788	0.4918	0.4843	0.4675	0.5112	0.5032	0.4617	0.4808	0.5019	0.5241	0.4983	0.4772	0.5096	0.5495	0.5525	0.5178	0.5225	0.5185
0.5016	0.5201	0.4788	0.4918	0.4713	0.4675	0.5112	0.5032	0.4563	0.4808	0.5019	0.5241	0.4983	0.4772	0.5096	0.5495	0.5525	0.5178	0.5225	0.5827
0.5301	0.5201	0.4788	0.4969	0.4713	0.4675	0.5112	0.5032	0.4563	0.4808	0.5019	0.5241	0.4983	0.4772	0.4963	0.5217	0.5525	0.5178	0.5393	0.5472
0.4660	0.5201	0.4788	0.4969	0.4713	0.4675	0.5112	0.5032	0.4795	0.5017	0.5019	0.5241	0.4983	0.4772	0.4858	0.5217	0.5093	0.5178	0.4953	0.4661
0.4660	0.5201	0.4788	0.4969	0.4713	0.4675	0.5112	0.5124	0.4795	0.4884	0.5019	0.5241	0.4983	0.4772	0.4858	0.5217	0.5093	0.5178	0.4953	0.5040
0.4660	0.5201	0.4788	0.4969	0.4713	0.4675	0.5112	0.5124	0.4795	0.4884	0.5019	0.5241	0.4983	0.4772	0.4858	0.5217	0.5093	0.5178	0.4953	0.5040
0.5149	0.5201	0.4788	0.4969	0.4713	0.4675	0.5112	0.5124	0.4795	0.4884	0.5019	0.5241	0.4983	0.4772	0.4858	0.5217	0.5093	0.5178	0.4953	0.5040
0.5149	0.4439	0.5367	0.4969	0.4861	0.4675	0.5112	0.5124	0.4795	0.4884	0.5019	0.5354	0.4983	0.4772	0.4858	0.5217	0.5093	0.5178	0.4953	0.5040
0.5149	0.4439	0.5367	0.4969	0.4861	0.4675	0.5112	0.5124	0.4977	0.4884	0.5019	0.5354	0.4983	0.4910	0.4858	0.5217	0.5093	0.5178	0.4953	0.5040
0.5149	0.4439	0.5367	0.4969	0.4861	0.4984	0.5112	0.5124	0.4977	0.4884	0.5019	0.5354	0.4983	0.4910	0.4858	0.5217	0.5093	0.5178	0.4953	0.5040
0.5149	0.4439	0.5367	0.4969	0.4861	0.4984	0.5112	0.5124	0.4977	0.4884	0.5019	0.5354	0.4983	0.4910	0.4858	0.5217	0.5093	0.5178	0.4953	0.4976
0.5149	0.4439	0.5367	0.4594	0.4861	0.4984	0.5112	0.5124	0.5305	0.4884	0.5019	0.4976	0.4983	0.4910	0.4858	0.5217	0.5473	0.5178	0.4953	0.4976
