0.3349	0.9070	0.6886	0.0948	0.8793	0.2200	0.0825	0.8829	0.8824	0.7789	0.0717	0.0634	0.7010	0.4234	0.7838	0.5107	0.7478	0.3985	0.0537	0.5656
0.4555	0.7658	0.6963	0.2898	0.4019	0.4412	0.9158	0.0557	0.6379	1.0000	0.6839	0.0000	0.2090	0.4241	0.7926	0.3207	1.0000	0.7680	0.3963	0.4861
0.6259	0.3688	0.3233	1.0000	0.4743	0.0000	0.2112	0.5165	0.5258	0.0000	0.9021	0.7976	0.6693	0.2591	0.4918	0.3207	0.6522	0.5282	0.0000	0.4861
0.3738	0.1797	0.5107	0.9344	0.3045	0.5072	0.6558	0.4103	0.6288	0.2838	0.5873	0.5191	0.7625	0.6647	0.6481	0.3740	0.6522	0.5506	0.1556	0.3834
0.8676	1.0000	0.5107	0.5067	0.5609	1.0000	0.4582	0.3578	0.2464	0.6762	0.6265	0.5191	0.3630	0.4789	0.6383	0.4766	0.6522	0.0000	1.0000	0.4398
0.3689	0.3666	0.5107	0.3730	0.4984	0.0153	0.0784	1.0000	1.0000	0.3427	0.2033	0.5191	0.4891	0.4789	0.8638	0.4689	0.6522	0.6551	0.6464	1.0000
0.6289	0.5012	0.5107	0.6628	0.7929	0.7213	0.7285	0.2604	0.0000	0.3427	0.0341	0.9756	0.6487	0.4789	0.6135	0.3966	0.6522	0.3779	0.5031	0.0000
0.2418	0.9029	0.0000	0.5050	0.4208	0.2098	0.4573	0.0000	0.0000	0.7908	0.0000	0.2203	0.6419	0.4789	1.0000	1.0000	0.6522	0.3779	0.3715	0.3891
0.5073	0.4510	0.6372	0.3997	1.0000	0.5784	0.6287	0.7798	0.1812	0.3511	0.6328	0.4721	0.6618	0.4789	0.3475	0.5302	0.6522	0.3779	0.3715	0.5268
0.5073	0.2007	0.6372	0.5246	0.6538	0.8837	0.7868	0.3599	0.7972	0.8494	0.6328	0.0000	0.0000	0.4789	0.3475	0.5302	0.3666	0.3325	0.3715	0.8098
0.5073	0.6594	0.3678	1.0000	0.9200	0.2576	0.4868	0.6078	0.3769	0.6262	1.0000	0.2570	0.9736	0.4789	0.5284	0.4629	0.3666	0.4739	0.3715	0.3745
0.5073	0.4958	0.4847	0.4332	0.5544	0.1776	0.1712	0.8170	0.5958	0.5145	0.1102	0.6309	0.3320	0.4789	0.5028	0.2678	0.3666	0.4739	0.3715	0.3496
0.5073	0.2320	0.1302	0.4987	0.2359	0.2467	0.5041	0.6661	0.3425	0.5145	0.5015	0.5047	0.5641	0.3467	0.2227	0.5457	0.3666	0.3646	0.3715	0.3631
0.5073	0.4688	0.6346	1.0000	0.1699	0.3607	0.7851	0.5059	0.7806	0.5072	0.5015	0.5047	0.6601	0.3467	0.5102	0.1288	0.3410	0.3646	0.3715	0.5083
0.5073	0.3780	0.5277	1.0000	0.9560	0.3607	0.6301	0.5059	0.2428	0.1870	0.5015	0.5047	0.3507	0.4801	0.0000	0.8048	0.3410	0.3646	0.3715	0.5083
0.5073	0.3780	0.5009	0.2400	0.4644	0.3607	0.3420	0.6515	0.6373	0.3377	0.5015	0.5047	0.5224	0.6251	1.0000	0.3095	0.4913	0.3646	0.3715	0.5083
0.5073	0.3525	0.3768	0.3459	1.0000	0.3607	0.3420	0.6515	0.6373	0.5002	0.5015	0.5047	0.5224	0.4942	0.5367	1.0000	0.4903	0.3646	0.3715	0.5083
0.5073	0.5120	0.5301	0.3459	0.6502	0.5132	0.3420	0.6563	0.6373	0.5002	0.5015	0.5047	0.5224	0.4965	0.4910	0.9412	0.4903	0.3646	0.2324	0.5083
0.5073	0.5120	0.0000	0.3459	0.4657	0.5132	0.3420	0.6563	0.6373	0.5002	0.5238	0.5047	0.5224	0.4965	0.4910	0.4572	0.4903	0.3646	0.2411	0.5083
0.4951	0.4843	0.6286	0.3459	0.6903	0.5132	0.6285	0.6563	0.4893	0.5002	0.3604	0.5047	0.5224	0.4965	0.4910	1.0000	0.4903	0.3646	0.2312	0.5083
0.4951	0.4843	0.2100	0.6385	0.5227	0.5132	0.5231	0.6563	0.4893	0.5002	0.3604	0.5047	0.5099	0.4896	0.4910	0.3922	0.4903	0.3646	0.4891	0.5083
0.4951	0.4843	0.7751	0.5116	0.6200	0.5132	0.5231	0.6563	0.6721	0.5002	0.3604	0.5047	0.5099	0.4896	0.4910	0.3467	0.4903	0.3646	0.6352	0.5083
0.3456	0.4843	0.3155	0.5116	0.4912	0.5132	0.5231	0.6563	1.0000	0.5002	0.6625	0.5047	0.0013	0.4896	0.4851	0.5094	0.4903	0.3646	0.6352	0.5083
0.3456	0.4843	0.7455	0.5116	0.6224	0.3807	0.5113	0.4894	0.6654	0.5002	0.6109	0.5047	0.4897	0.4896	0.4351	0.5094	0.4903	0.3646	0.6339	0.5083
0.3456	0.4843	0.6239	0.5116	0.6224	0.5107	1.0000	0.2107	0.6654	0.6278	0.4618	0.5047	0.4897	0.4896	0.3360	0.5094	0.4903	0.3646	0.6339	0.5083
0.3456	0.4843	0.5072	0.5116	0.3763	0.4887	0.6620	0.3418	0.6654	0.1214	0.3557	0.5047	0.4897	0.4896	0.3360	0.5094	0.4903	0.3646	0.3657	0.5083
0.4838	0.4843	0.4147	0.5116	0.3763	0.3701	0.3321	0.6191	0.6654	0.5092	0.3557	0.5047	0.4897	0.4896	0.7657	0.5094	0.4903	0.3570	0.4741	0.3591
0.4838	0.4843	0.2058	0.5116	0.3763	0.3613	0.7167	0.3457	0.6654	0.5092	0.3557	0.5047	0.4897	0.4896	1.0000	0.5094	0.4903	0.3570	0.5156	0.4809
0.4838	0.4843	0.8177	0.5116	0.3763	0.3613	0.5996	0.2088	0.6654	0.5092	0.3557	0.5047	0.4897	0.4896	1.0000	0.5094	0.4903	0.3618	0.5156	0.6156
0.4838	0.4843	0.4733	0.5116	0.3763	0.3613	0.5173	0.5677	0.6270	0.5092	0.3557	0.5047	0.4897	0.4896	0.9623	0.5094	0.4903	0.3618	0.5156	0.8687
0.4838	0.4843	0.7991	0.5116	0.3763	0.3613	0.0000	0.3489	0.6270	0.5092	0.3557	0.5047	0.3514	0.5147	0.5619	0.5094	0.4903	0.3618	0.5156	0.7995
0.4838	0.4843	0.3739	0.5116	0.3763	0.3613	0.6606	0.3110	0.5221	0.5092	0.3557	0.5047	0.4635	0.5147	0.2495	0.5094	0.4903	0.3618	0.5156	0.1480
0.4838	0.4843	0.3335	0.5116	0.3763	0.3613	0.6606	0.3315	0.6386	0.5092	0.6595	0.5047	0.3460	0.4989	0.7930	0.5094	0.4903	0.3618	0.5156	0.4845
0.4838	0.4843	0.3793	0.5116	0.3763	0.3613	0.7974	0.4931	0.6386	0.5092	0.5058	0.5047	0.3460	0.4989	0.4968	0.5094	0.4903	0.3618	0.3570	0.4845
0.4838	0.4843	0.1328	0.5116	0.5062	0.3613	0.6107	0.4890	0.6386	0.5092	0.5058	0.5047	0.5219	0.4989	0.6460	0.5094	0.4903	0.3666	0.3570	0.2040
0.4838	0.4843	0.4759	0.5116	0.5062	0.3613	0.6107	0.4890	0.6386	0.5092	0.5058	0.5047	0.6282	0.4989	0.5281	0.5094	0.4903	0.3666	0.3570	0.3672
0.4838	0.4843	0.5055	0.4812	0.5062	0.3613	0.6107	0.4890	0.6386	0.5092	0.5058	0.5047	0.5261	0.4989	0.6328	0.5094	0.4903	0.3666	0.3570	0.3461
0.4838	0.4843	0.5055	0.4812	0.5062	0.3613	0.6107	0.4890	0.6386	0.5092	0.5058	0.5047	0.6017	0.4989	0.6328	0.5094	0.4903	0.6542	0.3570	0.3461
0.4838	0.4843	0.5055	0.4812	0.5062	0.3613	0.6107	0.4890	0.6386	0.5092	0.5058	0.5047	0.3712	0.4989	0.5017	0.5094	0.4903	0.5271	0.3570	0.3461
0.4838	0.4843	0.5055	0.4812	0.5062	0.3613	0.6107	0.4890	0.6386	0.5092	0.5058	0.5047	0.3886	0.4989	0.5017	0.5094	0.4903	0.6769	0.3570	0.3461
0.4838	0.4843	0.4889	0.4812	0.5062	0.3613	0.5198	0.4890	0.5023	0.5092	0.5058	0.5047	0.3802	0.4989	0.4855	0.5094	0.4903	0.3694	0.3570	0.3838
0.4838	0.4843	0.4889	0.4812	0.5062	0.3613	0.5198	0.4890	0.5023	0.5092	0.5058	0.5047	0.2519	0.4989	0.4855	0.5094	0.4903	0.3694	0.3570	0.4897
0.4838	0.4843	0.4889	0.4812	0.5062	0.3613	0.5198	0.4890	0.5095	0.5092	0.5058	0.5047	0.3252	0.4989	0.4855	0.5094	0.4903	0.4750	0.3570	0.4897
0.4838	0.4843	0.4889	0.4812	0.5062	0.3613	0.5198	0.4890	0.5095	0.5092	0.5058	0.5047	0.6502	0.4989	0.4855	0.5094	0.4903	0.4750	0.3570	0.4897
0.4981	0.4843	0.4889	0.4812	0.5062	0.3613	0.4910	0.6300	0.5084	0.5092	0.5058	0.5047	0.3533	0.4989	0.4855	0.5094	0.4903	0.4750	0.3570	0.4897
0.6394	0.4843	0.4889	0.4812	0.5062	0.3613	0.4910	0.6300	0.5084	0.5092	0.5058	0.5047	0.5029	0.4989	0.4855	0.5094	0.4903	0.5050	0.3570	0.4897
0.6394	0.4843	0.4889	0.4812	0.5055	0.3613	0.4910	0.5216	0.4949	0.5092	0.5058	0.5047	0.5163	0.4989	0.4855	0.5094	0.4903	0.5050	0.3570	0.4897
0.6394	0.4843	0.4889	0.4812	0.5055	0.3613	0.5183	0.5216	0.4949	0.5092	0.5058	0.5047	0.5163	0.4989	0.4855	0.5094	0.4903	0.5050	0.3628	0.4897
0.6394	0.4843	0.4889	0.4812	0.5055	0.3613	0.5183	0.5216	0.4949	0.5092	0.5058	0.5047	0.4936	0.4989	0.4855	0.5094	0.4903	0.5050	0.3628	0.4897
0.6394	0.4843	0.4889	0.4812	0.5055	0.3613	0.5183	0.5216	0.4949	0.5092	0.5058	0.5047	0.4936	0.4989	0.4855	0.5094	0.4903	0.5050	0.3586	0.4897
0.6394	0.4843	0.4889	0.4969	0.5055	0.3613	0.5183	0.5216	0.4949	0.5092	0.5058	0.5047	0.4936	0.4989	0.4855	0.5094	0.4903	0.5050	0.6523	0.4897
0.6394	0.4843	0.4889	0.4969	0.3595	0.5160	0.5183	0.5216	0.4949	0.5092	0.5058	0.5047	0.5084	0.4989	0.4855	0.5094	0.4903	0.5050	0.6523	0.4897
0.6394	0.4843	0.4889	0.4969	0.3595	0.5160	0.5183	0.5216	0.4949	0.6554	0.5058	0.6418	0.5084	0.4989	0.4855	0.5094	0.4903	0.5050	0.6523	0.4897
0.6394	0.4843	0.4889	0.4969	0.3595	0.5160	0.5183	0.5216	0.4949	0.6554	0.5058	0.6418	0.5084	0.4989	0.4855	0.5094	0.4903	0.5050	0.6523	0.4897
0.6394	0.5042	0.4889	0.4969	0.3595	0.5160	0.5183	0.5066	0.4949	0.6554	0.5058	0.6418	0.5084	0.4989	0.4855	0.5094	0.4903	0.5050	0.6523	0.4897
0.6394	0.5042	0.4889	0.4969	0.3595	0.5160	0.5183	0.5066	0.3733	0.6554	0.5058	0.6418	0.4880	0.4989	0.4855	0.5094	0.4903	0.5050	0.6523	0.4897
0.6394	0.5042	0.4889	0.4969	0.3595	0.5160	0.5183	0.5066	0.3733	0.6554	0.5058	0.6418	0.4880	0.4989	0.4855	0.5094	0.4903	0.5050	0.6523	0.4897
0.6394	0.5042	0.4889	0.4969	0.3595	0.5160	0.5183	0.5066	0.3733	0.3472	0.5058	0.6418	0.4880	0.4989	0.4855	0.5094	0.4903	0.5050	0.6523	0.4897
0.6394	0.5042	0.4889	0.4969	0.3595	0.5160	0.5084	0.5066	0.3733	0.3472	0.5058	0.6418	0.5028	0.4989	0.4855	0.5094	0.4903	0.5050	0.6523	0.4897
0.6394	0.5042	0.4889	0.4969	0.3595	0.5160	0.5084	0.5066	0.3733	0.3472	0.3551	0.6418	0.5028	0.4989	0.4855	0.5094	0.4903	0.5050	0.6523	0.4897
0.6394	0.5042	0.4889	0.4969	0.3595	0.5160	0.5084	0.5066	0.3733	0.3472	0.5019	0.6418	0.5028	0.4989	0.4943	0.5094	0.4903	0.5050	0.6523	0.4897
0.6394	0.5042	0.4889	0.4969	0.3595	0.5160	0.5183	0.5066	0.3733	0.5021	0.5019	0.6418	0.5028	0.4989	0.4943	0.5094	0.4903	0.5050	0.6523	0.4897
0.6394	0.5042	0.4889	0.4969	0.3595	0.5160	0.5183	0.5066	0.4955	0.5021	0.5019	0.6418	0.5028	0.4989	0.4943	0.5094	0.4903	0.4955	0.6523	0.4897
0.6394	0.5042	0.4889	0.4969	0.3595	0.5160	0.5183	0.5066	0.4955	0.5196	0.5019	0.6418	0.5028	0.4989	0.4943	0.5094	0.4903	0.4955	0.6523	0.4897
0.6394	0.5042	0.4889	0.4969	0.3595	0.5160	0.5183	0.5066	0.4955	0.5196	0.5019	0.6418	0.5028	0.4989	0.4943	0.5094	0.4903	0.4955	0.6523	0.4897
0.6394	0.5042	0.4889	0.4969	0.3595	0.5160	0.6416	0.5066	0.4955	0.5196	0.5019	0.3650	0.5028	0.4989	0.4943	0.5094	0.4903	0.5052	0.6523	0.4897
0.3643	0.5042	0.4889	0.4969	0.3595	0.5160	0.6416	0.5066	0.4955	0.5196	0.5019	0.3650	0.5028	0.4989	0.4943	0.5094	0.4903	0.5052	0.6523	0.4897
0.4893	0.5042	0.4972	0.4969	0.3595	0.5160	0.6416	0.5066	0.4955	0.5196	0.5019	0.3650	0.5028	0.4989	0.4943	0.5094	0.4903	0.5052	0.6523	0.4897
0.4893	0.5042	0.4972	0.4969	0.3595	0.5160	0.6416	0.5066	0.4955	0.5196	0.5019	0.3650	0.5028	0.4989	0.4943	0.5094	0.4903	0.5052	0.6523	0.4897
0.4990	0.5042	0.4972	0.4969	0.3595	0.5160	0.6416	0.5066	0.4955	0.5196	0.5019	0.3650	0.5028	0.4989	0.4943	0.5094	0.4903	0.5052	0.6523	0.4897
0.4990	0.5042	0.4972	0.4969	0.3595	0.5160	0.6416	0.5066	0.4955	0.5252	0.5019	0.3506	0.5028	0.4989	0.4943	0.5094	0.4903	0.5052	0.6523	0.4897
0.4990	0.5042	0.4972	0.4969	0.4974	0.5160	0.6416	0.5066	0.4955	0.3495	0.5019	0.3506	0.5028	0.4989	0.4943	0.5094	0.4903	0.5052	0.6523	0.4897
0.4990	0.5042	0.4972	0.4969	0.4974	0.5160	0.6416	0.5066	0.4955	0.3495	0.5019	0.3506	0.5028	0.4989	0.4943	0.5094	0.4903	0.5052	0.6523	0.4897
0.4990	0.5042	0.4972	0.4969	0.4974	0.5160	0.6416	0.5066	0.4955	0.3495	0.5019	0.3506	0.5028	0.4989	0.4943	0.5094	0.4903	0.5052	0.6523	0.4897
0.4990	0.5042	0.4972	0.4969	0.4974	0.5160	0.6416	0.5066	0.4955	0.5146	0.5019	0.3506	0.5028	0.4989	0.4943	0.5094	0.4903	0.5052	0.6523	0.4897
0.4990	0.5042	0.4972	0.4969	0.4974	0.5160	0.6416	0.5066	0.4955	0.5146	0.5019	0.3506	0.5028	0.4989	0.4943	0.5094	0.4903	0.5052	0.6523	0.4897
0.4990	0.5042	0.4972	0.4969	0.4974	0.5160	0.6416	0.5066	0.4955	0.5146	0.5019	0.3506	0.5028	0.4989	0.4943	0.5094	0.4903	0.5052	0.6523	0.4897
0.4990	0.5042	0.4972	0.4969	0.4974	0.5160	0.6416	0.5066	0.4955	0.6516	0.5019	0.3506	0.5028	0.4989	0.4943	0.5094	0.4903	0.5052	0.6523	0.4897
0.4990	0.5042	0.4972	0.4969	0.4974	0.5025	0.6416	0.5066	0.4955	0.6516	0.5019	0.3506	0.5028	0.4989	0.4943	0.5094	0.4849	0.5052	0.6523	0.4897
0.4990	0.5042	0.4972	0.4969	0.4974	0.5025	0.6416	0.5066	0.4955	0.3592	0.5019	0.3506	0.5028	0.4989	0.4943	0.5094	0.4849	0.5052	0.6523	0.4897
0.4990	0.5042	0.4972	0.4969	0.4974	0.5025	0.6416	0.5066	0.4955	0.3592	0.5019	0.3506	0.5028	0.4989	0.4943	0.5094	0.4955	0.5052	0.6523	0.4897
0.4990	0.5042	0.4931	0.4969	0.4974	0.5025	0.6416	0.5066	0.4955	0.3592	0.5019	0.3506	0.5028	0.4989	0.4943	0.5094	0.4955	0.5052	0.6523	0.4897
0.4990	0.5042	0.4931	0.4969	0.4974	0.5025	0.6416	0.5066	0.4955	0.3592	0.5019	0.3506	0.5084	0.4989	0.4943	0.5094	0.4955	0.5052	0.6523	0.4897
0.4990	0.5042	0.4931	0.4969	0.4974	0.5025	0.6416	0.5066	0.4955	0.3592	0.5019	0.3506	0.4990	0.4989	0.6300	0.5094	0.4955	0.5052	0.6523	0.4897
0.4990	0.5042	0.4931	0.4969	0.4974	0.5025	0.6416	0.5066	0.4955	0.3592	0.5019	0.3506	0.4990	0.4989	0.6300	0.5094	0.4955	0.5052	0.6523	0.4897
0.4990	0.5042	0.4931	0.4969	0.4974	0.5025	0.6416	0.5066	0.4955	0.3592	0.5019	0.3506	0.4990	0.4989	0.6300	0.5094	0.4955	0.5052	0.6523	0.4897
0.4990	0.5042	0.4931	0.4969	0.4974	0.5025	0.6416	0.5066	0.4955	0.3592	0.5019	0.3506	0.4990	0.4989	0.6300	0.5094	0.4955	0.5052	0.5149	0.4897
0.4990	0.5042	0.4931	0.4969	0.4974	0.5025	0.6416	0.5066	0.4989	0.3592	0.5019	0.3506	0.4990	0.4989	0.6300	0.5094	0.4955	0.5052	0.5149	0.4897
0.4990	0.5042	0.4931	0.4969	0.4974	0.5025	0.5004	0.5066	0.4989	0.3592	0.5019	0.3506	0.4990	0.4989	0.6300	0.5094	0.4955	0.5052	0.5149	0.4897
0.4990	0.5042	0.4931	0.4969	0.4974	0.5025	0.5004	0.5066	0.4989	0.3592	0.5019	0.3506	0.4990	0.4989	0.6300	0.5094	0.4955	0.5052	0.5149	0.4897
0.4990	0.5042	0.4931	0.4969	0.4974	0.5025	0.5004	0.5066	0.4989	0.3592	0.5019	0.3506	0.4990	0.4989	0.6300	0.5094	0.4955	0.5052	0.5149	0.4897
0.4990	0.5042	0.4931	0.4969	0.4974	0.5025	0.5004	0.5066	0.4989	0.3592	0.5019	0.3506	0.4990	0.4989	0.6300	0.5094	0.4955	0.5052	0.5149	0.4897
0.4990	0.5042	0.4931	0.4969	0.4974	0.5025	0.5004	0.5066	0.4989	0.3592	0.5019	0.3506	0.4990	0.4989	0.6300	0.5094	0.4955	0.5052	0.5149	0.4897
0.4990	0.5042	0.4931	0.4969	0.4974	0.5025	0.5004	0.5066	0.4989	0.3592	0.5019	0.3506	0.4990	0.4989	0.6300	0.5094	0.4955	0.5052	0.5149	0.4897
0.5077	0.5042	0.4931	0.4969	0.4974	0.5025	0.5004	0.5066	0.4989	0.3592	0.5019	0.3506	0.4990	0.4989	0.5062	0.5094	0.4955	0.5052	0.5149	0.4897
0.5077	0.5042	0.4931	0.4969	0.4974	0.5025	0.5004	0.5066	0.4989	0.3592	0.5019	0.3506	0.4990	0.4989	0.5062	0.5094	0.4955	0.5052	0.5149	0.4897
0.5077	0.5042	0.4931	0.4969	0.4974	0.5025	0.5004	0.5066	0.4989	0.3592	0.5019	0.4881	0.4990	0.4989	0.5062	0.5094	0.4955	0.5052	0.5149	0.4959
0.5077	0.5042	0.4931	0.4969	0.4974	0.5025	0.5004	0.5066	0.4989	0.3592	0.5019	0.4881	0.4990	0.4989	0.5062	0.5094	0.4955	0.5052	0.5149	0.4959
0.5077	0.5042	0.4931	0.4969	0.4974	0.5025	0.5004	0.5066	0.4989	0.3592	0.5019	0.4881	0.4990	0.4989	0.5062	0.5094	0.4955	0.5052	0.5042	0.4959
0.5077	0.5042	0.4931	0.4969	0.4974	0.5025	0.5004	0.5066	0.4989	0.3592	0.5019	0.4881	0.4990	0.4989	0.5062	0.5094	0.4955	0.5052	0.5042	0.4959
0.5077	0.5042	0.4931	0.4969	0.4974	0.5025	0.5004	0.5066	0.4989	0.3592	0.5019	0.4881	0.4990	0.4989	0.5062	0.5094	0.4955	0.5052	0.5042	0.4959
